1501 
0.2986871646178998 0.035326204007708674 0.2500000002783054 
0.2986871646178998 0.035326204007708674 8.583000000278844 
0.2986871646178998 0.035326204007708674 16.916000000277563 
0.2986871646178998 0.035326204007708674 25.249000000276283 
0.2986871646178998 0.035326204007708674 33.58200000027682 
0.2986871646178998 0.035326204007708674 41.91500000027736 
0.2986871646178998 0.035326204007708674 50.24800000027608 
0.2986871646178998 0.035326204007708674 58.5810000002748 
0.2986871646178998 0.035326204007708674 66.91400000027534 
0.2986871646178998 0.035326204007708674 75.24700000027588 
0.2986871646178998 0.035326204007708674 83.5800000002746 
0.2986871646178998 0.035326204007708674 91.91300000027331 
0.2986871646178998 0.035326204007708674 100.24600000027385 
0.2986871646178998 0.035326204007708674 108.57900000027439 
0.2986871646178998 0.035326204007708674 116.91200000027311 
0.2986871646178998 0.035326204007708674 125.24500000027183 
0.2986871646178998 0.035326204007708674 133.57800000027237 
0.2986871646178998 0.035326204007708674 141.9110000002729 
0.2986871646178998 0.035326204007708674 150.24400000027163 
0.2986871646178998 0.035326204007708674 158.57700000027035 
0.2986871646178998 0.035326204007708674 166.91000000027088 
0.2986871646178998 0.035326204007708674 175.24300000027142 
0.2986871646178998 0.035326204007708674 183.57600000027014 
0.2986871646178998 0.035326204007708674 191.90900000026886 
0.2986871646178998 0.035326204007708674 200.2420000002694 
0.2986871646178998 0.035326204007708674 208.57500000026994 
0.2986871646178998 0.035326204007708674 216.90800000026866 
0.2986871646178998 0.035326204007708674 225.24100000026738 
0.2986871646178998 0.035326204007708674 233.57400000026792 
0.2986871646178998 0.035326204007708674 241.90700000026845 
0.2986871646178998 0.035326204007708674 250.24000000026717 
0.2986871646178998 0.035326204007708674 258.5730000002659 
0.2986871646178998 0.035326204007708674 266.90600000026643 
0.2986871646178998 0.035326204007708674 275.23900000026697 
0.2986871646178998 0.035326204007708674 283.5720000002657 
0.2986871646178998 0.035326204007708674 291.9050000002644 
0.2986871646178998 0.035326204007708674 300.23800000026495 
0.2986871646178998 0.035326204007708674 308.5710000002655 
0.2986871646178998 0.035326204007708674 316.9040000002642 
0.2986871646178998 0.035326204007708674 325.2370000002629 
0.2986871646178998 0.035326204007708674 333.57000000026346 
0.2986871646178998 0.035326204007708674 341.903000000264 
0.2986871646178998 0.035326204007708674 350.2360000002627 
0.2986871646178998 0.035326204007708674 358.56900000026144 
0.2986871646178998 0.035326204007708674 366.902000000262 
0.2986871646178998 0.035326204007708674 375.2350000002625 
0.2986871646178998 0.035326204007708674 383.56800000026124 
0.2986871646178998 0.035326204007708674 391.90100000025996 
0.2986871646178998 0.035326204007708674 400.2340000002605 
0.2986871646178998 0.035326204007708674 408.56700000026103 
0.2986871646178998 0.035326204007708674 416.90000000025975 
0.2986871646178998 0.035326204007708674 425.23300000025847 
0.2986871646178998 0.035326204007708674 433.566000000259 
0.2986871646178998 0.035326204007708674 441.89900000025955 
0.2986871646178998 0.035326204007708674 450.23200000025827 
0.2986871646178998 0.035326204007708674 458.565000000257 
0.2986871646178998 0.035326204007708674 466.8980000002575 
0.2986871646178998 0.035326204007708674 475.23100000025806 
0.2986871646178998 0.035326204007708674 483.5640000002568 
0.2986871646178998 0.035326204007708674 491.8970000002555 
0.2986871646178998 0.035326204007708674 500.23000000025604 
0.2986871646178998 0.035326204007708674 508.5630000002566 
0.2986871646178998 0.035326204007708674 516.8960000002553 
0.2986871646178998 0.035326204007708674 525.229000000254 
0.2986871646178998 0.035326204007708674 533.5620000002546 
0.2986871646178998 0.035326204007708674 541.8950000002551 
0.2986871646178998 0.035326204007708674 550.2280000002538 
0.2986871646178998 0.035326204007708674 558.5610000002525 
0.2986871646178998 0.035326204007708674 566.8940000002531 
0.2986871646178998 0.035326204007708674 575.2270000002536 
0.2986871646178998 0.035326204007708674 583.5600000002523 
0.2986871646178998 0.035326204007708674 591.893000000251 
0.2986871646178998 0.035326204007708674 600.2260000002516 
0.2986871646178998 0.035326204007708674 608.5590000002521 
0.2986871646178998 0.035326204007708674 616.8920000002508 
0.2986871646178998 0.035326204007708674 625.2250000002496 
0.2986871646178998 0.035326204007708674 633.5580000002501 
0.2986871646178998 0.035326204007708674 641.8910000002506 
0.2986871646178998 0.035326204007708674 650.2240000002494 
0.2986871646178998 0.035326204007708674 658.5570000002481 
0.2986871646178998 0.035326204007708674 666.8900000002486 
0.2986871646178998 0.035326204007708674 675.2230000002492 
0.2986871646178998 0.035326204007708674 683.5560000002479 
0.2986871646178998 0.035326204007708674 691.8890000002466 
0.2986871646178998 0.035326204007708674 700.2220000002471 
0.2986871646178998 0.035326204007708674 708.5550000002477 
0.2986871646178998 0.035326204007708674 716.8880000002464 
0.2986871646178998 0.035326204007708674 725.2210000002451 
0.2986871646178998 0.035326204007708674 733.5540000002457 
0.2986871646178998 0.035326204007708674 741.8870000002462 
0.2986871646178998 0.035326204007708674 750.2200000002449 
0.2986871646178998 0.035326204007708674 758.5530000002436 
0.2986871646178998 0.035326204007708674 766.8860000002442 
0.2986871646178998 0.035326204007708674 775.2190000002447 
0.2986871646178998 0.035326204007708674 783.5520000002434 
0.2986871646178998 0.035326204007708674 791.8850000002421 
0.2986871646178998 0.035326204007708674 800.2180000002427 
0.2986871646178998 0.035326204007708674 808.5510000002432 
0.2986871646178998 0.035326204007708674 816.8840000002419 
0.2986871646178998 0.035326204007708674 825.2170000002407 
0.2986871646178998 0.035326204007708674 833.5500000002412 
0.2986871646178998 0.035326204007708674 841.8830000002417 
0.2986871646178998 0.035326204007708674 850.2160000002405 
0.2986871646178998 0.035326204007708674 858.5490000002392 
0.2986871646178998 0.035326204007708674 866.8820000002397 
0.2986871646178998 0.035326204007708674 875.2150000002403 
0.2986871646178998 0.035326204007708674 883.548000000239 
0.2986871646178998 0.035326204007708674 891.8810000002377 
0.2986871646178998 0.035326204007708674 900.2140000002382 
0.2986871646178998 0.035326204007708674 908.5470000002388 
0.2986871646178998 0.035326204007708674 916.8800000002375 
0.2986871646178998 0.035326204007708674 925.2130000002362 
0.2986871646178998 0.035326204007708674 933.5460000002367 
0.2986871646178998 0.035326204007708674 941.8790000002373 
0.2986871646178998 0.035326204007708674 950.212000000236 
0.2986871646178998 0.035326204007708674 958.5450000002347 
0.2986871646178998 0.035326204007708674 966.8780000002353 
0.2986871646178998 0.035326204007708674 975.2110000002358 
0.2986871646178998 0.035326204007708674 983.5440000002345 
0.2986871646178998 0.035326204007708674 991.8770000002332 
0.2986871646178998 0.035326204007708674 1000.2100000002338 
0.2986871646178998 0.035326204007708674 1008.5430000002343 
0.2986871646178998 0.035326204007708674 1016.876000000233 
0.2986871646178998 0.035326204007708674 1025.2090000002318 
0.2986871646178998 0.035326204007708674 1033.5420000002323 
0.2986871646178998 0.035326204007708674 1041.8750000002328 
0.2986871646178998 0.035326204007708674 1050.2080000002316 
0.2986871646178998 0.035326204007708674 1058.5410000002303 
0.2986871646178998 0.035326204007708674 1066.8740000002308 
0.2986871646178998 0.035326204007708674 1075.2070000002313 
0.2986871646178998 0.035326204007708674 1083.54000000023 
0.2986871646178998 0.035326204007708674 1091.8730000002288 
0.2986871646178998 0.035326204007708674 1100.2060000002293 
0.2986871646178998 0.035326204007708674 1108.5390000002299 
0.2986871646178998 0.035326204007708674 1116.8720000002286 
0.2986871646178998 0.035326204007708674 1125.2050000002273 
0.2986871646178998 0.035326204007708674 1133.5380000002278 
0.2986871646178998 0.035326204007708674 1141.8710000002284 
0.2986871646178998 0.035326204007708674 1150.204000000227 
0.2986871646178998 0.035326204007708674 1158.5370000002258 
0.2986871646178998 0.035326204007708674 1166.8700000002264 
0.2986871646178998 0.035326204007708674 1175.203000000227 
0.2986871646178998 0.035326204007708674 1183.5360000002256 
0.2986871646178998 0.035326204007708674 1191.8690000002243 
0.2986871646178998 0.035326204007708674 1200.2020000002249 
0.2986871646178998 0.035326204007708674 1208.5350000002254 
0.2986871646178998 0.035326204007708674 1216.8680000002241 
0.2986871646178998 0.035326204007708674 1225.2010000002228 
0.2986871646178998 0.035326204007708674 1233.5340000002234 
0.2986871646178998 0.035326204007708674 1241.867000000224 
0.2986871646178998 0.035326204007708674 1250.2000000002226 
0.2986871646178998 0.035326204007708674 1258.5330000002214 
0.2986871646178998 0.035326204007708674 1266.866000000222 
0.2986871646178998 0.035326204007708674 1275.1990000002224 
0.2986871646178998 0.035326204007708674 1283.5320000002212 
0.2986871646178998 0.035326204007708674 1291.8650000002199 
0.2986871646178998 0.035326204007708674 1300.1980000002204 
0.2986871646178998 0.035326204007708674 1308.531000000221 
0.2986871646178998 0.035326204007708674 1316.8640000002197 
0.2986871646178998 0.035326204007708674 1325.1970000002184 
0.2986871646178998 0.035326204007708674 1333.530000000219 
0.2986871646178998 0.035326204007708674 1341.8630000002195 
0.2986871646178998 0.035326204007708674 1350.1960000002182 
0.2986871646178998 0.035326204007708674 1358.529000000217 
0.2986871646178998 0.035326204007708674 1366.8620000002174 
0.2986871646178998 0.035326204007708674 1375.195000000218 
0.2986871646178998 0.035326204007708674 1383.5280000002167 
0.2986871646178998 0.035326204007708674 1391.8610000002154 
0.2986871646178998 0.035326204007708674 1400.194000000216 
0.2986871646178998 0.035326204007708674 1408.5270000002165 
0.2986871646178998 0.035326204007708674 1416.8600000002152 
0.2986871646178998 0.035326204007708674 1425.193000000214 
0.2986871646178998 0.035326204007708674 1433.5260000002145 
0.2986871646178998 0.035326204007708674 1441.859000000215 
0.2986871646178998 0.035326204007708674 1450.1920000002137 
0.2986871646178998 0.035326204007708674 1458.5250000002125 
0.2986871646178998 0.035326204007708674 1466.858000000213 
0.2986871646178998 0.035326204007708674 1475.1910000002135 
0.2986871646178998 0.035326204007708674 1483.5240000002123 
0.2986871646178998 0.035326204007708674 1491.857000000211 
0.2986871646178998 0.035326204007708674 1500.1900000002115 
0.2986871646178998 0.035326204007708674 1508.523000000212 
0.2986871646178998 0.035326204007708674 1516.8560000002108 
0.2986871646178998 0.035326204007708674 1525.1890000002095 
0.2986871646178998 0.035326204007708674 1533.52200000021 
0.2986871646178998 0.035326204007708674 1541.8550000002106 
0.2986871646178998 0.035326204007708674 1550.1880000002093 
0.2986871646178998 0.035326204007708674 1558.521000000208 
0.2986871646178998 0.035326204007708674 1566.8540000002085 
0.2986871646178998 0.035326204007708674 1575.187000000209 
0.2986871646178998 0.035326204007708674 1583.5200000002078 
0.2986871646178998 0.035326204007708674 1591.8530000002065 
0.2986871646178998 0.035326204007708674 1600.186000000207 
0.2986871646178998 0.035326204007708674 1608.5190000002076 
0.2986871646178998 0.035326204007708674 1616.8520000002063 
0.2986871646178998 0.035326204007708674 1625.185000000205 
0.2986871646178998 0.035326204007708674 1633.5180000002056 
0.2986871646178998 0.035326204007708674 1641.851000000206 
0.2986871646178998 0.035326204007708674 1650.1840000002048 
0.2986871646178998 0.035326204007708674 1658.5170000002036 
0.2986871646178998 0.035326204007708674 1666.850000000204 
0.2986871646178998 0.035326204007708674 1675.1830000002046 
0.2986871646178998 0.035326204007708674 1683.5160000002033 
0.2986871646178998 0.035326204007708674 1691.849000000202 
0.2986871646178998 0.035326204007708674 1700.1820000002026 
0.2986871646178998 0.035326204007708674 1708.5150000002031 
0.2986871646178998 0.035326204007708674 1716.8480000002019 
0.2986871646178998 0.035326204007708674 1725.1810000002006 
0.2986871646178998 0.035326204007708674 1733.5140000002011 
0.2986871646178998 0.035326204007708674 1741.8470000002017 
0.2986871646178998 0.035326204007708674 1750.1800000002004 
0.2986871646178998 0.035326204007708674 1758.513000000199 
0.2986871646178998 0.035326204007708674 1766.8460000001996 
0.2986871646178998 0.035326204007708674 1775.1790000002002 
0.2986871646178998 0.035326204007708674 1783.512000000199 
0.2986871646178998 0.035326204007708674 1791.8450000001976 
0.2986871646178998 0.035326204007708674 1800.1780000001982 
0.2986871646178998 0.035326204007708674 1808.5110000001987 
0.2986871646178998 0.035326204007708674 1816.8440000001974 
0.2986871646178998 0.035326204007708674 1825.1770000001961 
0.2986871646178998 0.035326204007708674 1833.5100000001967 
0.2986871646178998 0.035326204007708674 1841.8430000001972 
0.2986871646178998 0.035326204007708674 1850.176000000196 
0.2986871646178998 0.035326204007708674 1858.5090000001946 
0.2986871646178998 0.035326204007708674 1866.8420000001952 
0.2986871646178998 0.035326204007708674 1875.1750000001957 
0.2986871646178998 0.035326204007708674 1883.5080000001944 
0.2986871646178998 0.035326204007708674 1891.8410000001932 
0.2986871646178998 0.035326204007708674 1900.1740000001937 
0.2986871646178998 0.035326204007708674 1908.5070000001942 
0.2986871646178998 0.035326204007708674 1916.840000000193 
0.2986871646178998 0.035326204007708674 1925.1730000001917 
0.2986871646178998 0.035326204007708674 1933.5060000001922 
0.2986871646178998 0.035326204007708674 1941.8390000001928 
0.2986871646178998 0.035326204007708674 1950.1720000001915 
0.2986871646178998 0.035326204007708674 1958.5050000001902 
0.2986871646178998 0.035326204007708674 1966.8380000001907 
0.2986871646178998 0.035326204007708674 1975.1710000001913 
0.2986871646178998 0.035326204007708674 1983.50400000019 
0.2986871646178998 0.035326204007708674 1991.8370000001887 
0.2986871646178998 0.035326204007708674 2000.1700000001892 
0.2986871646178998 0.035326204007708674 2008.5030000001898 
0.2986871646178998 0.035326204007708674 2016.8360000001885 
0.2986871646178998 0.035326204007708674 2025.1690000001872 
0.2986871646178998 0.035326204007708674 2033.5020000001878 
0.2986871646178998 0.035326204007708674 2041.8350000001883 
0.2986871646178998 0.035326204007708674 2050.168000000187 
0.2986871646178998 0.035326204007708674 2058.5010000001857 
0.2986871646178998 0.035326204007708674 2066.8340000001863 
0.2986871646178998 0.035326204007708674 2075.167000000187 
0.2986871646178998 0.035326204007708674 2083.5000000001855 
0.2986871646178998 0.035326204007708674 2091.8330000001843 
0.2986871646178998 0.035326204007708674 2100.166000000185 
0.2986871646178998 0.035326204007708674 2108.4990000001853 
0.2986871646178998 0.035326204007708674 2116.832000000184 
0.2986871646178998 0.035326204007708674 2125.1650000001828 
0.2986871646178998 0.035326204007708674 2133.4980000001833 
0.2986871646178998 0.035326204007708674 2141.831000000184 
0.2986871646178998 0.035326204007708674 2150.1640000001826 
0.2986871646178998 0.035326204007708674 2158.4970000001813 
0.2986871646178998 0.035326204007708674 2166.830000000182 
0.2986871646178998 0.035326204007708674 2175.1630000001824 
0.2986871646178998 0.035326204007708674 2183.496000000181 
0.2986871646178998 0.035326204007708674 2191.82900000018 
0.2986871646178998 0.035326204007708674 2200.1620000001803 
0.2986871646178998 0.035326204007708674 2208.495000000181 
0.2986871646178998 0.035326204007708674 2216.8280000001796 
0.2986871646178998 0.035326204007708674 2225.1610000001783 
0.2986871646178998 0.035326204007708674 2233.494000000179 
0.2986871646178998 0.035326204007708674 2241.8270000001794 
0.2986871646178998 0.035326204007708674 2250.160000000178 
0.2986871646178998 0.035326204007708674 2258.493000000177 
0.2986871646178998 0.035326204007708674 2266.8260000001774 
0.2986871646178998 0.035326204007708674 2275.159000000178 
0.2986871646178998 0.035326204007708674 2283.4920000001766 
0.2986871646178998 0.035326204007708674 2291.8250000001754 
0.2986871646178998 0.035326204007708674 2300.158000000176 
0.2986871646178998 0.035326204007708674 2308.4910000001764 
0.2986871646178998 0.035326204007708674 2316.824000000175 
0.2986871646178998 0.035326204007708674 2325.157000000174 
0.2986871646178998 0.035326204007708674 2333.4900000001744 
0.2986871646178998 0.035326204007708674 2341.823000000175 
0.2986871646178998 0.035326204007708674 2350.1560000001737 
0.2986871646178998 0.035326204007708674 2358.4890000001724 
0.2986871646178998 0.035326204007708674 2366.822000000173 
0.2986871646178998 0.035326204007708674 2375.1550000001735 
0.2986871646178998 0.035326204007708674 2383.488000000172 
0.2986871646178998 0.035326204007708674 2391.821000000171 
0.2986871646178998 0.035326204007708674 2400.1540000001714 
0.2986871646178998 0.035326204007708674 2408.487000000172 
0.2986871646178998 0.035326204007708674 2416.8200000001707 
0.2986871646178998 0.035326204007708674 2425.1530000001694 
0.2986871646178998 0.035326204007708674 2433.48600000017 
0.2986871646178998 0.035326204007708674 2441.8190000001705 
0.2986871646178998 0.035326204007708674 2450.152000000169 
0.2986871646178998 0.035326204007708674 2458.485000000168 
0.2986871646178998 0.035326204007708674 2466.8180000001685 
0.2986871646178998 0.035326204007708674 2475.151000000169 
0.2986871646178998 0.035326204007708674 2483.4840000001677 
0.2986871646178998 0.035326204007708674 2491.8170000001664 
0.2986871646178998 0.035326204007708674 2500.150000000167 
0.2986871646178998 0.035326204007708674 2508.4830000001675 
0.2986871646178998 0.035326204007708674 2516.8160000001662 
0.2986871646178998 0.035326204007708674 2525.149000000165 
0.2986871646178998 0.035326204007708674 2533.4820000001655 
0.2986871646178998 0.035326204007708674 2541.815000000166 
0.2986871646178998 0.035326204007708674 2550.1480000001648 
0.2986871646178998 0.035326204007708674 2558.4810000001635 
0.2986871646178998 0.035326204007708674 2566.814000000164 
0.2986871646178998 0.035326204007708674 2575.1470000001646 
0.2986871646178998 0.035326204007708674 2583.4800000001633 
0.2986871646178998 0.035326204007708674 2591.813000000162 
0.2986871646178998 0.035326204007708674 2600.1460000001625 
0.2986871646178998 0.035326204007708674 2608.479000000163 
0.2986871646178998 0.035326204007708674 2616.812000000162 
0.2986871646178998 0.035326204007708674 2625.1450000001605 
0.2986871646178998 0.035326204007708674 2633.478000000161 
0.2986871646178998 0.035326204007708674 2641.8110000001616 
0.2986871646178998 0.035326204007708674 2650.1440000001603 
0.2986871646178998 0.035326204007708674 2658.477000000159 
0.2986871646178998 0.035326204007708674 2666.8100000001596 
0.2986871646178998 0.035326204007708674 2675.14300000016 
0.2986871646178998 0.035326204007708674 2683.476000000159 
0.2986871646178998 0.035326204007708674 2691.8090000001575 
0.2986871646178998 0.035326204007708674 2700.142000000158 
0.2986871646178998 0.035326204007708674 2708.4750000001586 
0.2986871646178998 0.035326204007708674 2716.8080000001573 
0.2986871646178998 0.035326204007708674 2725.141000000156 
0.2986871646178998 0.035326204007708674 2733.4740000001566 
0.2986871646178998 0.035326204007708674 2741.807000000157 
0.2986871646178998 0.035326204007708674 2750.140000000156 
0.2986871646178998 0.035326204007708674 2758.4730000001546 
0.2986871646178998 0.035326204007708674 2766.806000000155 
0.2986871646178998 0.035326204007708674 2775.1390000001556 
0.2986871646178998 0.035326204007708674 2783.4720000001544 
0.2986871646178998 0.035326204007708674 2791.805000000153 
0.2986871646178998 0.035326204007708674 2800.1380000001536 
0.2986871646178998 0.035326204007708674 2808.471000000154 
0.2986871646178998 0.035326204007708674 2816.804000000153 
0.2986871646178998 0.035326204007708674 2825.1370000001516 
0.2986871646178998 0.035326204007708674 2833.470000000152 
0.2986871646178998 0.035326204007708674 2841.8030000001527 
0.2986871646178998 0.035326204007708674 2850.1360000001514 
0.2986871646178998 0.035326204007708674 2858.46900000015 
0.2986871646178998 0.035326204007708674 2866.8020000001507 
0.2986871646178998 0.035326204007708674 2875.135000000151 
0.2986871646178998 0.035326204007708674 2883.46800000015 
0.2986871646178998 0.035326204007708674 2891.8010000001486 
0.2986871646178998 0.035326204007708674 2900.134000000149 
0.2986871646178998 0.035326204007708674 2908.4670000001497 
0.2986871646178998 0.035326204007708674 2916.8000000001484 
0.2986871646178998 0.035326204007708674 2925.133000000147 
0.2986871646178998 0.035326204007708674 2933.4660000001477 
0.2986871646178998 0.035326204007708674 2941.799000000148 
0.2986871646178998 0.035326204007708674 2950.132000000147 
0.2986871646178998 0.035326204007708674 2958.4650000001457 
0.2986871646178998 0.035326204007708674 2966.798000000146 
0.2986871646178998 0.035326204007708674 2975.1310000001467 
0.2986871646178998 0.035326204007708674 2983.4640000001455 
0.2986871646178998 0.035326204007708674 2991.797000000144 
0.2986871646178998 0.035326204007708674 3000.1300000001447 
0.2986871646178998 0.035326204007708674 3008.4630000001453 
0.2986871646178998 0.035326204007708674 3016.796000000144 
0.2986871646178998 0.035326204007708674 3025.1290000001427 
0.2986871646178998 0.035326204007708674 3033.4620000001432 
0.2986871646178998 0.035326204007708674 3041.795000000144 
0.2986871646178998 0.035326204007708674 3050.1280000001425 
0.2986871646178998 0.035326204007708674 3058.461000000141 
0.2986871646178998 0.035326204007708674 3066.7940000001418 
0.2986871646178998 0.035326204007708674 3075.1270000001423 
0.2986871646178998 0.035326204007708674 3083.460000000141 
0.2986871646178998 0.035326204007708674 3091.7930000001397 
0.2986871646178998 0.035326204007708674 3100.1260000001403 
0.2986871646178998 0.035326204007708674 3108.459000000141 
0.2986871646178998 0.035326204007708674 3116.7920000001395 
0.2986871646178998 0.035326204007708674 3125.1250000001382 
0.2986871646178998 0.035326204007708674 3133.458000000139 
0.2986871646178998 0.035326204007708674 3141.7910000001393 
0.2986871646178998 0.035326204007708674 3150.124000000138 
0.2986871646178998 0.035326204007708674 3158.4570000001368 
0.2986871646178998 0.035326204007708674 3166.7900000001373 
0.2986871646178998 0.035326204007708674 3175.123000000138 
0.2986871646178998 0.035326204007708674 3183.4560000001366 
0.2986871646178998 0.035326204007708674 3191.7890000001353 
0.2986871646178998 0.035326204007708674 3200.122000000136 
0.2986871646178998 0.035326204007708674 3208.4550000001364 
0.2986871646178998 0.035326204007708674 3216.788000000135 
0.2986871646178998 0.035326204007708674 3225.121000000134 
0.2986871646178998 0.035326204007708674 3233.4540000001343 
0.2986871646178998 0.035326204007708674 3241.787000000135 
0.2986871646178998 0.035326204007708674 3250.1200000001336 
0.2986871646178998 0.035326204007708674 3258.4530000001323 
0.2986871646178998 0.035326204007708674 3266.786000000133 
0.2986871646178998 0.035326204007708674 3275.1190000001334 
0.2986871646178998 0.035326204007708674 3283.452000000132 
0.2986871646178998 0.035326204007708674 3291.785000000131 
0.2986871646178998 0.035326204007708674 3300.1180000001314 
0.2986871646178998 0.035326204007708674 3308.451000000132 
0.2986871646178998 0.035326204007708674 3316.7840000001306 
0.2986871646178998 0.035326204007708674 3325.1170000001293 
0.2986871646178998 0.035326204007708674 3333.45000000013 
0.2986871646178998 0.035326204007708674 3341.7830000001304 
0.2986871646178998 0.035326204007708674 3350.116000000129 
0.2986871646178998 0.035326204007708674 3358.449000000128 
0.2986871646178998 0.035326204007708674 3366.7820000001284 
0.2986871646178998 0.035326204007708674 3375.115000000129 
0.2986871646178998 0.035326204007708674 3383.4480000001276 
0.2986871646178998 0.035326204007708674 3391.7810000001264 
0.2986871646178998 0.035326204007708674 3400.114000000127 
0.2986871646178998 0.035326204007708674 3408.4470000001274 
0.2986871646178998 0.035326204007708674 3416.780000000126 
0.2986871646178998 0.035326204007708674 3425.113000000125 
0.2986871646178998 0.035326204007708674 3433.4460000001254 
0.2986871646178998 0.035326204007708674 3441.779000000126 
0.2986871646178998 0.035326204007708674 3450.1120000001247 
0.2986871646178998 0.035326204007708674 3458.4450000001234 
0.2986871646178998 0.035326204007708674 3466.778000000124 
0.2986871646178998 0.035326204007708674 3475.1110000001245 
0.2986871646178998 0.035326204007708674 3483.444000000123 
0.2986871646178998 0.035326204007708674 3491.777000000122 
0.2986871646178998 0.035326204007708674 3500.1100000001225 
0.2986871646178998 0.035326204007708674 3508.443000000123 
0.2986871646178998 0.035326204007708674 3516.7760000001217 
0.2986871646178998 0.035326204007708674 3525.1090000001204 
0.2986871646178998 0.035326204007708674 3533.442000000121 
0.2986871646178998 0.035326204007708674 3541.7750000001215 
0.2986871646178998 0.035326204007708674 3550.1080000001202 
0.2986871646178998 0.035326204007708674 3558.441000000119 
0.2986871646178998 0.035326204007708674 3566.7740000001195 
0.2986871646178998 0.035326204007708674 3575.10700000012 
0.2986871646178998 0.035326204007708674 3583.4400000001187 
0.2986871646178998 0.035326204007708674 3591.7730000001175 
0.2986871646178998 0.035326204007708674 3600.106000000118 
0.2986871646178998 0.035326204007708674 3608.4390000001185 
0.2986871646178998 0.035326204007708674 3616.7720000001173 
0.2986871646178998 0.035326204007708674 3625.105000000116 
0.2986871646178998 0.035326204007708674 3633.4380000001165 
0.2986871646178998 0.035326204007708674 3641.771000000117 
0.2986871646178998 0.035326204007708674 3650.104000000116 
0.2986871646178998 0.035326204007708674 3658.4370000001145 
0.2986871646178998 0.035326204007708674 3666.770000000115 
0.2986871646178998 0.035326204007708674 3675.1030000001156 
0.2986871646178998 0.035326204007708674 3683.4360000001143 
0.2986871646178998 0.035326204007708674 3691.769000000113 
0.2986871646178998 0.035326204007708674 3700.1020000001135 
0.2986871646178998 0.035326204007708674 3708.435000000114 
0.2986871646178998 0.035326204007708674 3716.768000000113 
0.2986871646178998 0.035326204007708674 3725.1010000001115 
0.2986871646178998 0.035326204007708674 3733.434000000112 
0.2986871646178998 0.035326204007708674 3741.7670000001126 
0.2986871646178998 0.035326204007708674 3750.1000000001113 
0.2986871646178998 0.035326204007708674 3758.43300000011 
0.2986871646178998 0.035326204007708674 3766.7660000001106 
0.2986871646178998 0.035326204007708674 3775.099000000111 
0.2986871646178998 0.035326204007708674 3783.43200000011 
0.2986871646178998 0.035326204007708674 3791.7650000001086 
0.2986871646178998 0.035326204007708674 3800.098000000109 
0.2986871646178998 0.035326204007708674 3808.4310000001096 
0.2986871646178998 0.035326204007708674 3816.7640000001084 
0.2986871646178998 0.035326204007708674 3825.097000000107 
0.2986871646178998 0.035326204007708674 3833.4300000001076 
0.2986871646178998 0.035326204007708674 3841.763000000108 
0.2986871646178998 0.035326204007708674 3850.096000000107 
0.2986871646178998 0.035326204007708674 3858.4290000001056 
0.2986871646178998 0.035326204007708674 3866.762000000106 
0.2986871646178998 0.035326204007708674 3875.0950000001067 
0.2986871646178998 0.035326204007708674 3883.4280000001054 
0.2986871646178998 0.035326204007708674 3891.761000000104 
0.2986871646178998 0.035326204007708674 3900.0940000001046 
0.2986871646178998 0.035326204007708674 3908.427000000105 
0.2986871646178998 0.035326204007708674 3916.760000000104 
0.2986871646178998 0.035326204007708674 3925.0930000001026 
0.2986871646178998 0.035326204007708674 3933.426000000103 
0.2986871646178998 0.035326204007708674 3941.7590000001037 
0.2986871646178998 0.035326204007708674 3950.0920000001024 
0.2986871646178998 0.035326204007708674 3958.425000000101 
0.2986871646178998 0.035326204007708674 3966.7580000001017 
0.2986871646178998 0.035326204007708674 3975.091000000102 
0.2986871646178998 0.035326204007708674 3983.424000000101 
0.2986871646178998 0.035326204007708674 3991.7570000000997 
0.2986871646178998 0.035326204007708674 4000.0900000001 
0.2986871646178998 0.035326204007708674 4008.4230000001007 
0.2986871646178998 0.035326204007708674 4016.7560000000994 
0.2986871646178998 0.035326204007708674 4025.089000000098 
0.2986871646178998 0.035326204007708674 4033.4220000000987 
0.2986871646178998 0.035326204007708674 4041.7550000000992 
0.2986871646178998 0.035326204007708674 4050.088000000098 
0.2986871646178998 0.035326204007708674 4058.4210000000967 
0.2986871646178998 0.035326204007708674 4066.754000000097 
0.2986871646178998 0.035326204007708674 4075.0870000000978 
0.2986871646178998 0.035326204007708674 4083.4200000000965 
0.2986871646178998 0.035326204007708674 4091.753000000095 
0.2986871646178998 0.035326204007708674 4100.086000000096 
0.2986871646178998 0.035326204007708674 4108.419000000096 
0.2986871646178998 0.035326204007708674 4116.752000000095 
0.2986871646178998 0.035326204007708674 4125.085000000094 
0.2986871646178998 0.035326204007708674 4133.418000000094 
0.2986871646178998 0.035326204007708674 4141.751000000095 
0.2986871646178998 0.035326204007708674 4150.0840000000935 
0.2986871646178998 0.035326204007708674 4158.417000000092 
0.2986871646178998 0.035326204007708674 4166.750000000093 
0.2986871646178998 0.035326204007708674 4175.083000000093 
0.2986871646178998 0.035326204007708674 4183.416000000092 
0.2986871646178998 0.035326204007708674 4191.749000000091 
0.2986871646178998 0.035326204007708674 4200.082000000091 
0.2986871646178998 0.035326204007708674 4208.415000000092 
0.2986871646178998 0.035326204007708674 4216.7480000000905 
0.2986871646178998 0.035326204007708674 4225.081000000089 
0.2986871646178998 0.035326204007708674 4233.41400000009 
0.2986871646178998 0.035326204007708674 4241.74700000009 
0.2986871646178998 0.035326204007708674 4250.080000000089 
0.2986871646178998 0.035326204007708674 4258.413000000088 
0.2986871646178998 0.035326204007708674 4266.746000000088 
0.2986871646178998 0.035326204007708674 4275.079000000089 
0.2986871646178998 0.035326204007708674 4283.412000000088 
0.2986871646178998 0.035326204007708674 4291.745000000086 
0.2986871646178998 0.035326204007708674 4300.078000000087 
0.2986871646178998 0.035326204007708674 4308.4110000000865 
0.2986871646178998 0.035326204007708674 4316.744000000086 
0.2986871646178998 0.035326204007708674 4325.077000000086 
0.2986871646178998 0.035326204007708674 4333.410000000085 
0.2986871646178998 0.035326204007708674 4341.743000000085 
0.2986871646178998 0.035326204007708674 4350.076000000085 
0.2986871646178998 0.035326204007708674 4358.409000000084 
0.2986871646178998 0.035326204007708674 4366.742000000084 
0.2986871646178998 0.035326204007708674 4375.0750000000835 
0.2986871646178998 0.035326204007708674 4383.408000000083 
0.2986871646178998 0.035326204007708674 4391.741000000083 
0.2986871646178998 0.035326204007708674 4400.074000000082 
0.2986871646178998 0.035326204007708674 4408.407000000082 
0.2986871646178998 0.035326204007708674 4416.740000000082 
0.2986871646178998 0.035326204007708674 4425.073000000081 
0.2986871646178998 0.035326204007708674 4433.406000000081 
0.2986871646178998 0.035326204007708674 4441.7390000000805 
0.2986871646178998 0.035326204007708674 4450.07200000008 
0.2986871646178998 0.035326204007708674 4458.40500000008 
0.2986871646178998 0.035326204007708674 4466.738000000079 
0.2986871646178998 0.035326204007708674 4475.071000000079 
0.2986871646178998 0.035326204007708674 4483.404000000079 
0.2986871646178998 0.035326204007708674 4491.737000000078 
0.2986871646178998 0.035326204007708674 4500.070000000078 
0.2986871646178998 0.035326204007708674 4508.403000000078 
0.2986871646178998 0.035326204007708674 4516.736000000077 
0.2986871646178998 0.035326204007708674 4525.069000000077 
0.2986871646178998 0.035326204007708674 4533.402000000076 
0.2986871646178998 0.035326204007708674 4541.735000000076 
0.2986871646178998 0.035326204007708674 4550.068000000076 
0.2986871646178998 0.035326204007708674 4558.401000000075 
0.2986871646178998 0.035326204007708674 4566.734000000075 
0.2986871646178998 0.035326204007708674 4575.067000000075 
0.2986871646178998 0.035326204007708674 4583.400000000074 
0.2986871646178998 0.035326204007708674 4591.733000000074 
0.2986871646178998 0.035326204007708674 4600.0660000000735 
0.2986871646178998 0.035326204007708674 4608.399000000073 
0.2986871646178998 0.035326204007708674 4616.732000000073 
0.2986871646178998 0.035326204007708674 4625.065000000072 
0.2986871646178998 0.035326204007708674 4633.398000000072 
0.2986871646178998 0.035326204007708674 4641.731000000072 
0.2986871646178998 0.035326204007708674 4650.064000000071 
0.2986871646178998 0.035326204007708674 4658.397000000071 
0.2986871646178998 0.035326204007708674 4666.7300000000705 
0.2986871646178998 0.035326204007708674 4675.06300000007 
0.2986871646178998 0.035326204007708674 4683.39600000007 
0.2986871646178998 0.035326204007708674 4691.729000000069 
0.2986871646178998 0.035326204007708674 4700.062000000069 
0.2986871646178998 0.035326204007708674 4708.395000000069 
0.2986871646178998 0.035326204007708674 4716.728000000068 
0.2986871646178998 0.035326204007708674 4725.061000000068 
0.2986871646178998 0.035326204007708674 4733.3940000000675 
0.2986871646178998 0.035326204007708674 4741.727000000067 
0.2986871646178998 0.035326204007708674 4750.060000000067 
0.2986871646178998 0.035326204007708674 4758.393000000066 
0.2986871646178998 0.035326204007708674 4766.726000000066 
0.2986871646178998 0.035326204007708674 4775.059000000066 
0.2986871646178998 0.035326204007708674 4783.392000000065 
0.2986871646178998 0.035326204007708674 4791.725000000065 
0.2986871646178998 0.035326204007708674 4800.058000000065 
0.2986871646178998 0.035326204007708674 4808.391000000064 
0.2986871646178998 0.035326204007708674 4816.724000000064 
0.2986871646178998 0.035326204007708674 4825.057000000063 
0.2986871646178998 0.035326204007708674 4833.390000000063 
0.2986871646178998 0.035326204007708674 4841.723000000063 
0.2986871646178998 0.035326204007708674 4850.056000000062 
0.2986871646178998 0.035326204007708674 4858.389000000062 
0.2986871646178998 0.035326204007708674 4866.722000000062 
0.2986871646178998 0.035326204007708674 4875.055000000061 
0.2986871646178998 0.035326204007708674 4883.388000000061 
0.2986871646178998 0.035326204007708674 4891.7210000000605 
0.2986871646178998 0.035326204007708674 4900.05400000006 
0.2986871646178998 0.035326204007708674 4908.38700000006 
0.2986871646178998 0.035326204007708674 4916.720000000059 
0.2986871646178998 0.035326204007708674 4925.053000000059 
0.2986871646178998 0.035326204007708674 4933.386000000059 
0.2986871646178998 0.035326204007708674 4941.719000000058 
0.2986871646178998 0.035326204007708674 4950.052000000058 
0.2986871646178998 0.035326204007708674 4958.3850000000575 
0.2986871646178998 0.035326204007708674 4966.718000000057 
0.2986871646178998 0.035326204007708674 4975.051000000057 
0.2986871646178998 0.035326204007708674 4983.384000000056 
0.2986871646178998 0.035326204007708674 4991.717000000056 
0.2986871646178998 0.035326204007708674 5000.050000000056 
0.2986871646178998 0.035326204007708674 5008.383000000055 
0.2986871646178998 0.035326204007708674 5016.716000000055 
0.2986871646178998 0.035326204007708674 5025.049000000055 
0.2986871646178998 0.035326204007708674 5033.382000000054 
0.2986871646178998 0.035326204007708674 5041.715000000054 
0.2986871646178998 0.035326204007708674 5050.048000000053 
0.2986871646178998 0.035326204007708674 5058.381000000053 
0.2986871646178998 0.035326204007708674 5066.714000000053 
0.2986871646178998 0.035326204007708674 5075.047000000052 
0.2986871646178998 0.035326204007708674 5083.380000000052 
0.2986871646178998 0.035326204007708674 5091.713000000052 
0.2986871646178998 0.035326204007708674 5100.046000000051 
0.2986871646178998 0.035326204007708674 5108.379000000051 
0.2986871646178998 0.035326204007708674 5116.7120000000505 
0.2986871646178998 0.035326204007708674 5125.04500000005 
0.2986871646178998 0.035326204007708674 5133.37800000005 
0.2986871646178998 0.035326204007708674 5141.711000000049 
0.2986871646178998 0.035326204007708674 5150.044000000049 
0.2986871646178998 0.035326204007708674 5158.377000000049 
0.2986871646178998 0.035326204007708674 5166.710000000048 
0.2986871646178998 0.035326204007708674 5175.043000000048 
0.2986871646178998 0.035326204007708674 5183.3760000000475 
0.2986871646178998 0.035326204007708674 5191.709000000047 
0.2986871646178998 0.035326204007708674 5200.042000000047 
0.2986871646178998 0.035326204007708674 5208.375000000046 
0.2986871646178998 0.035326204007708674 5216.708000000046 
0.2986871646178998 0.035326204007708674 5225.041000000046 
0.2986871646178998 0.035326204007708674 5233.374000000045 
0.2986871646178998 0.035326204007708674 5241.707000000045 
0.2986871646178998 0.035326204007708674 5250.0400000000445 
0.2986871646178998 0.035326204007708674 5258.373000000044 
0.2986871646178998 0.035326204007708674 5266.706000000044 
0.2986871646178998 0.035326204007708674 5275.039000000043 
0.2986871646178998 0.035326204007708674 5283.372000000043 
0.2986871646178998 0.035326204007708674 5291.705000000043 
0.2986871646178998 0.035326204007708674 5300.038000000042 
0.2986871646178998 0.035326204007708674 5308.371000000042 
0.2986871646178998 0.035326204007708674 5316.704000000042 
0.2986871646178998 0.035326204007708674 5325.037000000041 
0.2986871646178998 0.035326204007708674 5333.370000000041 
0.2986871646178998 0.035326204007708674 5341.70300000004 
0.2986871646178998 0.035326204007708674 5350.03600000004 
0.2986871646178998 0.035326204007708674 5358.36900000004 
0.2986871646178998 0.035326204007708674 5366.702000000039 
0.2986871646178998 0.035326204007708674 5375.035000000039 
0.2986871646178998 0.035326204007708674 5383.368000000039 
0.2986871646178998 0.035326204007708674 5391.701000000038 
0.2986871646178998 0.035326204007708674 5400.034000000038 
0.2986871646178998 0.035326204007708674 5408.3670000000375 
0.2986871646178998 0.035326204007708674 5416.700000000037 
0.2986871646178998 0.035326204007708674 5425.033000000037 
0.2986871646178998 0.035326204007708674 5433.366000000036 
0.2986871646178998 0.035326204007708674 5441.699000000036 
0.2986871646178998 0.035326204007708674 5450.032000000036 
0.2986871646178998 0.035326204007708674 5458.365000000035 
0.2986871646178998 0.035326204007708674 5466.698000000035 
0.2986871646178998 0.035326204007708674 5475.0310000000345 
0.2986871646178998 0.035326204007708674 5483.364000000034 
0.2986871646178998 0.035326204007708674 5491.697000000034 
0.2986871646178998 0.035326204007708674 5500.030000000033 
0.2986871646178998 0.035326204007708674 5508.363000000033 
0.2986871646178998 0.035326204007708674 5516.696000000033 
0.2986871646178998 0.035326204007708674 5525.029000000032 
0.2986871646178998 0.035326204007708674 5533.362000000032 
0.2986871646178998 0.035326204007708674 5541.6950000000315 
0.2986871646178998 0.035326204007708674 5550.028000000031 
0.2986871646178998 0.035326204007708674 5558.361000000031 
0.2986871646178998 0.035326204007708674 5566.69400000003 
0.2986871646178998 0.035326204007708674 5575.02700000003 
0.2986871646178998 0.035326204007708674 5583.36000000003 
0.2986871646178998 0.035326204007708674 5591.693000000029 
0.2986871646178998 0.035326204007708674 5600.026000000029 
0.2986871646178998 0.035326204007708674 5608.359000000029 
0.2986871646178998 0.035326204007708674 5616.692000000028 
0.2986871646178998 0.035326204007708674 5625.025000000028 
0.2986871646178998 0.035326204007708674 5633.3580000000275 
0.2986871646178998 0.035326204007708674 5641.691000000027 
0.2986871646178998 0.035326204007708674 5650.024000000027 
0.2986871646178998 0.035326204007708674 5658.357000000026 
0.2986871646178998 0.035326204007708674 5666.690000000026 
0.2986871646178998 0.035326204007708674 5675.023000000026 
0.2986871646178998 0.035326204007708674 5683.356000000025 
0.2986871646178998 0.035326204007708674 5691.689000000025 
0.2986871646178998 0.035326204007708674 5700.0220000000245 
0.2986871646178998 0.035326204007708674 5708.355000000024 
0.2986871646178998 0.035326204007708674 5716.688000000024 
0.2986871646178998 0.035326204007708674 5725.021000000023 
0.2986871646178998 0.035326204007708674 5733.354000000023 
0.2986871646178998 0.035326204007708674 5741.687000000023 
0.2986871646178998 0.035326204007708674 5750.020000000022 
0.2986871646178998 0.035326204007708674 5758.353000000022 
0.2986871646178998 0.035326204007708674 5766.6860000000215 
0.2986871646178998 0.035326204007708674 5775.019000000021 
0.2986871646178998 0.035326204007708674 5783.352000000021 
0.2986871646178998 0.035326204007708674 5791.68500000002 
0.2986871646178998 0.035326204007708674 5800.01800000002 
0.2986871646178998 0.035326204007708674 5808.35100000002 
0.2986871646178998 0.035326204007708674 5816.684000000019 
0.2986871646178998 0.035326204007708674 5825.017000000019 
0.2986871646178998 0.035326204007708674 5833.350000000019 
0.2986871646178998 0.035326204007708674 5841.683000000018 
0.2986871646178998 0.035326204007708674 5850.016000000018 
0.2986871646178998 0.035326204007708674 5858.349000000017 
0.2986871646178998 0.035326204007708674 5866.682000000017 
0.2986871646178998 0.035326204007708674 5875.015000000017 
0.2986871646178998 0.035326204007708674 5883.348000000016 
0.2986871646178998 0.035326204007708674 5891.681000000016 
0.2986871646178998 0.035326204007708674 5900.014000000016 
0.2986871646178998 0.035326204007708674 5908.347000000015 
0.2986871646178998 0.035326204007708674 5916.680000000015 
0.2986871646178998 0.035326204007708674 5925.0130000000145 
0.2986871646178998 0.035326204007708674 5933.346000000014 
0.2986871646178998 0.035326204007708674 5941.679000000014 
0.2986871646178998 0.035326204007708674 5950.012000000013 
0.2986871646178998 0.035326204007708674 5958.345000000013 
0.2986871646178998 0.035326204007708674 5966.678000000013 
0.2986871646178998 0.035326204007708674 5975.011000000012 
0.2986871646178998 0.035326204007708674 5983.344000000012 
0.2986871646178998 0.035326204007708674 5991.6770000000115 
0.2986871646178998 0.035326204007708674 6000.010000000011 
0.2986871646178998 0.035326204007708674 6008.343000000011 
0.2986871646178998 0.035326204007708674 6016.67600000001 
0.2986871646178998 0.035326204007708674 6025.00900000001 
0.2986871646178998 0.035326204007708674 6033.34200000001 
0.2986871646178998 0.035326204007708674 6041.675000000009 
0.2986871646178998 0.035326204007708674 6050.008000000009 
0.2986871646178998 0.035326204007708674 6058.3410000000085 
0.2986871646178998 0.035326204007708674 6066.674000000008 
0.2986871646178998 0.035326204007708674 6075.007000000008 
0.2986871646178998 0.035326204007708674 6083.340000000007 
0.2986871646178998 0.035326204007708674 6091.673000000007 
0.2986871646178998 0.035326204007708674 6100.006000000007 
0.2986871646178998 0.035326204007708674 6108.339000000006 
0.2986871646178998 0.035326204007708674 6116.672000000006 
0.2986871646178998 0.035326204007708674 6125.005000000006 
0.2986871646178998 0.035326204007708674 6133.338000000005 
0.2986871646178998 0.035326204007708674 6141.671000000005 
0.2986871646178998 0.035326204007708674 6150.004000000004 
0.2986871646178998 0.035326204007708674 6158.337000000004 
0.2986871646178998 0.035326204007708674 6166.670000000004 
0.2986871646178998 0.035326204007708674 6175.003000000003 
0.2986871646178998 0.035326204007708674 6183.336000000003 
0.2986871646178998 0.035326204007708674 6191.669000000003 
0.2986871646178998 0.035326204007708674 6200.002000000002 
0.2986871646178998 0.035326204007708674 6208.335000000002 
0.2986871646178998 0.035326204007708674 6216.6680000000015 
0.2986871646178998 0.035326204007708674 6225.001000000001 
0.2986871646178998 0.035326204007708674 6233.334000000001 
0.2986871646178998 0.035326204007708674 6241.667 
0.2986871646178998 0.035326204007708674 6250.0 
0.2986871646178998 0.035326204007708674 6258.333 
0.2986871646178998 0.035326204007708674 6266.665999999999 
0.2986871646178998 0.035326204007708674 6274.998999999999 
0.2986871646178998 0.035326204007708674 6283.3319999999985 
0.2986871646178998 0.035326204007708674 6291.664999999998 
0.2986871646178998 0.035326204007708674 6299.997999999998 
0.2986871646178998 0.035326204007708674 6308.330999999997 
0.2986871646178998 0.035326204007708674 6316.663999999997 
0.2986871646178998 0.035326204007708674 6324.996999999997 
0.2986871646178998 0.035326204007708674 6333.329999999996 
0.2986871646178998 0.035326204007708674 6341.662999999996 
0.2986871646178998 0.035326204007708674 6349.995999999996 
0.2986871646178998 0.035326204007708674 6358.328999999995 
0.2986871646178998 0.035326204007708674 6366.661999999995 
0.2986871646178998 0.035326204007708674 6374.994999999994 
0.2986871646178998 0.035326204007708674 6383.327999999994 
0.2986871646178998 0.035326204007708674 6391.660999999994 
0.2986871646178998 0.035326204007708674 6399.993999999993 
0.2986871646178998 0.035326204007708674 6408.326999999993 
0.2986871646178998 0.035326204007708674 6416.659999999993 
0.2986871646178998 0.035326204007708674 6424.992999999992 
0.2986871646178998 0.035326204007708674 6433.325999999992 
0.2986871646178998 0.035326204007708674 6441.6589999999915 
0.2986871646178998 0.035326204007708674 6449.991999999991 
0.2986871646178998 0.035326204007708674 6458.324999999991 
0.2986871646178998 0.035326204007708674 6466.65799999999 
0.2986871646178998 0.035326204007708674 6474.99099999999 
0.2986871646178998 0.035326204007708674 6483.32399999999 
0.2986871646178998 0.035326204007708674 6491.656999999989 
0.2986871646178998 0.035326204007708674 6499.989999999989 
0.2986871646178998 0.035326204007708674 6508.3229999999885 
0.2986871646178998 0.035326204007708674 6516.655999999988 
0.2986871646178998 0.035326204007708674 6524.988999999988 
0.2986871646178998 0.035326204007708674 6533.321999999987 
0.2986871646178998 0.035326204007708674 6541.654999999987 
0.2986871646178998 0.035326204007708674 6549.987999999987 
0.2986871646178998 0.035326204007708674 6558.320999999986 
0.2986871646178998 0.035326204007708674 6566.653999999986 
0.2986871646178998 0.035326204007708674 6574.9869999999855 
0.2986871646178998 0.035326204007708674 6583.319999999985 
0.2986871646178998 0.035326204007708674 6591.652999999985 
0.2986871646178998 0.035326204007708674 6599.985999999984 
0.2986871646178998 0.035326204007708674 6608.318999999984 
0.2986871646178998 0.035326204007708674 6616.651999999984 
0.2986871646178998 0.035326204007708674 6624.984999999983 
0.2986871646178998 0.035326204007708674 6633.317999999983 
0.2986871646178998 0.035326204007708674 6641.650999999983 
0.2986871646178998 0.035326204007708674 6649.983999999982 
0.2986871646178998 0.035326204007708674 6658.316999999982 
0.2986871646178998 0.035326204007708674 6666.649999999981 
0.2986871646178998 0.035326204007708674 6674.982999999981 
0.2986871646178998 0.035326204007708674 6683.315999999981 
0.2986871646178998 0.035326204007708674 6691.64899999998 
0.2986871646178998 0.035326204007708674 6699.98199999998 
0.2986871646178998 0.035326204007708674 6708.31499999998 
0.2986871646178998 0.035326204007708674 6716.647999999979 
0.2986871646178998 0.035326204007708674 6724.980999999979 
0.2986871646178998 0.035326204007708674 6733.3139999999785 
0.2986871646178998 0.035326204007708674 6741.646999999978 
0.2986871646178998 0.035326204007708674 6749.979999999978 
0.2986871646178998 0.035326204007708674 6758.312999999977 
0.2986871646178998 0.035326204007708674 6766.645999999977 
0.2986871646178998 0.035326204007708674 6774.978999999977 
0.2986871646178998 0.035326204007708674 6783.311999999976 
0.2986871646178998 0.035326204007708674 6791.644999999976 
0.2986871646178998 0.035326204007708674 6799.9779999999755 
0.2986871646178998 0.035326204007708674 6808.310999999975 
0.2986871646178998 0.035326204007708674 6816.643999999975 
0.2986871646178998 0.035326204007708674 6824.976999999974 
0.2986871646178998 0.035326204007708674 6833.309999999974 
0.2986871646178998 0.035326204007708674 6841.642999999974 
0.2986871646178998 0.035326204007708674 6849.975999999973 
0.2986871646178998 0.035326204007708674 6858.308999999973 
0.2986871646178998 0.035326204007708674 6866.6419999999725 
0.2986871646178998 0.035326204007708674 6874.974999999972 
0.2986871646178998 0.035326204007708674 6883.307999999972 
0.2986871646178998 0.035326204007708674 6891.640999999971 
0.2986871646178998 0.035326204007708674 6899.973999999971 
0.2986871646178998 0.035326204007708674 6908.306999999971 
0.2986871646178998 0.035326204007708674 6916.63999999997 
0.2986871646178998 0.035326204007708674 6924.97299999997 
0.2986871646178998 0.035326204007708674 6933.30599999997 
0.2986871646178998 0.035326204007708674 6941.638999999969 
0.2986871646178998 0.035326204007708674 6949.971999999969 
0.2986871646178998 0.035326204007708674 6958.3049999999685 
0.2986871646178998 0.035326204007708674 6966.637999999968 
0.2986871646178998 0.035326204007708674 6974.970999999968 
0.2986871646178998 0.035326204007708674 6983.303999999967 
0.2986871646178998 0.035326204007708674 6991.636999999967 
0.2986871646178998 0.035326204007708674 6999.969999999967 
0.2986871646178998 0.035326204007708674 7008.302999999966 
0.2986871646178998 0.035326204007708674 7016.635999999966 
0.2986871646178998 0.035326204007708674 7024.9689999999655 
0.2986871646178998 0.035326204007708674 7033.301999999965 
0.2986871646178998 0.035326204007708674 7041.634999999965 
0.2986871646178998 0.035326204007708674 7049.967999999964 
0.2986871646178998 0.035326204007708674 7058.300999999964 
0.2986871646178998 0.035326204007708674 7066.633999999964 
0.2986871646178998 0.035326204007708674 7074.966999999963 
0.2986871646178998 0.035326204007708674 7083.299999999963 
0.2986871646178998 0.035326204007708674 7091.6329999999625 
0.2986871646178998 0.035326204007708674 7099.965999999962 
0.2986871646178998 0.035326204007708674 7108.298999999962 
0.2986871646178998 0.035326204007708674 7116.631999999961 
0.2986871646178998 0.035326204007708674 7124.964999999961 
0.2986871646178998 0.035326204007708674 7133.297999999961 
0.2986871646178998 0.035326204007708674 7141.63099999996 
0.2986871646178998 0.035326204007708674 7149.96399999996 
0.2986871646178998 0.035326204007708674 7158.29699999996 
0.2986871646178998 0.035326204007708674 7166.629999999959 
0.2986871646178998 0.035326204007708674 7174.962999999959 
0.2986871646178998 0.035326204007708674 7183.295999999958 
0.2986871646178998 0.035326204007708674 7191.628999999958 
0.2986871646178998 0.035326204007708674 7199.961999999958 
0.2986871646178998 0.035326204007708674 7208.294999999957 
0.2986871646178998 0.035326204007708674 7216.627999999957 
0.2986871646178998 0.035326204007708674 7224.960999999957 
0.2986871646178998 0.035326204007708674 7233.293999999956 
0.2986871646178998 0.035326204007708674 7241.626999999956 
0.2986871646178998 0.035326204007708674 7249.9599999999555 
0.2986871646178998 0.035326204007708674 7258.292999999955 
0.2986871646178998 0.035326204007708674 7266.625999999955 
0.2986871646178998 0.035326204007708674 7274.958999999954 
0.2986871646178998 0.035326204007708674 7283.291999999954 
0.2986871646178998 0.035326204007708674 7291.624999999954 
0.2986871646178998 0.035326204007708674 7299.957999999953 
0.2986871646178998 0.035326204007708674 7308.290999999953 
0.2986871646178998 0.035326204007708674 7316.6239999999525 
0.2986871646178998 0.035326204007708674 7324.956999999952 
0.2986871646178998 0.035326204007708674 7333.289999999952 
0.2986871646178998 0.035326204007708674 7341.622999999951 
0.2986871646178998 0.035326204007708674 7349.955999999951 
0.2986871646178998 0.035326204007708674 7358.288999999951 
0.2986871646178998 0.035326204007708674 7366.62199999995 
0.2986871646178998 0.035326204007708674 7374.95499999995 
0.2986871646178998 0.035326204007708674 7383.2879999999495 
0.2986871646178998 0.035326204007708674 7391.620999999949 
0.2986871646178998 0.035326204007708674 7399.953999999949 
0.2986871646178998 0.035326204007708674 7408.286999999948 
0.2986871646178998 0.035326204007708674 7416.619999999948 
0.2986871646178998 0.035326204007708674 7424.952999999948 
0.2986871646178998 0.035326204007708674 7433.285999999947 
0.2986871646178998 0.035326204007708674 7441.618999999947 
0.2986871646178998 0.035326204007708674 7449.951999999947 
0.2986871646178998 0.035326204007708674 7458.284999999946 
0.2986871646178998 0.035326204007708674 7466.617999999946 
0.2986871646178998 0.035326204007708674 7474.950999999945 
0.2986871646178998 0.035326204007708674 7483.283999999945 
0.2986871646178998 0.035326204007708674 7491.616999999945 
0.2986871646178998 0.035326204007708674 7499.949999999944 
0.2986871646178998 0.035326204007708674 7508.282999999944 
0.2986871646178998 0.035326204007708674 7516.615999999944 
0.2986871646178998 0.035326204007708674 7524.948999999943 
0.2986871646178998 0.035326204007708674 7533.281999999943 
0.2986871646178998 0.035326204007708674 7541.6149999999425 
0.2986871646178998 0.035326204007708674 7549.947999999942 
0.2986871646178998 0.035326204007708674 7558.280999999942 
0.2986871646178998 0.035326204007708674 7566.613999999941 
0.2986871646178998 0.035326204007708674 7574.946999999941 
0.2986871646178998 0.035326204007708674 7583.279999999941 
0.2986871646178998 0.035326204007708674 7591.61299999994 
0.2986871646178998 0.035326204007708674 7599.94599999994 
0.2986871646178998 0.035326204007708674 7608.2789999999395 
0.2986871646178998 0.035326204007708674 7616.611999999939 
0.2986871646178998 0.035326204007708674 7624.944999999939 
0.2986871646178998 0.035326204007708674 7633.277999999938 
0.2986871646178998 0.035326204007708674 7641.610999999938 
0.2986871646178998 0.035326204007708674 7649.943999999938 
0.2986871646178998 0.035326204007708674 7658.276999999937 
0.2986871646178998 0.035326204007708674 7666.609999999937 
0.2986871646178998 0.035326204007708674 7674.942999999937 
0.2986871646178998 0.035326204007708674 7683.275999999936 
0.2986871646178998 0.035326204007708674 7691.608999999936 
0.2986871646178998 0.035326204007708674 7699.941999999935 
0.2986871646178998 0.035326204007708674 7708.274999999935 
0.2986871646178998 0.035326204007708674 7716.607999999935 
0.2986871646178998 0.035326204007708674 7724.940999999934 
0.2986871646178998 0.035326204007708674 7733.273999999934 
0.2986871646178998 0.035326204007708674 7741.606999999934 
0.2986871646178998 0.035326204007708674 7749.939999999933 
0.2986871646178998 0.035326204007708674 7758.272999999933 
0.2986871646178998 0.035326204007708674 7766.6059999999325 
0.2986871646178998 0.035326204007708674 7774.938999999932 
0.2986871646178998 0.035326204007708674 7783.271999999932 
0.2986871646178998 0.035326204007708674 7791.604999999931 
0.2986871646178998 0.035326204007708674 7799.937999999931 
0.2986871646178998 0.035326204007708674 7808.270999999931 
0.2986871646178998 0.035326204007708674 7816.60399999993 
0.2986871646178998 0.035326204007708674 7824.93699999993 
0.2986871646178998 0.035326204007708674 7833.2699999999295 
0.2986871646178998 0.035326204007708674 7841.602999999929 
0.2986871646178998 0.035326204007708674 7849.935999999929 
0.2986871646178998 0.035326204007708674 7858.268999999928 
0.2986871646178998 0.035326204007708674 7866.601999999928 
0.2986871646178998 0.035326204007708674 7874.934999999928 
0.2986871646178998 0.035326204007708674 7883.267999999927 
0.2986871646178998 0.035326204007708674 7891.600999999927 
0.2986871646178998 0.035326204007708674 7899.9339999999265 
0.2986871646178998 0.035326204007708674 7908.266999999926 
0.2986871646178998 0.035326204007708674 7916.599999999926 
0.2986871646178998 0.035326204007708674 7924.932999999925 
0.2986871646178998 0.035326204007708674 7933.265999999925 
0.2986871646178998 0.035326204007708674 7941.598999999925 
0.2986871646178998 0.035326204007708674 7949.931999999924 
0.2986871646178998 0.035326204007708674 7958.264999999924 
0.2986871646178998 0.035326204007708674 7966.597999999924 
0.2986871646178998 0.035326204007708674 7974.930999999923 
0.2986871646178998 0.035326204007708674 7983.263999999923 
0.2986871646178998 0.035326204007708674 7991.596999999922 
0.2986871646178998 0.035326204007708674 7999.929999999922 
0.2986871646178998 0.035326204007708674 8008.262999999922 
0.2986871646178998 0.035326204007708674 8016.595999999921 
0.2986871646178998 0.035326204007708674 8024.928999999921 
0.2986871646178998 0.035326204007708674 8033.261999999921 
0.2986871646178998 0.035326204007708674 8041.59499999992 
0.2986871646178998 0.035326204007708674 8049.92799999992 
0.2986871646178998 0.035326204007708674 8058.2609999999195 
0.2986871646178998 0.035326204007708674 8066.593999999919 
0.2986871646178998 0.035326204007708674 8074.926999999919 
0.2986871646178998 0.035326204007708674 8083.259999999918 
0.2986871646178998 0.035326204007708674 8091.592999999918 
0.2986871646178998 0.035326204007708674 8099.925999999918 
0.2986871646178998 0.035326204007708674 8108.258999999917 
0.2986871646178998 0.035326204007708674 8116.591999999917 
0.2986871646178998 0.035326204007708674 8124.9249999999165 
0.2986871646178998 0.035326204007708674 8133.257999999916 
0.2986871646178998 0.035326204007708674 8141.590999999916 
0.2986871646178998 0.035326204007708674 8149.923999999915 
0.2986871646178998 0.035326204007708674 8158.256999999915 
0.2986871646178998 0.035326204007708674 8166.589999999915 
0.2986871646178998 0.035326204007708674 8174.922999999914 
0.2986871646178998 0.035326204007708674 8183.255999999914 
0.2986871646178998 0.035326204007708674 8191.5889999999135 
0.2986871646178998 0.035326204007708674 8199.921999999913 
0.2986871646178998 0.035326204007708674 8208.254999999914 
0.2986871646178998 0.035326204007708674 8216.587999999912 
0.2986871646178998 0.035326204007708674 8224.920999999911 
0.2986871646178998 0.035326204007708674 8233.253999999912 
0.2986871646178998 0.035326204007708674 8241.586999999912 
0.2986871646178998 0.035326204007708674 8249.919999999911 
0.2986871646178998 0.035326204007708674 8258.25299999991 
0.2986871646178998 0.035326204007708674 8266.58599999991 
0.2986871646178998 0.035326204007708674 8274.91899999991 
0.2986871646178998 0.035326204007708674 8283.25199999991 
0.2986871646178998 0.035326204007708674 8291.584999999908 
0.2986871646178998 0.035326204007708674 8299.917999999909 
0.2986871646178998 0.035326204007708674 8308.25099999991 
0.2986871646178998 0.035326204007708674 8316.583999999908 
0.2986871646178998 0.035326204007708674 8324.916999999907 
0.2986871646178998 0.035326204007708674 8333.249999999907 
0.2986871646178998 0.035326204007708674 8341.582999999908 
0.2986871646178998 0.035326204007708674 8349.915999999906 
0.2986871646178998 0.035326204007708674 8358.248999999905 
0.2986871646178998 0.035326204007708674 8366.581999999906 
0.2986871646178998 0.035326204007708674 8374.914999999906 
0.2986871646178998 0.035326204007708674 8383.247999999905 
0.2986871646178998 0.035326204007708674 8391.580999999904 
0.2986871646178998 0.035326204007708674 8399.913999999904 
0.2986871646178998 0.035326204007708674 8408.246999999905 
0.2986871646178998 0.035326204007708674 8416.579999999904 
0.2986871646178998 0.035326204007708674 8424.912999999902 
0.2986871646178998 0.035326204007708674 8433.245999999903 
0.2986871646178998 0.035326204007708674 8441.578999999903 
0.2986871646178998 0.035326204007708674 8449.911999999902 
0.2986871646178998 0.035326204007708674 8458.2449999999 
0.2986871646178998 0.035326204007708674 8466.577999999901 
0.2986871646178998 0.035326204007708674 8474.910999999902 
0.2986871646178998 0.035326204007708674 8483.2439999999 
0.2986871646178998 0.035326204007708674 8491.5769999999 
0.2986871646178998 0.035326204007708674 8499.9099999999 
0.2986871646178998 0.035326204007708674 8508.2429999999 
0.2986871646178998 0.035326204007708674 8516.575999999899 
0.2986871646178998 0.035326204007708674 8524.908999999898 
0.2986871646178998 0.035326204007708674 8533.241999999898 
0.2986871646178998 0.035326204007708674 8541.574999999899 
0.2986871646178998 0.035326204007708674 8549.907999999898 
0.2986871646178998 0.035326204007708674 8558.240999999896 
0.2986871646178998 0.035326204007708674 8566.573999999897 
0.2986871646178998 0.035326204007708674 8574.906999999897 
0.2986871646178998 0.035326204007708674 8583.239999999896 
0.2986871646178998 0.035326204007708674 8591.572999999895 
0.2986871646178998 0.035326204007708674 8599.905999999895 
0.2986871646178998 0.035326204007708674 8608.238999999896 
0.2986871646178998 0.035326204007708674 8616.571999999895 
0.2986871646178998 0.035326204007708674 8624.904999999893 
0.2986871646178998 0.035326204007708674 8633.237999999894 
0.2986871646178998 0.035326204007708674 8641.570999999894 
0.2986871646178998 0.035326204007708674 8649.903999999893 
0.2986871646178998 0.035326204007708674 8658.236999999892 
0.2986871646178998 0.035326204007708674 8666.569999999892 
0.2986871646178998 0.035326204007708674 8674.902999999893 
0.2986871646178998 0.035326204007708674 8683.235999999892 
0.2986871646178998 0.035326204007708674 8691.56899999989 
0.2986871646178998 0.035326204007708674 8699.90199999989 
0.2986871646178998 0.035326204007708674 8708.234999999891 
0.2986871646178998 0.035326204007708674 8716.56799999989 
0.2986871646178998 0.035326204007708674 8724.900999999889 
0.2986871646178998 0.035326204007708674 8733.23399999989 
0.2986871646178998 0.035326204007708674 8741.56699999989 
0.2986871646178998 0.035326204007708674 8749.899999999889 
0.2986871646178998 0.035326204007708674 8758.232999999887 
0.2986871646178998 0.035326204007708674 8766.565999999888 
0.2986871646178998 0.035326204007708674 8774.898999999888 
0.2986871646178998 0.035326204007708674 8783.231999999887 
0.2986871646178998 0.035326204007708674 8791.564999999886 
0.2986871646178998 0.035326204007708674 8799.897999999886 
0.2986871646178998 0.035326204007708674 8808.230999999887 
0.2986871646178998 0.035326204007708674 8816.563999999886 
0.2986871646178998 0.035326204007708674 8824.896999999884 
0.2986871646178998 0.035326204007708674 8833.229999999885 
0.2986871646178998 0.035326204007708674 8841.562999999886 
0.2986871646178998 0.035326204007708674 8849.895999999884 
0.2986871646178998 0.035326204007708674 8858.228999999883 
0.2986871646178998 0.035326204007708674 8866.561999999883 
0.2986871646178998 0.035326204007708674 8874.894999999884 
0.2986871646178998 0.035326204007708674 8883.227999999883 
0.2986871646178998 0.035326204007708674 8891.560999999881 
0.2986871646178998 0.035326204007708674 8899.893999999882 
0.2986871646178998 0.035326204007708674 8908.226999999883 
0.2986871646178998 0.035326204007708674 8916.559999999881 
0.2986871646178998 0.035326204007708674 8924.89299999988 
0.2986871646178998 0.035326204007708674 8933.22599999988 
0.2986871646178998 0.035326204007708674 8941.558999999881 
0.2986871646178998 0.035326204007708674 8949.89199999988 
0.2986871646178998 0.035326204007708674 8958.224999999878 
0.2986871646178998 0.035326204007708674 8966.557999999879 
0.2986871646178998 0.035326204007708674 8974.89099999988 
0.2986871646178998 0.035326204007708674 8983.223999999878 
0.2986871646178998 0.035326204007708674 8991.556999999877 
0.2986871646178998 0.035326204007708674 8999.889999999878 
0.2986871646178998 0.035326204007708674 9008.222999999878 
0.2986871646178998 0.035326204007708674 9016.555999999877 
0.2986871646178998 0.035326204007708674 9024.888999999876 
0.2986871646178998 0.035326204007708674 9033.221999999876 
0.2986871646178998 0.035326204007708674 9041.554999999877 
0.2986871646178998 0.035326204007708674 9049.887999999875 
0.2986871646178998 0.035326204007708674 9058.220999999874 
0.2986871646178998 0.035326204007708674 9066.553999999875 
0.2986871646178998 0.035326204007708674 9074.886999999875 
0.2986871646178998 0.035326204007708674 9083.219999999874 
0.2986871646178998 0.035326204007708674 9091.552999999873 
0.2986871646178998 0.035326204007708674 9099.885999999873 
0.2986871646178998 0.035326204007708674 9108.218999999874 
0.2986871646178998 0.035326204007708674 9116.551999999872 
0.2986871646178998 0.035326204007708674 9124.884999999871 
0.2986871646178998 0.035326204007708674 9133.217999999872 
0.2986871646178998 0.035326204007708674 9141.550999999872 
0.2986871646178998 0.035326204007708674 9149.88399999987 
0.2986871646178998 0.035326204007708674 9158.21699999987 
0.2986871646178998 0.035326204007708674 9166.54999999987 
0.2986871646178998 0.035326204007708674 9174.88299999987 
0.2986871646178998 0.035326204007708674 9183.21599999987 
0.2986871646178998 0.035326204007708674 9191.548999999868 
0.2986871646178998 0.035326204007708674 9199.881999999869 
0.2986871646178998 0.035326204007708674 9208.21499999987 
0.2986871646178998 0.035326204007708674 9216.547999999868 
0.2986871646178998 0.035326204007708674 9224.880999999867 
0.2986871646178998 0.035326204007708674 9233.213999999867 
0.2986871646178998 0.035326204007708674 9241.546999999868 
0.2986871646178998 0.035326204007708674 9249.879999999866 
0.2986871646178998 0.035326204007708674 9258.212999999865 
0.2986871646178998 0.035326204007708674 9266.545999999866 
0.2986871646178998 0.035326204007708674 9274.878999999866 
0.2986871646178998 0.035326204007708674 9283.211999999865 
0.2986871646178998 0.035326204007708674 9291.544999999864 
0.2986871646178998 0.035326204007708674 9299.877999999864 
0.2986871646178998 0.035326204007708674 9308.210999999865 
0.2986871646178998 0.035326204007708674 9316.543999999863 
0.2986871646178998 0.035326204007708674 9324.876999999862 
0.2986871646178998 0.035326204007708674 9333.209999999863 
0.2986871646178998 0.035326204007708674 9341.542999999863 
0.2986871646178998 0.035326204007708674 9349.875999999862 
0.2986871646178998 0.035326204007708674 9358.20899999986 
0.2986871646178998 0.035326204007708674 9366.541999999861 
0.2986871646178998 0.035326204007708674 9374.874999999862 
0.2986871646178998 0.035326204007708674 9383.20799999986 
0.2986871646178998 0.035326204007708674 9391.54099999986 
0.2986871646178998 0.035326204007708674 9399.87399999986 
0.2986871646178998 0.035326204007708674 9408.20699999986 
0.2986871646178998 0.035326204007708674 9416.539999999859 
0.2986871646178998 0.035326204007708674 9424.872999999858 
0.2986871646178998 0.035326204007708674 9433.205999999858 
0.2986871646178998 0.035326204007708674 9441.538999999859 
0.2986871646178998 0.035326204007708674 9449.871999999858 
0.2986871646178998 0.035326204007708674 9458.204999999856 
0.2986871646178998 0.035326204007708674 9466.537999999857 
0.2986871646178998 0.035326204007708674 9474.870999999857 
0.2986871646178998 0.035326204007708674 9483.203999999856 
0.2986871646178998 0.035326204007708674 9491.536999999855 
0.2986871646178998 0.035326204007708674 9499.869999999855 
0.2986871646178998 0.035326204007708674 9508.202999999856 
0.2986871646178998 0.035326204007708674 9516.535999999855 
0.2986871646178998 0.035326204007708674 9524.868999999853 
0.2986871646178998 0.035326204007708674 9533.201999999854 
0.2986871646178998 0.035326204007708674 9541.534999999854 
0.2986871646178998 0.035326204007708674 9549.867999999853 
0.2986871646178998 0.035326204007708674 9558.200999999852 
0.2986871646178998 0.035326204007708674 9566.533999999852 
0.2986871646178998 0.035326204007708674 9574.866999999853 
0.2986871646178998 0.035326204007708674 9583.199999999852 
0.2986871646178998 0.035326204007708674 9591.53299999985 
0.2986871646178998 0.035326204007708674 9599.86599999985 
0.2986871646178998 0.035326204007708674 9608.198999999851 
0.2986871646178998 0.035326204007708674 9616.53199999985 
0.2986871646178998 0.035326204007708674 9624.864999999849 
0.2986871646178998 0.035326204007708674 9633.19799999985 
0.2986871646178998 0.035326204007708674 9641.53099999985 
0.2986871646178998 0.035326204007708674 9649.863999999849 
0.2986871646178998 0.035326204007708674 9658.196999999847 
0.2986871646178998 0.035326204007708674 9666.529999999848 
0.2986871646178998 0.035326204007708674 9674.862999999848 
0.2986871646178998 0.035326204007708674 9683.195999999847 
0.2986871646178998 0.035326204007708674 9691.528999999846 
0.2986871646178998 0.035326204007708674 9699.861999999846 
0.2986871646178998 0.035326204007708674 9708.194999999847 
0.2986871646178998 0.035326204007708674 9716.527999999846 
0.2986871646178998 0.035326204007708674 9724.860999999844 
0.2986871646178998 0.035326204007708674 9733.193999999845 
0.2986871646178998 0.035326204007708674 9741.526999999845 
0.2986871646178998 0.035326204007708674 9749.859999999844 
0.2986871646178998 0.035326204007708674 9758.192999999843 
0.2986871646178998 0.035326204007708674 9766.525999999843 
0.2986871646178998 0.035326204007708674 9774.858999999844 
0.2986871646178998 0.035326204007708674 9783.191999999843 
0.2986871646178998 0.035326204007708674 9791.524999999841 
0.2986871646178998 0.035326204007708674 9799.857999999842 
0.2986871646178998 0.035326204007708674 9808.190999999842 
0.2986871646178998 0.035326204007708674 9816.523999999841 
0.2986871646178998 0.035326204007708674 9824.85699999984 
0.2986871646178998 0.035326204007708674 9833.18999999984 
0.2986871646178998 0.035326204007708674 9841.522999999841 
0.2986871646178998 0.035326204007708674 9849.85599999984 
0.2986871646178998 0.035326204007708674 9858.188999999838 
0.2986871646178998 0.035326204007708674 9866.521999999839 
0.2986871646178998 0.035326204007708674 9874.85499999984 
0.2986871646178998 0.035326204007708674 9883.187999999838 
0.2986871646178998 0.035326204007708674 9891.520999999837 
0.2986871646178998 0.035326204007708674 9899.853999999837 
0.2986871646178998 0.035326204007708674 9908.186999999838 
0.2986871646178998 0.035326204007708674 9916.519999999837 
0.2986871646178998 0.035326204007708674 9924.852999999835 
0.2986871646178998 0.035326204007708674 9933.185999999836 
0.2986871646178998 0.035326204007708674 9941.518999999837 
0.2986871646178998 0.035326204007708674 9949.851999999835 
0.2986871646178998 0.035326204007708674 9958.184999999834 
0.2986871646178998 0.035326204007708674 9966.517999999835 
0.2986871646178998 0.035326204007708674 9974.850999999835 
0.2986871646178998 0.035326204007708674 9983.183999999834 
0.2986871646178998 0.035326204007708674 9991.516999999832 
0.2986871646178998 0.035326204007708674 9999.849999999833 
0.2986871646178998 0.035326204007708674 10008.182999999834 
0.2986871646178998 0.035326204007708674 10016.515999999832 
0.2986871646178998 0.035326204007708674 10024.848999999831 
0.2986871646178998 0.035326204007708674 10033.181999999832 
0.2986871646178998 0.035326204007708674 10041.514999999832 
0.2986871646178998 0.035326204007708674 10049.84799999983 
0.2986871646178998 0.035326204007708674 10058.18099999983 
0.2986871646178998 0.035326204007708674 10066.51399999983 
0.2986871646178998 0.035326204007708674 10074.84699999983 
0.2986871646178998 0.035326204007708674 10083.17999999983 
0.2986871646178998 0.035326204007708674 10091.512999999828 
0.2986871646178998 0.035326204007708674 10099.845999999829 
0.2986871646178998 0.035326204007708674 10108.17899999983 
0.2986871646178998 0.035326204007708674 10116.511999999828 
0.2986871646178998 0.035326204007708674 10124.844999999827 
0.2986871646178998 0.035326204007708674 10133.177999999827 
0.2986871646178998 0.035326204007708674 10141.510999999828 
0.2986871646178998 0.035326204007708674 10149.843999999826 
0.2986871646178998 0.035326204007708674 10158.176999999825 
0.2986871646178998 0.035326204007708674 10166.509999999826 
0.2986871646178998 0.035326204007708674 10174.842999999826 
0.2986871646178998 0.035326204007708674 10183.175999999825 
0.2986871646178998 0.035326204007708674 10191.508999999824 
0.2986871646178998 0.035326204007708674 10199.841999999824 
0.2986871646178998 0.035326204007708674 10208.174999999825 
0.2986871646178998 0.035326204007708674 10216.507999999823 
0.2986871646178998 0.035326204007708674 10224.840999999822 
0.2986871646178998 0.035326204007708674 10233.173999999823 
0.2986871646178998 0.035326204007708674 10241.506999999823 
0.2986871646178998 0.035326204007708674 10249.839999999822 
0.2986871646178998 0.035326204007708674 10258.17299999982 
0.2986871646178998 0.035326204007708674 10266.505999999821 
0.2986871646178998 0.035326204007708674 10274.838999999822 
0.2986871646178998 0.035326204007708674 10283.17199999982 
0.2986871646178998 0.035326204007708674 10291.50499999982 
0.2986871646178998 0.035326204007708674 10299.83799999982 
0.2986871646178998 0.035326204007708674 10308.17099999982 
0.2986871646178998 0.035326204007708674 10316.503999999819 
0.2986871646178998 0.035326204007708674 10324.836999999818 
0.2986871646178998 0.035326204007708674 10333.169999999818 
0.2986871646178998 0.035326204007708674 10341.502999999819 
0.2986871646178998 0.035326204007708674 10349.835999999817 
0.2986871646178998 0.035326204007708674 10358.168999999816 
0.2986871646178998 0.035326204007708674 10366.501999999817 
0.2986871646178998 0.035326204007708674 10374.834999999817 
0.2986871646178998 0.035326204007708674 10383.167999999816 
0.2986871646178998 0.035326204007708674 10391.500999999815 
0.2986871646178998 0.035326204007708674 10399.833999999815 
0.2986871646178998 0.035326204007708674 10408.166999999816 
0.2986871646178998 0.035326204007708674 10416.499999999814 
0.2986871646178998 0.035326204007708674 10424.832999999813 
0.2986871646178998 0.035326204007708674 10433.165999999814 
0.2986871646178998 0.035326204007708674 10441.498999999814 
0.2986871646178998 0.035326204007708674 10449.831999999813 
0.2986871646178998 0.035326204007708674 10458.164999999812 
0.2986871646178998 0.035326204007708674 10466.497999999812 
0.2986871646178998 0.035326204007708674 10474.830999999813 
0.2986871646178998 0.035326204007708674 10483.163999999811 
0.2986871646178998 0.035326204007708674 10491.49699999981 
0.2986871646178998 0.035326204007708674 10499.82999999981 
0.2986871646178998 0.035326204007708674 10508.162999999811 
0.2986871646178998 0.035326204007708674 10516.49599999981 
0.2986871646178998 0.035326204007708674 10524.828999999809 
0.2986871646178998 0.035326204007708674 10533.16199999981 
0.2986871646178998 0.035326204007708674 10541.49499999981 
0.2986871646178998 0.035326204007708674 10549.827999999809 
0.2986871646178998 0.035326204007708674 10558.160999999807 
0.2986871646178998 0.035326204007708674 10566.493999999808 
0.2986871646178998 0.035326204007708674 10574.826999999808 
0.2986871646178998 0.035326204007708674 10583.159999999807 
0.2986871646178998 0.035326204007708674 10591.492999999806 
0.2986871646178998 0.035326204007708674 10599.825999999806 
0.2986871646178998 0.035326204007708674 10608.158999999807 
0.2986871646178998 0.035326204007708674 10616.491999999806 
0.2986871646178998 0.035326204007708674 10624.824999999804 
0.2986871646178998 0.035326204007708674 10633.157999999805 
0.2986871646178998 0.035326204007708674 10641.490999999805 
0.2986871646178998 0.035326204007708674 10649.823999999804 
0.2986871646178998 0.035326204007708674 10658.156999999803 
0.2986871646178998 0.035326204007708674 10666.489999999803 
0.2986871646178998 0.035326204007708674 10674.822999999804 
0.2986871646178998 0.035326204007708674 10683.155999999803 
0.2986871646178998 0.035326204007708674 10691.488999999801 
0.2986871646178998 0.035326204007708674 10699.821999999802 
0.2986871646178998 0.035326204007708674 10708.154999999802 
0.2986871646178998 0.035326204007708674 10716.487999999801 
0.2986871646178998 0.035326204007708674 10724.8209999998 
0.2986871646178998 0.035326204007708674 10733.1539999998 
0.2986871646178998 0.035326204007708674 10741.4869999998 
0.2986871646178998 0.035326204007708674 10749.8199999998 
0.2986871646178998 0.035326204007708674 10758.152999999798 
0.2986871646178998 0.035326204007708674 10766.485999999799 
0.2986871646178998 0.035326204007708674 10774.8189999998 
0.2986871646178998 0.035326204007708674 10783.151999999798 
0.2986871646178998 0.035326204007708674 10791.484999999797 
0.2986871646178998 0.035326204007708674 10799.817999999797 
0.2986871646178998 0.035326204007708674 10808.150999999798 
0.2986871646178998 0.035326204007708674 10816.483999999797 
0.2986871646178998 0.035326204007708674 10824.816999999795 
0.2986871646178998 0.035326204007708674 10833.149999999796 
0.2986871646178998 0.035326204007708674 10841.482999999796 
0.2986871646178998 0.035326204007708674 10849.815999999795 
0.2986871646178998 0.035326204007708674 10858.148999999794 
0.2986871646178998 0.035326204007708674 10866.481999999794 
0.2986871646178998 0.035326204007708674 10874.814999999795 
0.2986871646178998 0.035326204007708674 10883.147999999794 
0.2986871646178998 0.035326204007708674 10891.480999999792 
0.2986871646178998 0.035326204007708674 10899.813999999793 
0.2986871646178998 0.035326204007708674 10908.146999999793 
0.2986871646178998 0.035326204007708674 10916.479999999792 
0.2986871646178998 0.035326204007708674 10924.812999999791 
0.2986871646178998 0.035326204007708674 10933.145999999791 
0.2986871646178998 0.035326204007708674 10941.478999999792 
0.2986871646178998 0.035326204007708674 10949.81199999979 
0.2986871646178998 0.035326204007708674 10958.14499999979 
0.2986871646178998 0.035326204007708674 10966.47799999979 
0.2986871646178998 0.035326204007708674 10974.81099999979 
0.2986871646178998 0.035326204007708674 10983.14399999979 
0.2986871646178998 0.035326204007708674 10991.476999999788 
0.2986871646178998 0.035326204007708674 10999.809999999788 
0.2986871646178998 0.035326204007708674 11008.142999999789 
0.2986871646178998 0.035326204007708674 11016.475999999788 
0.2986871646178998 0.035326204007708674 11024.808999999786 
0.2986871646178998 0.035326204007708674 11033.141999999787 
0.2986871646178998 0.035326204007708674 11041.474999999788 
0.2986871646178998 0.035326204007708674 11049.807999999786 
0.2986871646178998 0.035326204007708674 11058.140999999785 
0.2986871646178998 0.035326204007708674 11066.473999999786 
0.2986871646178998 0.035326204007708674 11074.806999999786 
0.2986871646178998 0.035326204007708674 11083.139999999785 
0.2986871646178998 0.035326204007708674 11091.472999999783 
0.2986871646178998 0.035326204007708674 11099.805999999784 
0.2986871646178998 0.035326204007708674 11108.138999999785 
0.2986871646178998 0.035326204007708674 11116.471999999783 
0.2986871646178998 0.035326204007708674 11124.804999999782 
0.2986871646178998 0.035326204007708674 11133.137999999783 
0.2986871646178998 0.035326204007708674 11141.470999999783 
0.2986871646178998 0.035326204007708674 11149.803999999782 
0.2986871646178998 0.035326204007708674 11158.13699999978 
0.2986871646178998 0.035326204007708674 11166.469999999781 
0.2986871646178998 0.035326204007708674 11174.802999999782 
0.2986871646178998 0.035326204007708674 11183.13599999978 
0.2986871646178998 0.035326204007708674 11191.468999999779 
0.2986871646178998 0.035326204007708674 11199.80199999978 
0.2986871646178998 0.035326204007708674 11208.13499999978 
0.2986871646178998 0.035326204007708674 11216.467999999779 
0.2986871646178998 0.035326204007708674 11224.800999999778 
0.2986871646178998 0.035326204007708674 11233.133999999778 
0.2986871646178998 0.035326204007708674 11241.466999999779 
0.2986871646178998 0.035326204007708674 11249.799999999777 
0.2986871646178998 0.035326204007708674 11258.132999999776 
0.2986871646178998 0.035326204007708674 11266.465999999777 
0.2986871646178998 0.035326204007708674 11274.798999999777 
0.2986871646178998 0.035326204007708674 11283.131999999776 
0.2986871646178998 0.035326204007708674 11291.464999999775 
0.2986871646178998 0.035326204007708674 11299.797999999775 
0.2986871646178998 0.035326204007708674 11308.130999999776 
0.2986871646178998 0.035326204007708674 11316.463999999774 
0.2986871646178998 0.035326204007708674 11324.796999999773 
0.2986871646178998 0.035326204007708674 11333.129999999774 
0.2986871646178998 0.035326204007708674 11341.462999999774 
0.2986871646178998 0.035326204007708674 11349.795999999773 
0.2986871646178998 0.035326204007708674 11358.128999999772 
0.2986871646178998 0.035326204007708674 11366.461999999772 
0.2986871646178998 0.035326204007708674 11374.794999999773 
0.2986871646178998 0.035326204007708674 11383.127999999771 
0.2986871646178998 0.035326204007708674 11391.46099999977 
0.2986871646178998 0.035326204007708674 11399.79399999977 
0.2986871646178998 0.035326204007708674 11408.126999999771 
0.2986871646178998 0.035326204007708674 11416.45999999977 
0.2986871646178998 0.035326204007708674 11424.792999999769 
0.2986871646178998 0.035326204007708674 11433.12599999977 
0.2986871646178998 0.035326204007708674 11441.45899999977 
0.2986871646178998 0.035326204007708674 11449.791999999768 
0.2986871646178998 0.035326204007708674 11458.124999999767 
0.2986871646178998 0.035326204007708674 11466.457999999768 
0.2986871646178998 0.035326204007708674 11474.790999999768 
0.2986871646178998 0.035326204007708674 11483.123999999767 
0.2986871646178998 0.035326204007708674 11491.456999999766 
0.2986871646178998 0.035326204007708674 11499.789999999766 
0.2986871646178998 0.035326204007708674 11508.122999999767 
0.2986871646178998 0.035326204007708674 11516.455999999765 
0.2986871646178998 0.035326204007708674 11524.788999999764 
0.2986871646178998 0.035326204007708674 11533.121999999765 
0.2986871646178998 0.035326204007708674 11541.454999999765 
0.2986871646178998 0.035326204007708674 11549.787999999764 
0.2986871646178998 0.035326204007708674 11558.120999999763 
0.2986871646178998 0.035326204007708674 11566.453999999763 
0.2986871646178998 0.035326204007708674 11574.786999999764 
0.2986871646178998 0.035326204007708674 11583.119999999763 
0.2986871646178998 0.035326204007708674 11591.452999999761 
0.2986871646178998 0.035326204007708674 11599.785999999762 
0.2986871646178998 0.035326204007708674 11608.118999999762 
0.2986871646178998 0.035326204007708674 11616.451999999761 
0.2986871646178998 0.035326204007708674 11624.78499999976 
0.2986871646178998 0.035326204007708674 11633.11799999976 
0.2986871646178998 0.035326204007708674 11641.45099999976 
0.2986871646178998 0.035326204007708674 11649.78399999976 
0.2986871646178998 0.035326204007708674 11658.116999999758 
0.2986871646178998 0.035326204007708674 11666.449999999759 
0.2986871646178998 0.035326204007708674 11674.78299999976 
0.2986871646178998 0.035326204007708674 11683.115999999758 
0.2986871646178998 0.035326204007708674 11691.448999999757 
0.2986871646178998 0.035326204007708674 11699.781999999757 
0.2986871646178998 0.035326204007708674 11708.114999999758 
0.2986871646178998 0.035326204007708674 11716.447999999757 
0.2986871646178998 0.035326204007708674 11724.780999999755 
0.2986871646178998 0.035326204007708674 11733.113999999756 
0.2986871646178998 0.035326204007708674 11741.446999999756 
0.2986871646178998 0.035326204007708674 11749.779999999755 
0.2986871646178998 0.035326204007708674 11758.112999999754 
0.2986871646178998 0.035326204007708674 11766.445999999754 
0.2986871646178998 0.035326204007708674 11774.778999999755 
0.2986871646178998 0.035326204007708674 11783.111999999754 
0.2986871646178998 0.035326204007708674 11791.444999999752 
0.2986871646178998 0.035326204007708674 11799.777999999753 
0.2986871646178998 0.035326204007708674 11808.110999999753 
0.2986871646178998 0.035326204007708674 11816.443999999752 
0.2986871646178998 0.035326204007708674 11824.77699999975 
0.2986871646178998 0.035326204007708674 11833.109999999751 
0.2986871646178998 0.035326204007708674 11841.442999999752 
0.2986871646178998 0.035326204007708674 11849.77599999975 
0.2986871646178998 0.035326204007708674 11858.10899999975 
0.2986871646178998 0.035326204007708674 11866.44199999975 
0.2986871646178998 0.035326204007708674 11874.77499999975 
0.2986871646178998 0.035326204007708674 11883.10799999975 
0.2986871646178998 0.035326204007708674 11891.440999999748 
0.2986871646178998 0.035326204007708674 11899.773999999748 
0.2986871646178998 0.035326204007708674 11908.106999999749 
0.2986871646178998 0.035326204007708674 11916.439999999748 
0.2986871646178998 0.035326204007708674 11924.772999999746 
0.2986871646178998 0.035326204007708674 11933.105999999747 
0.2986871646178998 0.035326204007708674 11941.438999999747 
0.2986871646178998 0.035326204007708674 11949.771999999746 
0.2986871646178998 0.035326204007708674 11958.104999999745 
0.2986871646178998 0.035326204007708674 11966.437999999745 
0.2986871646178998 0.035326204007708674 11974.770999999746 
0.2986871646178998 0.035326204007708674 11983.103999999745 
0.2986871646178998 0.035326204007708674 11991.436999999743 
0.2986871646178998 0.035326204007708674 11999.769999999744 
0.2986871646178998 0.035326204007708674 12008.102999999744 
0.2986871646178998 0.035326204007708674 12016.435999999743 
0.2986871646178998 0.035326204007708674 12024.768999999742 
0.2986871646178998 0.035326204007708674 12033.101999999742 
0.2986871646178998 0.035326204007708674 12041.434999999743 
0.2986871646178998 0.035326204007708674 12049.767999999742 
0.2986871646178998 0.035326204007708674 12058.10099999974 
0.2986871646178998 0.035326204007708674 12066.433999999741 
0.2986871646178998 0.035326204007708674 12074.766999999742 
0.2986871646178998 0.035326204007708674 12083.09999999974 
0.2986871646178998 0.035326204007708674 12091.432999999739 
0.2986871646178998 0.035326204007708674 12099.76599999974 
0.2986871646178998 0.035326204007708674 12108.09899999974 
0.2986871646178998 0.035326204007708674 12116.431999999739 
0.2986871646178998 0.035326204007708674 12124.764999999737 
0.2986871646178998 0.035326204007708674 12133.097999999738 
0.2986871646178998 0.035326204007708674 12141.430999999739 
0.2986871646178998 0.035326204007708674 12149.763999999737 
0.2986871646178998 0.035326204007708674 12158.096999999736 
0.2986871646178998 0.035326204007708674 12166.429999999737 
0.2986871646178998 0.035326204007708674 12174.762999999737 
0.2986871646178998 0.035326204007708674 12183.095999999736 
0.2986871646178998 0.035326204007708674 12191.428999999735 
0.2986871646178998 0.035326204007708674 12199.761999999735 
0.2986871646178998 0.035326204007708674 12208.094999999736 
0.2986871646178998 0.035326204007708674 12216.427999999734 
0.2986871646178998 0.035326204007708674 12224.760999999733 
0.2986871646178998 0.035326204007708674 12233.093999999734 
0.2986871646178998 0.035326204007708674 12241.426999999734 
0.2986871646178998 0.035326204007708674 12249.759999999733 
0.2986871646178998 0.035326204007708674 12258.092999999732 
0.2986871646178998 0.035326204007708674 12266.425999999732 
0.2986871646178998 0.035326204007708674 12274.758999999733 
0.2986871646178998 0.035326204007708674 12283.091999999731 
0.2986871646178998 0.035326204007708674 12291.42499999973 
0.2986871646178998 0.035326204007708674 12299.75799999973 
0.2986871646178998 0.035326204007708674 12308.090999999731 
0.2986871646178998 0.035326204007708674 12316.42399999973 
0.2986871646178998 0.035326204007708674 12324.756999999729 
0.2986871646178998 0.035326204007708674 12333.08999999973 
0.2986871646178998 0.035326204007708674 12341.42299999973 
0.2986871646178998 0.035326204007708674 12349.755999999728 
0.2986871646178998 0.035326204007708674 12358.088999999727 
0.2986871646178998 0.035326204007708674 12366.421999999728 
0.2986871646178998 0.035326204007708674 12374.754999999728 
0.2986871646178998 0.035326204007708674 12383.087999999727 
0.2986871646178998 0.035326204007708674 12391.420999999726 
0.2986871646178998 0.035326204007708674 12399.753999999726 
0.2986871646178998 0.035326204007708674 12408.086999999727 
0.2986871646178998 0.035326204007708674 12416.419999999725 
0.2986871646178998 0.035326204007708674 12424.752999999724 
0.2986871646178998 0.035326204007708674 12433.085999999725 
0.2986871646178998 0.035326204007708674 12441.418999999725 
0.2986871646178998 0.035326204007708674 12449.751999999724 
0.2986871646178998 0.035326204007708674 12458.084999999723 
0.2986871646178998 0.035326204007708674 12466.417999999723 
0.2986871646178998 0.035326204007708674 12474.750999999724 
0.2986871646178998 0.035326204007708674 12483.083999999722 
0.2986871646178998 0.035326204007708674 12491.416999999721 
0.2986871646178998 0.035326204007708674 12499.749999999722 
