1501 
-41.585464415375505 -72.66958839756832 0.2500000002783054 
-41.585464415375505 -72.66958839756832 8.583000000278844 
-41.585464415375505 -72.66958839756832 16.916000000277563 
-41.585464415375505 -72.66958839756832 25.249000000276283 
-41.585464415375505 -72.66958839756832 33.58200000027682 
-41.585464415375505 -72.66958839756832 41.91500000027736 
-41.585464415375505 -72.66958839756832 50.24800000027608 
-41.585464415375505 -72.66958839756832 58.5810000002748 
-41.585464415375505 -72.66958839756832 66.91400000027534 
-41.585464415375505 -72.66958839756832 75.24700000027588 
-41.585464415375505 -72.66958839756832 83.5800000002746 
-41.585464415375505 -72.66958839756832 91.91300000027331 
-41.585464415375505 -72.66958839756832 100.24600000027385 
-41.585464415375505 -72.66958839756832 108.57900000027439 
-41.585464415375505 -72.66958839756832 116.91200000027311 
-41.585464415375505 -72.66958839756832 125.24500000027183 
-41.585464415375505 -72.66958839756832 133.57800000027237 
-41.585464415375505 -72.66958839756832 141.9110000002729 
-41.585464415375505 -72.66958839756832 150.24400000027163 
-41.585464415375505 -72.66958839756832 158.57700000027035 
-41.585464415375505 -72.66958839756832 166.91000000027088 
-41.585464415375505 -72.66958839756832 175.24300000027142 
-41.585464415375505 -72.66958839756832 183.57600000027014 
-41.585464415375505 -72.66958839756832 191.90900000026886 
-41.585464415375505 -72.66958839756832 200.2420000002694 
-41.585464415375505 -72.66958839756832 208.57500000026994 
-41.585464415375505 -72.66958839756832 216.90800000026866 
-41.585464415375505 -72.66958839756832 225.24100000026738 
-41.585464415375505 -72.66958839756832 233.57400000026792 
-41.585464415375505 -72.66958839756832 241.90700000026845 
-41.585464415375505 -72.66958839756832 250.24000000026717 
-41.585464415375505 -72.66958839756832 258.5730000002659 
-41.585464415375505 -72.66958839756832 266.90600000026643 
-41.585464415375505 -72.66958839756832 275.23900000026697 
-41.585464415375505 -72.66958839756832 283.5720000002657 
-41.585464415375505 -72.66958839756832 291.9050000002644 
-41.585464415375505 -72.66958839756832 300.23800000026495 
-41.585464415375505 -72.66958839756832 308.5710000002655 
-41.585464415375505 -72.66958839756832 316.9040000002642 
-41.585464415375505 -72.66958839756832 325.2370000002629 
-41.585464415375505 -72.66958839756832 333.57000000026346 
-41.585464415375505 -72.66958839756832 341.903000000264 
-41.585464415375505 -72.66958839756832 350.2360000002627 
-41.585464415375505 -72.66958839756832 358.56900000026144 
-41.585464415375505 -72.66958839756832 366.902000000262 
-41.585464415375505 -72.66958839756832 375.2350000002625 
-41.585464415375505 -72.66958839756832 383.56800000026124 
-41.585464415375505 -72.66958839756832 391.90100000025996 
-41.585464415375505 -72.66958839756832 400.2340000002605 
-41.585464415375505 -72.66958839756832 408.56700000026103 
-41.585464415375505 -72.66958839756832 416.90000000025975 
-41.585464415375505 -72.66958839756832 425.23300000025847 
-41.585464415375505 -72.66958839756832 433.566000000259 
-41.585464415375505 -72.66958839756832 441.89900000025955 
-41.585464415375505 -72.66958839756832 450.23200000025827 
-41.585464415375505 -72.66958839756832 458.565000000257 
-41.585464415375505 -72.66958839756832 466.8980000002575 
-41.585464415375505 -72.66958839756832 475.23100000025806 
-41.585464415375505 -72.66958839756832 483.5640000002568 
-41.585464415375505 -72.66958839756832 491.8970000002555 
-41.585464415375505 -72.66958839756832 500.23000000025604 
-41.585464415375505 -72.66958839756832 508.5630000002566 
-41.585464415375505 -72.66958839756832 516.8960000002553 
-41.585464415375505 -72.66958839756832 525.229000000254 
-41.585464415375505 -72.66958839756832 533.5620000002546 
-41.585464415375505 -72.66958839756832 541.8950000002551 
-41.585464415375505 -72.66958839756832 550.2280000002538 
-41.585464415375505 -72.66958839756832 558.5610000002525 
-41.585464415375505 -72.66958839756832 566.8940000002531 
-41.585464415375505 -72.66958839756832 575.2270000002536 
-41.585464415375505 -72.66958839756832 583.5600000002523 
-41.585464415375505 -72.66958839756832 591.893000000251 
-41.585464415375505 -72.66958839756832 600.2260000002516 
-41.585464415375505 -72.66958839756832 608.5590000002521 
-41.585464415375505 -72.66958839756832 616.8920000002508 
-41.585464415375505 -72.66958839756832 625.2250000002496 
-41.585464415375505 -72.66958839756832 633.5580000002501 
-41.585464415375505 -72.66958839756832 641.8910000002506 
-41.585464415375505 -72.66958839756832 650.2240000002494 
-41.585464415375505 -72.66958839756832 658.5570000002481 
-41.585464415375505 -72.66958839756832 666.8900000002486 
-41.585464415375505 -72.66958839756832 675.2230000002492 
-41.585464415375505 -72.66958839756832 683.5560000002479 
-41.585464415375505 -72.66958839756832 691.8890000002466 
-41.585464415375505 -72.66958839756832 700.2220000002471 
-41.585464415375505 -72.66958839756832 708.5550000002477 
-41.585464415375505 -72.66958839756832 716.8880000002464 
-41.585464415375505 -72.66958839756832 725.2210000002451 
-41.585464415375505 -72.66958839756832 733.5540000002457 
-41.585464415375505 -72.66958839756832 741.8870000002462 
-41.585464415375505 -72.66958839756832 750.2200000002449 
-41.585464415375505 -72.66958839756832 758.5530000002436 
-41.585464415375505 -72.66958839756832 766.8860000002442 
-41.585464415375505 -72.66958839756832 775.2190000002447 
-41.585464415375505 -72.66958839756832 783.5520000002434 
-41.585464415375505 -72.66958839756832 791.8850000002421 
-41.585464415375505 -72.66958839756832 800.2180000002427 
-41.585464415375505 -72.66958839756832 808.5510000002432 
-41.585464415375505 -72.66958839756832 816.8840000002419 
-41.585464415375505 -72.66958839756832 825.2170000002407 
-41.585464415375505 -72.66958839756832 833.5500000002412 
-41.585464415375505 -72.66958839756832 841.8830000002417 
-41.585464415375505 -72.66958839756832 850.2160000002405 
-41.585464415375505 -72.66958839756832 858.5490000002392 
-41.585464415375505 -72.66958839756832 866.8820000002397 
-41.585464415375505 -72.66958839756832 875.2150000002403 
-41.585464415375505 -72.66958839756832 883.548000000239 
-41.585464415375505 -72.66958839756832 891.8810000002377 
-41.585464415375505 -72.66958839756832 900.2140000002382 
-41.585464415375505 -72.66958839756832 908.5470000002388 
-41.585464415375505 -72.66958839756832 916.8800000002375 
-41.585464415375505 -72.66958839756832 925.2130000002362 
-41.585464415375505 -72.66958839756832 933.5460000002367 
-41.585464415375505 -72.66958839756832 941.8790000002373 
-41.585464415375505 -72.66958839756832 950.212000000236 
-41.585464415375505 -72.66958839756832 958.5450000002347 
-41.585464415375505 -72.66958839756832 966.8780000002353 
-41.585464415375505 -72.66958839756832 975.2110000002358 
-41.585464415375505 -72.66958839756832 983.5440000002345 
-41.585464415375505 -72.66958839756832 991.8770000002332 
-41.585464415375505 -72.66958839756832 1000.2100000002338 
-41.585464415375505 -72.66958839756832 1008.5430000002343 
-41.585464415375505 -72.66958839756832 1016.876000000233 
-41.585464415375505 -72.66958839756832 1025.2090000002318 
-41.585464415375505 -72.66958839756832 1033.5420000002323 
-41.585464415375505 -72.66958839756832 1041.8750000002328 
-41.585464415375505 -72.66958839756832 1050.2080000002316 
-41.585464415375505 -72.66958839756832 1058.5410000002303 
-41.585464415375505 -72.66958839756832 1066.8740000002308 
-41.585464415375505 -72.66958839756832 1075.2070000002313 
-41.585464415375505 -72.66958839756832 1083.54000000023 
-41.585464415375505 -72.66958839756832 1091.8730000002288 
-41.585464415375505 -72.66958839756832 1100.2060000002293 
-41.585464415375505 -72.66958839756832 1108.5390000002299 
-41.585464415375505 -72.66958839756832 1116.8720000002286 
-41.585464415375505 -72.66958839756832 1125.2050000002273 
-41.585464415375505 -72.66958839756832 1133.5380000002278 
-41.585464415375505 -72.66958839756832 1141.8710000002284 
-41.585464415375505 -72.66958839756832 1150.204000000227 
-41.585464415375505 -72.66958839756832 1158.5370000002258 
-41.585464415375505 -72.66958839756832 1166.8700000002264 
-41.585464415375505 -72.66958839756832 1175.203000000227 
-41.585464415375505 -72.66958839756832 1183.5360000002256 
-41.585464415375505 -72.66958839756832 1191.8690000002243 
-41.585464415375505 -72.66958839756832 1200.2020000002249 
-41.585464415375505 -72.66958839756832 1208.5350000002254 
-41.585464415375505 -72.66958839756832 1216.8680000002241 
-41.585464415375505 -72.66958839756832 1225.2010000002228 
-41.585464415375505 -72.66958839756832 1233.5340000002234 
-41.585464415375505 -72.66958839756832 1241.867000000224 
-41.585464415375505 -72.66958839756832 1250.2000000002226 
-41.585464415375505 -72.66958839756832 1258.5330000002214 
-41.585464415375505 -72.66958839756832 1266.866000000222 
-41.585464415375505 -72.66958839756832 1275.1990000002224 
-41.585464415375505 -72.66958839756832 1283.5320000002212 
-41.585464415375505 -72.66958839756832 1291.8650000002199 
-41.585464415375505 -72.66958839756832 1300.1980000002204 
-41.585464415375505 -72.66958839756832 1308.531000000221 
-41.585464415375505 -72.66958839756832 1316.8640000002197 
-41.585464415375505 -72.66958839756832 1325.1970000002184 
-41.585464415375505 -72.66958839756832 1333.530000000219 
-41.585464415375505 -72.66958839756832 1341.8630000002195 
-41.585464415375505 -72.66958839756832 1350.1960000002182 
-41.585464415375505 -72.66958839756832 1358.529000000217 
-41.585464415375505 -72.66958839756832 1366.8620000002174 
-41.585464415375505 -72.66958839756832 1375.195000000218 
-41.585464415375505 -72.66958839756832 1383.5280000002167 
-41.585464415375505 -72.66958839756832 1391.8610000002154 
-41.585464415375505 -72.66958839756832 1400.194000000216 
-41.585464415375505 -72.66958839756832 1408.5270000002165 
-41.585464415375505 -72.66958839756832 1416.8600000002152 
-41.585464415375505 -72.66958839756832 1425.193000000214 
-41.585464415375505 -72.66958839756832 1433.5260000002145 
-41.585464415375505 -72.66958839756832 1441.859000000215 
-41.585464415375505 -72.66958839756832 1450.1920000002137 
-41.585464415375505 -72.66958839756832 1458.5250000002125 
-41.585464415375505 -72.66958839756832 1466.858000000213 
-41.585464415375505 -72.66958839756832 1475.1910000002135 
-41.585464415375505 -72.66958839756832 1483.5240000002123 
-41.585464415375505 -72.66958839756832 1491.857000000211 
-41.585464415375505 -72.66958839756832 1500.1900000002115 
-41.585464415375505 -72.66958839756832 1508.523000000212 
-41.585464415375505 -72.66958839756832 1516.8560000002108 
-41.585464415375505 -72.66958839756832 1525.1890000002095 
-41.585464415375505 -72.66958839756832 1533.52200000021 
-41.585464415375505 -72.66958839756832 1541.8550000002106 
-41.585464415375505 -72.66958839756832 1550.1880000002093 
-41.585464415375505 -72.66958839756832 1558.521000000208 
-41.585464415375505 -72.66958839756832 1566.8540000002085 
-41.585464415375505 -72.66958839756832 1575.187000000209 
-41.585464415375505 -72.66958839756832 1583.5200000002078 
-41.585464415375505 -72.66958839756832 1591.8530000002065 
-41.585464415375505 -72.66958839756832 1600.186000000207 
-41.585464415375505 -72.66958839756832 1608.5190000002076 
-41.585464415375505 -72.66958839756832 1616.8520000002063 
-41.585464415375505 -72.66958839756832 1625.185000000205 
-41.585464415375505 -72.66958839756832 1633.5180000002056 
-41.585464415375505 -72.66958839756832 1641.851000000206 
-41.585464415375505 -72.66958839756832 1650.1840000002048 
-41.585464415375505 -72.66958839756832 1658.5170000002036 
-41.585464415375505 -72.66958839756832 1666.850000000204 
-41.585464415375505 -72.66958839756832 1675.1830000002046 
-41.585464415375505 -72.66958839756832 1683.5160000002033 
-41.585464415375505 -72.66958839756832 1691.849000000202 
-41.585464415375505 -72.66958839756832 1700.1820000002026 
-41.585464415375505 -72.66958839756832 1708.5150000002031 
-41.585464415375505 -72.66958839756832 1716.8480000002019 
-41.585464415375505 -72.66958839756832 1725.1810000002006 
-41.585464415375505 -72.66958839756832 1733.5140000002011 
-41.585464415375505 -72.66958839756832 1741.8470000002017 
-41.585464415375505 -72.66958839756832 1750.1800000002004 
-41.585464415375505 -72.66958839756832 1758.513000000199 
-41.585464415375505 -72.66958839756832 1766.8460000001996 
-41.585464415375505 -72.66958839756832 1775.1790000002002 
-41.585464415375505 -72.66958839756832 1783.512000000199 
-41.585464415375505 -72.66958839756832 1791.8450000001976 
-41.585464415375505 -72.66958839756832 1800.1780000001982 
-41.585464415375505 -72.66958839756832 1808.5110000001987 
-41.585464415375505 -72.66958839756832 1816.8440000001974 
-41.585464415375505 -72.66958839756832 1825.1770000001961 
-41.585464415375505 -72.66958839756832 1833.5100000001967 
-41.585464415375505 -72.66958839756832 1841.8430000001972 
-41.585464415375505 -72.66958839756832 1850.176000000196 
-41.585464415375505 -72.66958839756832 1858.5090000001946 
-41.585464415375505 -72.66958839756832 1866.8420000001952 
-41.585464415375505 -72.66958839756832 1875.1750000001957 
-41.585464415375505 -72.66958839756832 1883.5080000001944 
-41.585464415375505 -72.66958839756832 1891.8410000001932 
-41.585464415375505 -72.66958839756832 1900.1740000001937 
-41.585464415375505 -72.66958839756832 1908.5070000001942 
-41.585464415375505 -72.66958839756832 1916.840000000193 
-41.585464415375505 -72.66958839756832 1925.1730000001917 
-41.585464415375505 -72.66958839756832 1933.5060000001922 
-41.585464415375505 -72.66958839756832 1941.8390000001928 
-41.585464415375505 -72.66958839756832 1950.1720000001915 
-41.585464415375505 -72.66958839756832 1958.5050000001902 
-41.585464415375505 -72.66958839756832 1966.8380000001907 
-41.585464415375505 -72.66958839756832 1975.1710000001913 
-41.585464415375505 -72.66958839756832 1983.50400000019 
-41.585464415375505 -72.66958839756832 1991.8370000001887 
-41.585464415375505 -72.66958839756832 2000.1700000001892 
-41.585464415375505 -72.66958839756832 2008.5030000001898 
-41.585464415375505 -72.66958839756832 2016.8360000001885 
-41.585464415375505 -72.66958839756832 2025.1690000001872 
-41.585464415375505 -72.66958839756832 2033.5020000001878 
-41.585464415375505 -72.66958839756832 2041.8350000001883 
-41.585464415375505 -72.66958839756832 2050.168000000187 
-41.585464415375505 -72.66958839756832 2058.5010000001857 
-41.585464415375505 -72.66958839756832 2066.8340000001863 
-41.585464415375505 -72.66958839756832 2075.167000000187 
-41.585464415375505 -72.66958839756832 2083.5000000001855 
-41.585464415375505 -72.66958839756832 2091.8330000001843 
-41.585464415375505 -72.66958839756832 2100.166000000185 
-41.585464415375505 -72.66958839756832 2108.4990000001853 
-41.585464415375505 -72.66958839756832 2116.832000000184 
-41.585464415375505 -72.66958839756832 2125.1650000001828 
-41.585464415375505 -72.66958839756832 2133.4980000001833 
-41.585464415375505 -72.66958839756832 2141.831000000184 
-41.585464415375505 -72.66958839756832 2150.1640000001826 
-41.585464415375505 -72.66958839756832 2158.4970000001813 
-41.585464415375505 -72.66958839756832 2166.830000000182 
-41.585464415375505 -72.66958839756832 2175.1630000001824 
-41.585464415375505 -72.66958839756832 2183.496000000181 
-41.585464415375505 -72.66958839756832 2191.82900000018 
-41.585464415375505 -72.66958839756832 2200.1620000001803 
-41.585464415375505 -72.66958839756832 2208.495000000181 
-41.585464415375505 -72.66958839756832 2216.8280000001796 
-41.585464415375505 -72.66958839756832 2225.1610000001783 
-41.585464415375505 -72.66958839756832 2233.494000000179 
-41.585464415375505 -72.66958839756832 2241.8270000001794 
-41.585464415375505 -72.66958839756832 2250.160000000178 
-41.585464415375505 -72.66958839756832 2258.493000000177 
-41.585464415375505 -72.66958839756832 2266.8260000001774 
-41.585464415375505 -72.66958839756832 2275.159000000178 
-41.585464415375505 -72.66958839756832 2283.4920000001766 
-41.585464415375505 -72.66958839756832 2291.8250000001754 
-41.585464415375505 -72.66958839756832 2300.158000000176 
-41.585464415375505 -72.66958839756832 2308.4910000001764 
-41.585464415375505 -72.66958839756832 2316.824000000175 
-41.585464415375505 -72.66958839756832 2325.157000000174 
-41.585464415375505 -72.66958839756832 2333.4900000001744 
-41.585464415375505 -72.66958839756832 2341.823000000175 
-41.585464415375505 -72.66958839756832 2350.1560000001737 
-41.585464415375505 -72.66958839756832 2358.4890000001724 
-41.585464415375505 -72.66958839756832 2366.822000000173 
-41.585464415375505 -72.66958839756832 2375.1550000001735 
-41.585464415375505 -72.66958839756832 2383.488000000172 
-41.585464415375505 -72.66958839756832 2391.821000000171 
-41.585464415375505 -72.66958839756832 2400.1540000001714 
-41.585464415375505 -72.66958839756832 2408.487000000172 
-41.585464415375505 -72.66958839756832 2416.8200000001707 
-41.585464415375505 -72.66958839756832 2425.1530000001694 
-41.585464415375505 -72.66958839756832 2433.48600000017 
-41.585464415375505 -72.66958839756832 2441.8190000001705 
-41.585464415375505 -72.66958839756832 2450.152000000169 
-41.585464415375505 -72.66958839756832 2458.485000000168 
-41.585464415375505 -72.66958839756832 2466.8180000001685 
-41.585464415375505 -72.66958839756832 2475.151000000169 
-41.585464415375505 -72.66958839756832 2483.4840000001677 
-41.585464415375505 -72.66958839756832 2491.8170000001664 
-41.585464415375505 -72.66958839756832 2500.150000000167 
-41.585464415375505 -72.66958839756832 2508.4830000001675 
-41.585464415375505 -72.66958839756832 2516.8160000001662 
-41.585464415375505 -72.66958839756832 2525.149000000165 
-41.585464415375505 -72.66958839756832 2533.4820000001655 
-41.585464415375505 -72.66958839756832 2541.815000000166 
-41.585464415375505 -72.66958839756832 2550.1480000001648 
-41.585464415375505 -72.66958839756832 2558.4810000001635 
-41.585464415375505 -72.66958839756832 2566.814000000164 
-41.585464415375505 -72.66958839756832 2575.1470000001646 
-41.585464415375505 -72.66958839756832 2583.4800000001633 
-41.585464415375505 -72.66958839756832 2591.813000000162 
-41.585464415375505 -72.66958839756832 2600.1460000001625 
-41.585464415375505 -72.66958839756832 2608.479000000163 
-41.585464415375505 -72.66958839756832 2616.812000000162 
-41.585464415375505 -72.66958839756832 2625.1450000001605 
-41.585464415375505 -72.66958839756832 2633.478000000161 
-41.585464415375505 -72.66958839756832 2641.8110000001616 
-41.585464415375505 -72.66958839756832 2650.1440000001603 
-41.585464415375505 -72.66958839756832 2658.477000000159 
-41.585464415375505 -72.66958839756832 2666.8100000001596 
-41.585464415375505 -72.66958839756832 2675.14300000016 
-41.585464415375505 -72.66958839756832 2683.476000000159 
-41.585464415375505 -72.66958839756832 2691.8090000001575 
-41.585464415375505 -72.66958839756832 2700.142000000158 
-41.585464415375505 -72.66958839756832 2708.4750000001586 
-41.585464415375505 -72.66958839756832 2716.8080000001573 
-41.585464415375505 -72.66958839756832 2725.141000000156 
-41.585464415375505 -72.66958839756832 2733.4740000001566 
-41.585464415375505 -72.66958839756832 2741.807000000157 
-41.585464415375505 -72.66958839756832 2750.140000000156 
-41.585464415375505 -72.66958839756832 2758.4730000001546 
-41.585464415375505 -72.66958839756832 2766.806000000155 
-41.585464415375505 -72.66958839756832 2775.1390000001556 
-41.585464415375505 -72.66958839756832 2783.4720000001544 
-41.585464415375505 -72.66958839756832 2791.805000000153 
-41.585464415375505 -72.66958839756832 2800.1380000001536 
-41.585464415375505 -72.66958839756832 2808.471000000154 
-41.585464415375505 -72.66958839756832 2816.804000000153 
-41.585464415375505 -72.66958839756832 2825.1370000001516 
-41.585464415375505 -72.66958839756832 2833.470000000152 
-41.585464415375505 -72.66958839756832 2841.8030000001527 
-41.585464415375505 -72.66958839756832 2850.1360000001514 
-41.585464415375505 -72.66958839756832 2858.46900000015 
-41.585464415375505 -72.66958839756832 2866.8020000001507 
-41.585464415375505 -72.66958839756832 2875.135000000151 
-41.585464415375505 -72.66958839756832 2883.46800000015 
-41.585464415375505 -72.66958839756832 2891.8010000001486 
-41.585464415375505 -72.66958839756832 2900.134000000149 
-41.585464415375505 -72.66958839756832 2908.4670000001497 
-41.585464415375505 -72.66958839756832 2916.8000000001484 
-41.585464415375505 -72.66958839756832 2925.133000000147 
-41.585464415375505 -72.66958839756832 2933.4660000001477 
-41.585464415375505 -72.66958839756832 2941.799000000148 
-41.585464415375505 -72.66958839756832 2950.132000000147 
-41.585464415375505 -72.66958839756832 2958.4650000001457 
-41.585464415375505 -72.66958839756832 2966.798000000146 
-41.585464415375505 -72.66958839756832 2975.1310000001467 
-41.585464415375505 -72.66958839756832 2983.4640000001455 
-41.585464415375505 -72.66958839756832 2991.797000000144 
-41.585464415375505 -72.66958839756832 3000.1300000001447 
-41.585464415375505 -72.66958839756832 3008.4630000001453 
-41.585464415375505 -72.66958839756832 3016.796000000144 
-41.585464415375505 -72.66958839756832 3025.1290000001427 
-41.585464415375505 -72.66958839756832 3033.4620000001432 
-41.585464415375505 -72.66958839756832 3041.795000000144 
-41.585464415375505 -72.66958839756832 3050.1280000001425 
-41.585464415375505 -72.66958839756832 3058.461000000141 
-41.585464415375505 -72.66958839756832 3066.7940000001418 
-41.585464415375505 -72.66958839756832 3075.1270000001423 
-41.585464415375505 -72.66958839756832 3083.460000000141 
-41.585464415375505 -72.66958839756832 3091.7930000001397 
-41.585464415375505 -72.66958839756832 3100.1260000001403 
-41.585464415375505 -72.66958839756832 3108.459000000141 
-41.585464415375505 -72.66958839756832 3116.7920000001395 
-41.585464415375505 -72.66958839756832 3125.1250000001382 
-41.585464415375505 -72.66958839756832 3133.458000000139 
-41.585464415375505 -72.66958839756832 3141.7910000001393 
-41.585464415375505 -72.66958839756832 3150.124000000138 
-41.585464415375505 -72.66958839756832 3158.4570000001368 
-41.585464415375505 -72.66958839756832 3166.7900000001373 
-41.585464415375505 -72.66958839756832 3175.123000000138 
-41.585464415375505 -72.66958839756832 3183.4560000001366 
-41.585464415375505 -72.66958839756832 3191.7890000001353 
-41.585464415375505 -72.66958839756832 3200.122000000136 
-41.585464415375505 -72.66958839756832 3208.4550000001364 
-41.585464415375505 -72.66958839756832 3216.788000000135 
-41.585464415375505 -72.66958839756832 3225.121000000134 
-41.585464415375505 -72.66958839756832 3233.4540000001343 
-41.585464415375505 -72.66958839756832 3241.787000000135 
-41.585464415375505 -72.66958839756832 3250.1200000001336 
-41.585464415375505 -72.66958839756832 3258.4530000001323 
-41.585464415375505 -72.66958839756832 3266.786000000133 
-41.585464415375505 -72.66958839756832 3275.1190000001334 
-41.585464415375505 -72.66958839756832 3283.452000000132 
-41.585464415375505 -72.66958839756832 3291.785000000131 
-41.585464415375505 -72.66958839756832 3300.1180000001314 
-41.585464415375505 -72.66958839756832 3308.451000000132 
-41.585464415375505 -72.66958839756832 3316.7840000001306 
-41.585464415375505 -72.66958839756832 3325.1170000001293 
-41.585464415375505 -72.66958839756832 3333.45000000013 
-41.585464415375505 -72.66958839756832 3341.7830000001304 
-41.585464415375505 -72.66958839756832 3350.116000000129 
-41.585464415375505 -72.66958839756832 3358.449000000128 
-41.585464415375505 -72.66958839756832 3366.7820000001284 
-41.585464415375505 -72.66958839756832 3375.115000000129 
-41.585464415375505 -72.66958839756832 3383.4480000001276 
-41.585464415375505 -72.66958839756832 3391.7810000001264 
-41.585464415375505 -72.66958839756832 3400.114000000127 
-41.585464415375505 -72.66958839756832 3408.4470000001274 
-41.585464415375505 -72.66958839756832 3416.780000000126 
-41.585464415375505 -72.66958839756832 3425.113000000125 
-41.585464415375505 -72.66958839756832 3433.4460000001254 
-41.585464415375505 -72.66958839756832 3441.779000000126 
-41.585464415375505 -72.66958839756832 3450.1120000001247 
-41.585464415375505 -72.66958839756832 3458.4450000001234 
-41.585464415375505 -72.66958839756832 3466.778000000124 
-41.585464415375505 -72.66958839756832 3475.1110000001245 
-41.585464415375505 -72.66958839756832 3483.444000000123 
-41.585464415375505 -72.66958839756832 3491.777000000122 
-41.585464415375505 -72.66958839756832 3500.1100000001225 
-41.585464415375505 -72.66958839756832 3508.443000000123 
-41.585464415375505 -72.66958839756832 3516.7760000001217 
-41.585464415375505 -72.66958839756832 3525.1090000001204 
-41.585464415375505 -72.66958839756832 3533.442000000121 
-41.585464415375505 -72.66958839756832 3541.7750000001215 
-41.585464415375505 -72.66958839756832 3550.1080000001202 
-41.585464415375505 -72.66958839756832 3558.441000000119 
-41.585464415375505 -72.66958839756832 3566.7740000001195 
-41.585464415375505 -72.66958839756832 3575.10700000012 
-41.585464415375505 -72.66958839756832 3583.4400000001187 
-41.585464415375505 -72.66958839756832 3591.7730000001175 
-41.585464415375505 -72.66958839756832 3600.106000000118 
-41.585464415375505 -72.66958839756832 3608.4390000001185 
-41.585464415375505 -72.66958839756832 3616.7720000001173 
-41.585464415375505 -72.66958839756832 3625.105000000116 
-41.585464415375505 -72.66958839756832 3633.4380000001165 
-41.585464415375505 -72.66958839756832 3641.771000000117 
-41.585464415375505 -72.66958839756832 3650.104000000116 
-41.585464415375505 -72.66958839756832 3658.4370000001145 
-41.585464415375505 -72.66958839756832 3666.770000000115 
-41.585464415375505 -72.66958839756832 3675.1030000001156 
-41.585464415375505 -72.66958839756832 3683.4360000001143 
-41.585464415375505 -72.66958839756832 3691.769000000113 
-41.585464415375505 -72.66958839756832 3700.1020000001135 
-41.585464415375505 -72.66958839756832 3708.435000000114 
-41.585464415375505 -72.66958839756832 3716.768000000113 
-41.585464415375505 -72.66958839756832 3725.1010000001115 
-41.585464415375505 -72.66958839756832 3733.434000000112 
-41.585464415375505 -72.66958839756832 3741.7670000001126 
-41.585464415375505 -72.66958839756832 3750.1000000001113 
-41.585464415375505 -72.66958839756832 3758.43300000011 
-41.585464415375505 -72.66958839756832 3766.7660000001106 
-41.585464415375505 -72.66958839756832 3775.099000000111 
-41.585464415375505 -72.66958839756832 3783.43200000011 
-41.585464415375505 -72.66958839756832 3791.7650000001086 
-41.585464415375505 -72.66958839756832 3800.098000000109 
-41.585464415375505 -72.66958839756832 3808.4310000001096 
-41.585464415375505 -72.66958839756832 3816.7640000001084 
-41.585464415375505 -72.66958839756832 3825.097000000107 
-41.585464415375505 -72.66958839756832 3833.4300000001076 
-41.585464415375505 -72.66958839756832 3841.763000000108 
-41.585464415375505 -72.66958839756832 3850.096000000107 
-41.585464415375505 -72.66958839756832 3858.4290000001056 
-41.585464415375505 -72.66958839756832 3866.762000000106 
-41.585464415375505 -72.66958839756832 3875.0950000001067 
-41.585464415375505 -72.66958839756832 3883.4280000001054 
-41.585464415375505 -72.66958839756832 3891.761000000104 
-41.585464415375505 -72.66958839756832 3900.0940000001046 
-41.585464415375505 -72.66958839756832 3908.427000000105 
-41.585464415375505 -72.66958839756832 3916.760000000104 
-41.585464415375505 -72.66958839756832 3925.0930000001026 
-41.585464415375505 -72.66958839756832 3933.426000000103 
-41.585464415375505 -72.66958839756832 3941.7590000001037 
-41.585464415375505 -72.66958839756832 3950.0920000001024 
-41.585464415375505 -72.66958839756832 3958.425000000101 
-41.585464415375505 -72.66958839756832 3966.7580000001017 
-41.585464415375505 -72.66958839756832 3975.091000000102 
-41.585464415375505 -72.66958839756832 3983.424000000101 
-41.585464415375505 -72.66958839756832 3991.7570000000997 
-41.585464415375505 -72.66958839756832 4000.0900000001 
-41.585464415375505 -72.66958839756832 4008.4230000001007 
-41.585464415375505 -72.66958839756832 4016.7560000000994 
-41.585464415375505 -72.66958839756832 4025.089000000098 
-41.585464415375505 -72.66958839756832 4033.4220000000987 
-41.585464415375505 -72.66958839756832 4041.7550000000992 
-41.585464415375505 -72.66958839756832 4050.088000000098 
-41.585464415375505 -72.66958839756832 4058.4210000000967 
-41.585464415375505 -72.66958839756832 4066.754000000097 
-41.585464415375505 -72.66958839756832 4075.0870000000978 
-41.585464415375505 -72.66958839756832 4083.4200000000965 
-41.585464415375505 -72.66958839756832 4091.753000000095 
-41.585464415375505 -72.66958839756832 4100.086000000096 
-41.585464415375505 -72.66958839756832 4108.419000000096 
-41.585464415375505 -72.66958839756832 4116.752000000095 
-41.585464415375505 -72.66958839756832 4125.085000000094 
-41.585464415375505 -72.66958839756832 4133.418000000094 
-41.585464415375505 -72.66958839756832 4141.751000000095 
-41.585464415375505 -72.66958839756832 4150.0840000000935 
-41.585464415375505 -72.66958839756832 4158.417000000092 
-41.585464415375505 -72.66958839756832 4166.750000000093 
-41.585464415375505 -72.66958839756832 4175.083000000093 
-41.585464415375505 -72.66958839756832 4183.416000000092 
-41.585464415375505 -72.66958839756832 4191.749000000091 
-41.585464415375505 -72.66958839756832 4200.082000000091 
-41.585464415375505 -72.66958839756832 4208.415000000092 
-41.585464415375505 -72.66958839756832 4216.7480000000905 
-41.585464415375505 -72.66958839756832 4225.081000000089 
-41.585464415375505 -72.66958839756832 4233.41400000009 
-41.585464415375505 -72.66958839756832 4241.74700000009 
-41.585464415375505 -72.66958839756832 4250.080000000089 
-41.585464415375505 -72.66958839756832 4258.413000000088 
-41.585464415375505 -72.66958839756832 4266.746000000088 
-41.585464415375505 -72.66958839756832 4275.079000000089 
-41.585464415375505 -72.66958839756832 4283.412000000088 
-41.585464415375505 -72.66958839756832 4291.745000000086 
-41.585464415375505 -72.66958839756832 4300.078000000087 
-41.585464415375505 -72.66958839756832 4308.4110000000865 
-41.585464415375505 -72.66958839756832 4316.744000000086 
-41.585464415375505 -72.66958839756832 4325.077000000086 
-41.585464415375505 -72.66958839756832 4333.410000000085 
-41.585464415375505 -72.66958839756832 4341.743000000085 
-41.585464415375505 -72.66958839756832 4350.076000000085 
-41.585464415375505 -72.66958839756832 4358.409000000084 
-41.585464415375505 -72.66958839756832 4366.742000000084 
-41.585464415375505 -72.66958839756832 4375.0750000000835 
-41.585464415375505 -72.66958839756832 4383.408000000083 
-41.585464415375505 -72.66958839756832 4391.741000000083 
-41.585464415375505 -72.66958839756832 4400.074000000082 
-41.585464415375505 -72.66958839756832 4408.407000000082 
-41.585464415375505 -72.66958839756832 4416.740000000082 
-41.585464415375505 -72.66958839756832 4425.073000000081 
-41.585464415375505 -72.66958839756832 4433.406000000081 
-41.585464415375505 -72.66958839756832 4441.7390000000805 
-41.585464415375505 -72.66958839756832 4450.07200000008 
-41.585464415375505 -72.66958839756832 4458.40500000008 
-41.585464415375505 -72.66958839756832 4466.738000000079 
-41.585464415375505 -72.66958839756832 4475.071000000079 
-41.585464415375505 -72.66958839756832 4483.404000000079 
-41.585464415375505 -72.66958839756832 4491.737000000078 
-41.585464415375505 -72.66958839756832 4500.070000000078 
-41.585464415375505 -72.66958839756832 4508.403000000078 
-41.585464415375505 -72.66958839756832 4516.736000000077 
-41.585464415375505 -72.66958839756832 4525.069000000077 
-41.585464415375505 -72.66958839756832 4533.402000000076 
-41.585464415375505 -72.66958839756832 4541.735000000076 
-41.585464415375505 -72.66958839756832 4550.068000000076 
-41.585464415375505 -72.66958839756832 4558.401000000075 
-41.585464415375505 -72.66958839756832 4566.734000000075 
-41.585464415375505 -72.66958839756832 4575.067000000075 
-41.585464415375505 -72.66958839756832 4583.400000000074 
-41.585464415375505 -72.66958839756832 4591.733000000074 
-41.585464415375505 -72.66958839756832 4600.0660000000735 
-41.585464415375505 -72.66958839756832 4608.399000000073 
-41.585464415375505 -72.66958839756832 4616.732000000073 
-41.585464415375505 -72.66958839756832 4625.065000000072 
-41.585464415375505 -72.66958839756832 4633.398000000072 
-41.585464415375505 -72.66958839756832 4641.731000000072 
-41.585464415375505 -72.66958839756832 4650.064000000071 
-41.585464415375505 -72.66958839756832 4658.397000000071 
-41.585464415375505 -72.66958839756832 4666.7300000000705 
-41.585464415375505 -72.66958839756832 4675.06300000007 
-41.585464415375505 -72.66958839756832 4683.39600000007 
-41.585464415375505 -72.66958839756832 4691.729000000069 
-41.585464415375505 -72.66958839756832 4700.062000000069 
-41.585464415375505 -72.66958839756832 4708.395000000069 
-41.585464415375505 -72.66958839756832 4716.728000000068 
-41.585464415375505 -72.66958839756832 4725.061000000068 
-41.585464415375505 -72.66958839756832 4733.3940000000675 
-41.585464415375505 -72.66958839756832 4741.727000000067 
-41.585464415375505 -72.66958839756832 4750.060000000067 
-41.585464415375505 -72.66958839756832 4758.393000000066 
-41.585464415375505 -72.66958839756832 4766.726000000066 
-41.585464415375505 -72.66958839756832 4775.059000000066 
-41.585464415375505 -72.66958839756832 4783.392000000065 
-41.585464415375505 -72.66958839756832 4791.725000000065 
-41.585464415375505 -72.66958839756832 4800.058000000065 
-41.585464415375505 -72.66958839756832 4808.391000000064 
-41.585464415375505 -72.66958839756832 4816.724000000064 
-41.585464415375505 -72.66958839756832 4825.057000000063 
-41.585464415375505 -72.66958839756832 4833.390000000063 
-41.585464415375505 -72.66958839756832 4841.723000000063 
-41.585464415375505 -72.66958839756832 4850.056000000062 
-41.585464415375505 -72.66958839756832 4858.389000000062 
-41.585464415375505 -72.66958839756832 4866.722000000062 
-41.585464415375505 -72.66958839756832 4875.055000000061 
-41.585464415375505 -72.66958839756832 4883.388000000061 
-41.585464415375505 -72.66958839756832 4891.7210000000605 
-41.585464415375505 -72.66958839756832 4900.05400000006 
-41.585464415375505 -72.66958839756832 4908.38700000006 
-41.585464415375505 -72.66958839756832 4916.720000000059 
-41.585464415375505 -72.66958839756832 4925.053000000059 
-41.585464415375505 -72.66958839756832 4933.386000000059 
-41.585464415375505 -72.66958839756832 4941.719000000058 
-41.585464415375505 -72.66958839756832 4950.052000000058 
-41.585464415375505 -72.66958839756832 4958.3850000000575 
-41.585464415375505 -72.66958839756832 4966.718000000057 
-41.585464415375505 -72.66958839756832 4975.051000000057 
-41.585464415375505 -72.66958839756832 4983.384000000056 
-41.585464415375505 -72.66958839756832 4991.717000000056 
-41.585464415375505 -72.66958839756832 5000.050000000056 
-41.585464415375505 -72.66958839756832 5008.383000000055 
-41.585464415375505 -72.66958839756832 5016.716000000055 
-41.585464415375505 -72.66958839756832 5025.049000000055 
-41.585464415375505 -72.66958839756832 5033.382000000054 
-41.585464415375505 -72.66958839756832 5041.715000000054 
-41.585464415375505 -72.66958839756832 5050.048000000053 
-41.585464415375505 -72.66958839756832 5058.381000000053 
-41.585464415375505 -72.66958839756832 5066.714000000053 
-41.585464415375505 -72.66958839756832 5075.047000000052 
-41.585464415375505 -72.66958839756832 5083.380000000052 
-41.585464415375505 -72.66958839756832 5091.713000000052 
-41.585464415375505 -72.66958839756832 5100.046000000051 
-41.585464415375505 -72.66958839756832 5108.379000000051 
-41.585464415375505 -72.66958839756832 5116.7120000000505 
-41.585464415375505 -72.66958839756832 5125.04500000005 
-41.585464415375505 -72.66958839756832 5133.37800000005 
-41.585464415375505 -72.66958839756832 5141.711000000049 
-41.585464415375505 -72.66958839756832 5150.044000000049 
-41.585464415375505 -72.66958839756832 5158.377000000049 
-41.585464415375505 -72.66958839756832 5166.710000000048 
-41.585464415375505 -72.66958839756832 5175.043000000048 
-41.585464415375505 -72.66958839756832 5183.3760000000475 
-41.585464415375505 -72.66958839756832 5191.709000000047 
-41.585464415375505 -72.66958839756832 5200.042000000047 
-41.585464415375505 -72.66958839756832 5208.375000000046 
-41.585464415375505 -72.66958839756832 5216.708000000046 
-41.585464415375505 -72.66958839756832 5225.041000000046 
-41.585464415375505 -72.66958839756832 5233.374000000045 
-41.585464415375505 -72.66958839756832 5241.707000000045 
-41.585464415375505 -72.66958839756832 5250.0400000000445 
-41.585464415375505 -72.66958839756832 5258.373000000044 
-41.585464415375505 -72.66958839756832 5266.706000000044 
-41.585464415375505 -72.66958839756832 5275.039000000043 
-41.585464415375505 -72.66958839756832 5283.372000000043 
-41.585464415375505 -72.66958839756832 5291.705000000043 
-41.585464415375505 -72.66958839756832 5300.038000000042 
-41.585464415375505 -72.66958839756832 5308.371000000042 
-41.585464415375505 -72.66958839756832 5316.704000000042 
-41.585464415375505 -72.66958839756832 5325.037000000041 
-41.585464415375505 -72.66958839756832 5333.370000000041 
-41.585464415375505 -72.66958839756832 5341.70300000004 
-41.585464415375505 -72.66958839756832 5350.03600000004 
-41.585464415375505 -72.66958839756832 5358.36900000004 
-41.585464415375505 -72.66958839756832 5366.702000000039 
-41.585464415375505 -72.66958839756832 5375.035000000039 
-41.585464415375505 -72.66958839756832 5383.368000000039 
-41.585464415375505 -72.66958839756832 5391.701000000038 
-41.585464415375505 -72.66958839756832 5400.034000000038 
-41.585464415375505 -72.66958839756832 5408.3670000000375 
-41.585464415375505 -72.66958839756832 5416.700000000037 
-41.585464415375505 -72.66958839756832 5425.033000000037 
-41.585464415375505 -72.66958839756832 5433.366000000036 
-41.585464415375505 -72.66958839756832 5441.699000000036 
-41.585464415375505 -72.66958839756832 5450.032000000036 
-41.585464415375505 -72.66958839756832 5458.365000000035 
-41.585464415375505 -72.66958839756832 5466.698000000035 
-41.585464415375505 -72.66958839756832 5475.0310000000345 
-41.585464415375505 -72.66958839756832 5483.364000000034 
-41.585464415375505 -72.66958839756832 5491.697000000034 
-41.585464415375505 -72.66958839756832 5500.030000000033 
-41.585464415375505 -72.66958839756832 5508.363000000033 
-41.585464415375505 -72.66958839756832 5516.696000000033 
-41.585464415375505 -72.66958839756832 5525.029000000032 
-41.585464415375505 -72.66958839756832 5533.362000000032 
-41.585464415375505 -72.66958839756832 5541.6950000000315 
-41.585464415375505 -72.66958839756832 5550.028000000031 
-41.585464415375505 -72.66958839756832 5558.361000000031 
-41.585464415375505 -72.66958839756832 5566.69400000003 
-41.585464415375505 -72.66958839756832 5575.02700000003 
-41.585464415375505 -72.66958839756832 5583.36000000003 
-41.585464415375505 -72.66958839756832 5591.693000000029 
-41.585464415375505 -72.66958839756832 5600.026000000029 
-41.585464415375505 -72.66958839756832 5608.359000000029 
-41.585464415375505 -72.66958839756832 5616.692000000028 
-41.585464415375505 -72.66958839756832 5625.025000000028 
-41.585464415375505 -72.66958839756832 5633.3580000000275 
-41.585464415375505 -72.66958839756832 5641.691000000027 
-41.585464415375505 -72.66958839756832 5650.024000000027 
-41.585464415375505 -72.66958839756832 5658.357000000026 
-41.585464415375505 -72.66958839756832 5666.690000000026 
-41.585464415375505 -72.66958839756832 5675.023000000026 
-41.585464415375505 -72.66958839756832 5683.356000000025 
-41.585464415375505 -72.66958839756832 5691.689000000025 
-41.585464415375505 -72.66958839756832 5700.0220000000245 
-41.585464415375505 -72.66958839756832 5708.355000000024 
-41.585464415375505 -72.66958839756832 5716.688000000024 
-41.585464415375505 -72.66958839756832 5725.021000000023 
-41.585464415375505 -72.66958839756832 5733.354000000023 
-41.585464415375505 -72.66958839756832 5741.687000000023 
-41.585464415375505 -72.66958839756832 5750.020000000022 
-41.585464415375505 -72.66958839756832 5758.353000000022 
-41.585464415375505 -72.66958839756832 5766.6860000000215 
-41.585464415375505 -72.66958839756832 5775.019000000021 
-41.585464415375505 -72.66958839756832 5783.352000000021 
-41.585464415375505 -72.66958839756832 5791.68500000002 
-41.585464415375505 -72.66958839756832 5800.01800000002 
-41.585464415375505 -72.66958839756832 5808.35100000002 
-41.585464415375505 -72.66958839756832 5816.684000000019 
-41.585464415375505 -72.66958839756832 5825.017000000019 
-41.585464415375505 -72.66958839756832 5833.350000000019 
-41.585464415375505 -72.66958839756832 5841.683000000018 
-41.585464415375505 -72.66958839756832 5850.016000000018 
-41.585464415375505 -72.66958839756832 5858.349000000017 
-41.585464415375505 -72.66958839756832 5866.682000000017 
-41.585464415375505 -72.66958839756832 5875.015000000017 
-41.585464415375505 -72.66958839756832 5883.348000000016 
-41.585464415375505 -72.66958839756832 5891.681000000016 
-41.585464415375505 -72.66958839756832 5900.014000000016 
-41.585464415375505 -72.66958839756832 5908.347000000015 
-41.585464415375505 -72.66958839756832 5916.680000000015 
-41.585464415375505 -72.66958839756832 5925.0130000000145 
-41.585464415375505 -72.66958839756832 5933.346000000014 
-41.585464415375505 -72.66958839756832 5941.679000000014 
-41.585464415375505 -72.66958839756832 5950.012000000013 
-41.585464415375505 -72.66958839756832 5958.345000000013 
-41.585464415375505 -72.66958839756832 5966.678000000013 
-41.585464415375505 -72.66958839756832 5975.011000000012 
-41.585464415375505 -72.66958839756832 5983.344000000012 
-41.585464415375505 -72.66958839756832 5991.6770000000115 
-41.585464415375505 -72.66958839756832 6000.010000000011 
-41.585464415375505 -72.66958839756832 6008.343000000011 
-41.585464415375505 -72.66958839756832 6016.67600000001 
-41.585464415375505 -72.66958839756832 6025.00900000001 
-41.585464415375505 -72.66958839756832 6033.34200000001 
-41.585464415375505 -72.66958839756832 6041.675000000009 
-41.585464415375505 -72.66958839756832 6050.008000000009 
-41.585464415375505 -72.66958839756832 6058.3410000000085 
-41.585464415375505 -72.66958839756832 6066.674000000008 
-41.585464415375505 -72.66958839756832 6075.007000000008 
-41.585464415375505 -72.66958839756832 6083.340000000007 
-41.585464415375505 -72.66958839756832 6091.673000000007 
-41.585464415375505 -72.66958839756832 6100.006000000007 
-41.585464415375505 -72.66958839756832 6108.339000000006 
-41.585464415375505 -72.66958839756832 6116.672000000006 
-41.585464415375505 -72.66958839756832 6125.005000000006 
-41.585464415375505 -72.66958839756832 6133.338000000005 
-41.585464415375505 -72.66958839756832 6141.671000000005 
-41.585464415375505 -72.66958839756832 6150.004000000004 
-41.585464415375505 -72.66958839756832 6158.337000000004 
-41.585464415375505 -72.66958839756832 6166.670000000004 
-41.585464415375505 -72.66958839756832 6175.003000000003 
-41.585464415375505 -72.66958839756832 6183.336000000003 
-41.585464415375505 -72.66958839756832 6191.669000000003 
-41.585464415375505 -72.66958839756832 6200.002000000002 
-41.585464415375505 -72.66958839756832 6208.335000000002 
-41.585464415375505 -72.66958839756832 6216.6680000000015 
-41.585464415375505 -72.66958839756832 6225.001000000001 
-41.585464415375505 -72.66958839756832 6233.334000000001 
-41.585464415375505 -72.66958839756832 6241.667 
-41.585464415375505 -72.66958839756832 6250.0 
-41.585464415375505 -72.66958839756832 6258.333 
-41.585464415375505 -72.66958839756832 6266.665999999999 
-41.585464415375505 -72.66958839756832 6274.998999999999 
-41.585464415375505 -72.66958839756832 6283.3319999999985 
-41.585464415375505 -72.66958839756832 6291.664999999998 
-41.585464415375505 -72.66958839756832 6299.997999999998 
-41.585464415375505 -72.66958839756832 6308.330999999997 
-41.585464415375505 -72.66958839756832 6316.663999999997 
-41.585464415375505 -72.66958839756832 6324.996999999997 
-41.585464415375505 -72.66958839756832 6333.329999999996 
-41.585464415375505 -72.66958839756832 6341.662999999996 
-41.585464415375505 -72.66958839756832 6349.995999999996 
-41.585464415375505 -72.66958839756832 6358.328999999995 
-41.585464415375505 -72.66958839756832 6366.661999999995 
-41.585464415375505 -72.66958839756832 6374.994999999994 
-41.585464415375505 -72.66958839756832 6383.327999999994 
-41.585464415375505 -72.66958839756832 6391.660999999994 
-41.585464415375505 -72.66958839756832 6399.993999999993 
-41.585464415375505 -72.66958839756832 6408.326999999993 
-41.585464415375505 -72.66958839756832 6416.659999999993 
-41.585464415375505 -72.66958839756832 6424.992999999992 
-41.585464415375505 -72.66958839756832 6433.325999999992 
-41.585464415375505 -72.66958839756832 6441.6589999999915 
-41.585464415375505 -72.66958839756832 6449.991999999991 
-41.585464415375505 -72.66958839756832 6458.324999999991 
-41.585464415375505 -72.66958839756832 6466.65799999999 
-41.585464415375505 -72.66958839756832 6474.99099999999 
-41.585464415375505 -72.66958839756832 6483.32399999999 
-41.585464415375505 -72.66958839756832 6491.656999999989 
-41.585464415375505 -72.66958839756832 6499.989999999989 
-41.585464415375505 -72.66958839756832 6508.3229999999885 
-41.585464415375505 -72.66958839756832 6516.655999999988 
-41.585464415375505 -72.66958839756832 6524.988999999988 
-41.585464415375505 -72.66958839756832 6533.321999999987 
-41.585464415375505 -72.66958839756832 6541.654999999987 
-41.585464415375505 -72.66958839756832 6549.987999999987 
-41.585464415375505 -72.66958839756832 6558.320999999986 
-41.585464415375505 -72.66958839756832 6566.653999999986 
-41.585464415375505 -72.66958839756832 6574.9869999999855 
-41.585464415375505 -72.66958839756832 6583.319999999985 
-41.585464415375505 -72.66958839756832 6591.652999999985 
-41.585464415375505 -72.66958839756832 6599.985999999984 
-41.585464415375505 -72.66958839756832 6608.318999999984 
-41.585464415375505 -72.66958839756832 6616.651999999984 
-41.585464415375505 -72.66958839756832 6624.984999999983 
-41.585464415375505 -72.66958839756832 6633.317999999983 
-41.585464415375505 -72.66958839756832 6641.650999999983 
-41.585464415375505 -72.66958839756832 6649.983999999982 
-41.585464415375505 -72.66958839756832 6658.316999999982 
-41.585464415375505 -72.66958839756832 6666.649999999981 
-41.585464415375505 -72.66958839756832 6674.982999999981 
-41.585464415375505 -72.66958839756832 6683.315999999981 
-41.585464415375505 -72.66958839756832 6691.64899999998 
-41.585464415375505 -72.66958839756832 6699.98199999998 
-41.585464415375505 -72.66958839756832 6708.31499999998 
-41.585464415375505 -72.66958839756832 6716.647999999979 
-41.585464415375505 -72.66958839756832 6724.980999999979 
-41.585464415375505 -72.66958839756832 6733.3139999999785 
-41.585464415375505 -72.66958839756832 6741.646999999978 
-41.585464415375505 -72.66958839756832 6749.979999999978 
-41.585464415375505 -72.66958839756832 6758.312999999977 
-41.585464415375505 -72.66958839756832 6766.645999999977 
-41.585464415375505 -72.66958839756832 6774.978999999977 
-41.585464415375505 -72.66958839756832 6783.311999999976 
-41.585464415375505 -72.66958839756832 6791.644999999976 
-41.585464415375505 -72.66958839756832 6799.9779999999755 
-41.585464415375505 -72.66958839756832 6808.310999999975 
-41.585464415375505 -72.66958839756832 6816.643999999975 
-41.585464415375505 -72.66958839756832 6824.976999999974 
-41.585464415375505 -72.66958839756832 6833.309999999974 
-41.585464415375505 -72.66958839756832 6841.642999999974 
-41.585464415375505 -72.66958839756832 6849.975999999973 
-41.585464415375505 -72.66958839756832 6858.308999999973 
-41.585464415375505 -72.66958839756832 6866.6419999999725 
-41.585464415375505 -72.66958839756832 6874.974999999972 
-41.585464415375505 -72.66958839756832 6883.307999999972 
-41.585464415375505 -72.66958839756832 6891.640999999971 
-41.585464415375505 -72.66958839756832 6899.973999999971 
-41.585464415375505 -72.66958839756832 6908.306999999971 
-41.585464415375505 -72.66958839756832 6916.63999999997 
-41.585464415375505 -72.66958839756832 6924.97299999997 
-41.585464415375505 -72.66958839756832 6933.30599999997 
-41.585464415375505 -72.66958839756832 6941.638999999969 
-41.585464415375505 -72.66958839756832 6949.971999999969 
-41.585464415375505 -72.66958839756832 6958.3049999999685 
-41.585464415375505 -72.66958839756832 6966.637999999968 
-41.585464415375505 -72.66958839756832 6974.970999999968 
-41.585464415375505 -72.66958839756832 6983.303999999967 
-41.585464415375505 -72.66958839756832 6991.636999999967 
-41.585464415375505 -72.66958839756832 6999.969999999967 
-41.585464415375505 -72.66958839756832 7008.302999999966 
-41.585464415375505 -72.66958839756832 7016.635999999966 
-41.585464415375505 -72.66958839756832 7024.9689999999655 
-41.585464415375505 -72.66958839756832 7033.301999999965 
-41.585464415375505 -72.66958839756832 7041.634999999965 
-41.585464415375505 -72.66958839756832 7049.967999999964 
-41.585464415375505 -72.66958839756832 7058.300999999964 
-41.585464415375505 -72.66958839756832 7066.633999999964 
-41.585464415375505 -72.66958839756832 7074.966999999963 
-41.585464415375505 -72.66958839756832 7083.299999999963 
-41.585464415375505 -72.66958839756832 7091.6329999999625 
-41.585464415375505 -72.66958839756832 7099.965999999962 
-41.585464415375505 -72.66958839756832 7108.298999999962 
-41.585464415375505 -72.66958839756832 7116.631999999961 
-41.585464415375505 -72.66958839756832 7124.964999999961 
-41.585464415375505 -72.66958839756832 7133.297999999961 
-41.585464415375505 -72.66958839756832 7141.63099999996 
-41.585464415375505 -72.66958839756832 7149.96399999996 
-41.585464415375505 -72.66958839756832 7158.29699999996 
-41.585464415375505 -72.66958839756832 7166.629999999959 
-41.585464415375505 -72.66958839756832 7174.962999999959 
-41.585464415375505 -72.66958839756832 7183.295999999958 
-41.585464415375505 -72.66958839756832 7191.628999999958 
-41.585464415375505 -72.66958839756832 7199.961999999958 
-41.585464415375505 -72.66958839756832 7208.294999999957 
-41.585464415375505 -72.66958839756832 7216.627999999957 
-41.585464415375505 -72.66958839756832 7224.960999999957 
-41.585464415375505 -72.66958839756832 7233.293999999956 
-41.585464415375505 -72.66958839756832 7241.626999999956 
-41.585464415375505 -72.66958839756832 7249.9599999999555 
-41.585464415375505 -72.66958839756832 7258.292999999955 
-41.585464415375505 -72.66958839756832 7266.625999999955 
-41.585464415375505 -72.66958839756832 7274.958999999954 
-41.585464415375505 -72.66958839756832 7283.291999999954 
-41.585464415375505 -72.66958839756832 7291.624999999954 
-41.585464415375505 -72.66958839756832 7299.957999999953 
-41.585464415375505 -72.66958839756832 7308.290999999953 
-41.585464415375505 -72.66958839756832 7316.6239999999525 
-41.585464415375505 -72.66958839756832 7324.956999999952 
-41.585464415375505 -72.66958839756832 7333.289999999952 
-41.585464415375505 -72.66958839756832 7341.622999999951 
-41.585464415375505 -72.66958839756832 7349.955999999951 
-41.585464415375505 -72.66958839756832 7358.288999999951 
-41.585464415375505 -72.66958839756832 7366.62199999995 
-41.585464415375505 -72.66958839756832 7374.95499999995 
-41.585464415375505 -72.66958839756832 7383.2879999999495 
-41.585464415375505 -72.66958839756832 7391.620999999949 
-41.585464415375505 -72.66958839756832 7399.953999999949 
-41.585464415375505 -72.66958839756832 7408.286999999948 
-41.585464415375505 -72.66958839756832 7416.619999999948 
-41.585464415375505 -72.66958839756832 7424.952999999948 
-41.585464415375505 -72.66958839756832 7433.285999999947 
-41.585464415375505 -72.66958839756832 7441.618999999947 
-41.585464415375505 -72.66958839756832 7449.951999999947 
-41.585464415375505 -72.66958839756832 7458.284999999946 
-41.585464415375505 -72.66958839756832 7466.617999999946 
-41.585464415375505 -72.66958839756832 7474.950999999945 
-41.585464415375505 -72.66958839756832 7483.283999999945 
-41.585464415375505 -72.66958839756832 7491.616999999945 
-41.585464415375505 -72.66958839756832 7499.949999999944 
-41.585464415375505 -72.66958839756832 7508.282999999944 
-41.585464415375505 -72.66958839756832 7516.615999999944 
-41.585464415375505 -72.66958839756832 7524.948999999943 
-41.585464415375505 -72.66958839756832 7533.281999999943 
-41.585464415375505 -72.66958839756832 7541.6149999999425 
-41.585464415375505 -72.66958839756832 7549.947999999942 
-41.585464415375505 -72.66958839756832 7558.280999999942 
-41.585464415375505 -72.66958839756832 7566.613999999941 
-41.585464415375505 -72.66958839756832 7574.946999999941 
-41.585464415375505 -72.66958839756832 7583.279999999941 
-41.585464415375505 -72.66958839756832 7591.61299999994 
-41.585464415375505 -72.66958839756832 7599.94599999994 
-41.585464415375505 -72.66958839756832 7608.2789999999395 
-41.585464415375505 -72.66958839756832 7616.611999999939 
-41.585464415375505 -72.66958839756832 7624.944999999939 
-41.585464415375505 -72.66958839756832 7633.277999999938 
-41.585464415375505 -72.66958839756832 7641.610999999938 
-41.585464415375505 -72.66958839756832 7649.943999999938 
-41.585464415375505 -72.66958839756832 7658.276999999937 
-41.585464415375505 -72.66958839756832 7666.609999999937 
-41.585464415375505 -72.66958839756832 7674.942999999937 
-41.585464415375505 -72.66958839756832 7683.275999999936 
-41.585464415375505 -72.66958839756832 7691.608999999936 
-41.585464415375505 -72.66958839756832 7699.941999999935 
-41.585464415375505 -72.66958839756832 7708.274999999935 
-41.585464415375505 -72.66958839756832 7716.607999999935 
-41.585464415375505 -72.66958839756832 7724.940999999934 
-41.585464415375505 -72.66958839756832 7733.273999999934 
-41.585464415375505 -72.66958839756832 7741.606999999934 
-41.585464415375505 -72.66958839756832 7749.939999999933 
-41.585464415375505 -72.66958839756832 7758.272999999933 
-41.585464415375505 -72.66958839756832 7766.6059999999325 
-41.585464415375505 -72.66958839756832 7774.938999999932 
-41.585464415375505 -72.66958839756832 7783.271999999932 
-41.585464415375505 -72.66958839756832 7791.604999999931 
-41.585464415375505 -72.66958839756832 7799.937999999931 
-41.585464415375505 -72.66958839756832 7808.270999999931 
-41.585464415375505 -72.66958839756832 7816.60399999993 
-41.585464415375505 -72.66958839756832 7824.93699999993 
-41.585464415375505 -72.66958839756832 7833.2699999999295 
-41.585464415375505 -72.66958839756832 7841.602999999929 
-41.585464415375505 -72.66958839756832 7849.935999999929 
-41.585464415375505 -72.66958839756832 7858.268999999928 
-41.585464415375505 -72.66958839756832 7866.601999999928 
-41.585464415375505 -72.66958839756832 7874.934999999928 
-41.585464415375505 -72.66958839756832 7883.267999999927 
-41.585464415375505 -72.66958839756832 7891.600999999927 
-41.585464415375505 -72.66958839756832 7899.9339999999265 
-41.585464415375505 -72.66958839756832 7908.266999999926 
-41.585464415375505 -72.66958839756832 7916.599999999926 
-41.585464415375505 -72.66958839756832 7924.932999999925 
-41.585464415375505 -72.66958839756832 7933.265999999925 
-41.585464415375505 -72.66958839756832 7941.598999999925 
-41.585464415375505 -72.66958839756832 7949.931999999924 
-41.585464415375505 -72.66958839756832 7958.264999999924 
-41.585464415375505 -72.66958839756832 7966.597999999924 
-41.585464415375505 -72.66958839756832 7974.930999999923 
-41.585464415375505 -72.66958839756832 7983.263999999923 
-41.585464415375505 -72.66958839756832 7991.596999999922 
-41.585464415375505 -72.66958839756832 7999.929999999922 
-41.585464415375505 -72.66958839756832 8008.262999999922 
-41.585464415375505 -72.66958839756832 8016.595999999921 
-41.585464415375505 -72.66958839756832 8024.928999999921 
-41.585464415375505 -72.66958839756832 8033.261999999921 
-41.585464415375505 -72.66958839756832 8041.59499999992 
-41.585464415375505 -72.66958839756832 8049.92799999992 
-41.585464415375505 -72.66958839756832 8058.2609999999195 
-41.585464415375505 -72.66958839756832 8066.593999999919 
-41.585464415375505 -72.66958839756832 8074.926999999919 
-41.585464415375505 -72.66958839756832 8083.259999999918 
-41.585464415375505 -72.66958839756832 8091.592999999918 
-41.585464415375505 -72.66958839756832 8099.925999999918 
-41.585464415375505 -72.66958839756832 8108.258999999917 
-41.585464415375505 -72.66958839756832 8116.591999999917 
-41.585464415375505 -72.66958839756832 8124.9249999999165 
-41.585464415375505 -72.66958839756832 8133.257999999916 
-41.585464415375505 -72.66958839756832 8141.590999999916 
-41.585464415375505 -72.66958839756832 8149.923999999915 
-41.585464415375505 -72.66958839756832 8158.256999999915 
-41.585464415375505 -72.66958839756832 8166.589999999915 
-41.585464415375505 -72.66958839756832 8174.922999999914 
-41.585464415375505 -72.66958839756832 8183.255999999914 
-41.585464415375505 -72.66958839756832 8191.5889999999135 
-41.585464415375505 -72.66958839756832 8199.921999999913 
-41.585464415375505 -72.66958839756832 8208.254999999914 
-41.585464415375505 -72.66958839756832 8216.587999999912 
-41.585464415375505 -72.66958839756832 8224.920999999911 
-41.585464415375505 -72.66958839756832 8233.253999999912 
-41.585464415375505 -72.66958839756832 8241.586999999912 
-41.585464415375505 -72.66958839756832 8249.919999999911 
-41.585464415375505 -72.66958839756832 8258.25299999991 
-41.585464415375505 -72.66958839756832 8266.58599999991 
-41.585464415375505 -72.66958839756832 8274.91899999991 
-41.585464415375505 -72.66958839756832 8283.25199999991 
-41.585464415375505 -72.66958839756832 8291.584999999908 
-41.585464415375505 -72.66958839756832 8299.917999999909 
-41.585464415375505 -72.66958839756832 8308.25099999991 
-41.585464415375505 -72.66958839756832 8316.583999999908 
-41.585464415375505 -72.66958839756832 8324.916999999907 
-41.585464415375505 -72.66958839756832 8333.249999999907 
-41.585464415375505 -72.66958839756832 8341.582999999908 
-41.585464415375505 -72.66958839756832 8349.915999999906 
-41.585464415375505 -72.66958839756832 8358.248999999905 
-41.585464415375505 -72.66958839756832 8366.581999999906 
-41.585464415375505 -72.66958839756832 8374.914999999906 
-41.585464415375505 -72.66958839756832 8383.247999999905 
-41.585464415375505 -72.66958839756832 8391.580999999904 
-41.585464415375505 -72.66958839756832 8399.913999999904 
-41.585464415375505 -72.66958839756832 8408.246999999905 
-41.585464415375505 -72.66958839756832 8416.579999999904 
-41.585464415375505 -72.66958839756832 8424.912999999902 
-41.585464415375505 -72.66958839756832 8433.245999999903 
-41.585464415375505 -72.66958839756832 8441.578999999903 
-41.585464415375505 -72.66958839756832 8449.911999999902 
-41.585464415375505 -72.66958839756832 8458.2449999999 
-41.585464415375505 -72.66958839756832 8466.577999999901 
-41.585464415375505 -72.66958839756832 8474.910999999902 
-41.585464415375505 -72.66958839756832 8483.2439999999 
-41.585464415375505 -72.66958839756832 8491.5769999999 
-41.585464415375505 -72.66958839756832 8499.9099999999 
-41.585464415375505 -72.66958839756832 8508.2429999999 
-41.585464415375505 -72.66958839756832 8516.575999999899 
-41.585464415375505 -72.66958839756832 8524.908999999898 
-41.585464415375505 -72.66958839756832 8533.241999999898 
-41.585464415375505 -72.66958839756832 8541.574999999899 
-41.585464415375505 -72.66958839756832 8549.907999999898 
-41.585464415375505 -72.66958839756832 8558.240999999896 
-41.585464415375505 -72.66958839756832 8566.573999999897 
-41.585464415375505 -72.66958839756832 8574.906999999897 
-41.585464415375505 -72.66958839756832 8583.239999999896 
-41.585464415375505 -72.66958839756832 8591.572999999895 
-41.585464415375505 -72.66958839756832 8599.905999999895 
-41.585464415375505 -72.66958839756832 8608.238999999896 
-41.585464415375505 -72.66958839756832 8616.571999999895 
-41.585464415375505 -72.66958839756832 8624.904999999893 
-41.585464415375505 -72.66958839756832 8633.237999999894 
-41.585464415375505 -72.66958839756832 8641.570999999894 
-41.585464415375505 -72.66958839756832 8649.903999999893 
-41.585464415375505 -72.66958839756832 8658.236999999892 
-41.585464415375505 -72.66958839756832 8666.569999999892 
-41.585464415375505 -72.66958839756832 8674.902999999893 
-41.585464415375505 -72.66958839756832 8683.235999999892 
-41.585464415375505 -72.66958839756832 8691.56899999989 
-41.585464415375505 -72.66958839756832 8699.90199999989 
-41.585464415375505 -72.66958839756832 8708.234999999891 
-41.585464415375505 -72.66958839756832 8716.56799999989 
-41.585464415375505 -72.66958839756832 8724.900999999889 
-41.585464415375505 -72.66958839756832 8733.23399999989 
-41.585464415375505 -72.66958839756832 8741.56699999989 
-41.585464415375505 -72.66958839756832 8749.899999999889 
-41.585464415375505 -72.66958839756832 8758.232999999887 
-41.585464415375505 -72.66958839756832 8766.565999999888 
-41.585464415375505 -72.66958839756832 8774.898999999888 
-41.585464415375505 -72.66958839756832 8783.231999999887 
-41.585464415375505 -72.66958839756832 8791.564999999886 
-41.585464415375505 -72.66958839756832 8799.897999999886 
-41.585464415375505 -72.66958839756832 8808.230999999887 
-41.585464415375505 -72.66958839756832 8816.563999999886 
-41.585464415375505 -72.66958839756832 8824.896999999884 
-41.585464415375505 -72.66958839756832 8833.229999999885 
-41.585464415375505 -72.66958839756832 8841.562999999886 
-41.585464415375505 -72.66958839756832 8849.895999999884 
-41.585464415375505 -72.66958839756832 8858.228999999883 
-41.585464415375505 -72.66958839756832 8866.561999999883 
-41.585464415375505 -72.66958839756832 8874.894999999884 
-41.585464415375505 -72.66958839756832 8883.227999999883 
-41.585464415375505 -72.66958839756832 8891.560999999881 
-41.585464415375505 -72.66958839756832 8899.893999999882 
-41.585464415375505 -72.66958839756832 8908.226999999883 
-41.585464415375505 -72.66958839756832 8916.559999999881 
-41.585464415375505 -72.66958839756832 8924.89299999988 
-41.585464415375505 -72.66958839756832 8933.22599999988 
-41.585464415375505 -72.66958839756832 8941.558999999881 
-41.585464415375505 -72.66958839756832 8949.89199999988 
-41.585464415375505 -72.66958839756832 8958.224999999878 
-41.585464415375505 -72.66958839756832 8966.557999999879 
-41.585464415375505 -72.66958839756832 8974.89099999988 
-41.585464415375505 -72.66958839756832 8983.223999999878 
-41.585464415375505 -72.66958839756832 8991.556999999877 
-41.585464415375505 -72.66958839756832 8999.889999999878 
-41.585464415375505 -72.66958839756832 9008.222999999878 
-41.585464415375505 -72.66958839756832 9016.555999999877 
-41.585464415375505 -72.66958839756832 9024.888999999876 
-41.585464415375505 -72.66958839756832 9033.221999999876 
-41.585464415375505 -72.66958839756832 9041.554999999877 
-41.585464415375505 -72.66958839756832 9049.887999999875 
-41.585464415375505 -72.66958839756832 9058.220999999874 
-41.585464415375505 -72.66958839756832 9066.553999999875 
-41.585464415375505 -72.66958839756832 9074.886999999875 
-41.585464415375505 -72.66958839756832 9083.219999999874 
-41.585464415375505 -72.66958839756832 9091.552999999873 
-41.585464415375505 -72.66958839756832 9099.885999999873 
-41.585464415375505 -72.66958839756832 9108.218999999874 
-41.585464415375505 -72.66958839756832 9116.551999999872 
-41.585464415375505 -72.66958839756832 9124.884999999871 
-41.585464415375505 -72.66958839756832 9133.217999999872 
-41.585464415375505 -72.66958839756832 9141.550999999872 
-41.585464415375505 -72.66958839756832 9149.88399999987 
-41.585464415375505 -72.66958839756832 9158.21699999987 
-41.585464415375505 -72.66958839756832 9166.54999999987 
-41.585464415375505 -72.66958839756832 9174.88299999987 
-41.585464415375505 -72.66958839756832 9183.21599999987 
-41.585464415375505 -72.66958839756832 9191.548999999868 
-41.585464415375505 -72.66958839756832 9199.881999999869 
-41.585464415375505 -72.66958839756832 9208.21499999987 
-41.585464415375505 -72.66958839756832 9216.547999999868 
-41.585464415375505 -72.66958839756832 9224.880999999867 
-41.585464415375505 -72.66958839756832 9233.213999999867 
-41.585464415375505 -72.66958839756832 9241.546999999868 
-41.585464415375505 -72.66958839756832 9249.879999999866 
-41.585464415375505 -72.66958839756832 9258.212999999865 
-41.585464415375505 -72.66958839756832 9266.545999999866 
-41.585464415375505 -72.66958839756832 9274.878999999866 
-41.585464415375505 -72.66958839756832 9283.211999999865 
-41.585464415375505 -72.66958839756832 9291.544999999864 
-41.585464415375505 -72.66958839756832 9299.877999999864 
-41.585464415375505 -72.66958839756832 9308.210999999865 
-41.585464415375505 -72.66958839756832 9316.543999999863 
-41.585464415375505 -72.66958839756832 9324.876999999862 
-41.585464415375505 -72.66958839756832 9333.209999999863 
-41.585464415375505 -72.66958839756832 9341.542999999863 
-41.585464415375505 -72.66958839756832 9349.875999999862 
-41.585464415375505 -72.66958839756832 9358.20899999986 
-41.585464415375505 -72.66958839756832 9366.541999999861 
-41.585464415375505 -72.66958839756832 9374.874999999862 
-41.585464415375505 -72.66958839756832 9383.20799999986 
-41.585464415375505 -72.66958839756832 9391.54099999986 
-41.585464415375505 -72.66958839756832 9399.87399999986 
-41.585464415375505 -72.66958839756832 9408.20699999986 
-41.585464415375505 -72.66958839756832 9416.539999999859 
-41.585464415375505 -72.66958839756832 9424.872999999858 
-41.585464415375505 -72.66958839756832 9433.205999999858 
-41.585464415375505 -72.66958839756832 9441.538999999859 
-41.585464415375505 -72.66958839756832 9449.871999999858 
-41.585464415375505 -72.66958839756832 9458.204999999856 
-41.585464415375505 -72.66958839756832 9466.537999999857 
-41.585464415375505 -72.66958839756832 9474.870999999857 
-41.585464415375505 -72.66958839756832 9483.203999999856 
-41.585464415375505 -72.66958839756832 9491.536999999855 
-41.585464415375505 -72.66958839756832 9499.869999999855 
-41.585464415375505 -72.66958839756832 9508.202999999856 
-41.585464415375505 -72.66958839756832 9516.535999999855 
-41.585464415375505 -72.66958839756832 9524.868999999853 
-41.585464415375505 -72.66958839756832 9533.201999999854 
-41.585464415375505 -72.66958839756832 9541.534999999854 
-41.585464415375505 -72.66958839756832 9549.867999999853 
-41.585464415375505 -72.66958839756832 9558.200999999852 
-41.585464415375505 -72.66958839756832 9566.533999999852 
-41.585464415375505 -72.66958839756832 9574.866999999853 
-41.585464415375505 -72.66958839756832 9583.199999999852 
-41.585464415375505 -72.66958839756832 9591.53299999985 
-41.585464415375505 -72.66958839756832 9599.86599999985 
-41.585464415375505 -72.66958839756832 9608.198999999851 
-41.585464415375505 -72.66958839756832 9616.53199999985 
-41.585464415375505 -72.66958839756832 9624.864999999849 
-41.585464415375505 -72.66958839756832 9633.19799999985 
-41.585464415375505 -72.66958839756832 9641.53099999985 
-41.585464415375505 -72.66958839756832 9649.863999999849 
-41.585464415375505 -72.66958839756832 9658.196999999847 
-41.585464415375505 -72.66958839756832 9666.529999999848 
-41.585464415375505 -72.66958839756832 9674.862999999848 
-41.585464415375505 -72.66958839756832 9683.195999999847 
-41.585464415375505 -72.66958839756832 9691.528999999846 
-41.585464415375505 -72.66958839756832 9699.861999999846 
-41.585464415375505 -72.66958839756832 9708.194999999847 
-41.585464415375505 -72.66958839756832 9716.527999999846 
-41.585464415375505 -72.66958839756832 9724.860999999844 
-41.585464415375505 -72.66958839756832 9733.193999999845 
-41.585464415375505 -72.66958839756832 9741.526999999845 
-41.585464415375505 -72.66958839756832 9749.859999999844 
-41.585464415375505 -72.66958839756832 9758.192999999843 
-41.585464415375505 -72.66958839756832 9766.525999999843 
-41.585464415375505 -72.66958839756832 9774.858999999844 
-41.585464415375505 -72.66958839756832 9783.191999999843 
-41.585464415375505 -72.66958839756832 9791.524999999841 
-41.585464415375505 -72.66958839756832 9799.857999999842 
-41.585464415375505 -72.66958839756832 9808.190999999842 
-41.585464415375505 -72.66958839756832 9816.523999999841 
-41.585464415375505 -72.66958839756832 9824.85699999984 
-41.585464415375505 -72.66958839756832 9833.18999999984 
-41.585464415375505 -72.66958839756832 9841.522999999841 
-41.585464415375505 -72.66958839756832 9849.85599999984 
-41.585464415375505 -72.66958839756832 9858.188999999838 
-41.585464415375505 -72.66958839756832 9866.521999999839 
-41.585464415375505 -72.66958839756832 9874.85499999984 
-41.585464415375505 -72.66958839756832 9883.187999999838 
-41.585464415375505 -72.66958839756832 9891.520999999837 
-41.585464415375505 -72.66958839756832 9899.853999999837 
-41.585464415375505 -72.66958839756832 9908.186999999838 
-41.585464415375505 -72.66958839756832 9916.519999999837 
-41.585464415375505 -72.66958839756832 9924.852999999835 
-41.585464415375505 -72.66958839756832 9933.185999999836 
-41.585464415375505 -72.66958839756832 9941.518999999837 
-41.585464415375505 -72.66958839756832 9949.851999999835 
-41.585464415375505 -72.66958839756832 9958.184999999834 
-41.585464415375505 -72.66958839756832 9966.517999999835 
-41.585464415375505 -72.66958839756832 9974.850999999835 
-41.585464415375505 -72.66958839756832 9983.183999999834 
-41.585464415375505 -72.66958839756832 9991.516999999832 
-41.585464415375505 -72.66958839756832 9999.849999999833 
-41.585464415375505 -72.66958839756832 10008.182999999834 
-41.585464415375505 -72.66958839756832 10016.515999999832 
-41.585464415375505 -72.66958839756832 10024.848999999831 
-41.585464415375505 -72.66958839756832 10033.181999999832 
-41.585464415375505 -72.66958839756832 10041.514999999832 
-41.585464415375505 -72.66958839756832 10049.84799999983 
-41.585464415375505 -72.66958839756832 10058.18099999983 
-41.585464415375505 -72.66958839756832 10066.51399999983 
-41.585464415375505 -72.66958839756832 10074.84699999983 
-41.585464415375505 -72.66958839756832 10083.17999999983 
-41.585464415375505 -72.66958839756832 10091.512999999828 
-41.585464415375505 -72.66958839756832 10099.845999999829 
-41.585464415375505 -72.66958839756832 10108.17899999983 
-41.585464415375505 -72.66958839756832 10116.511999999828 
-41.585464415375505 -72.66958839756832 10124.844999999827 
-41.585464415375505 -72.66958839756832 10133.177999999827 
-41.585464415375505 -72.66958839756832 10141.510999999828 
-41.585464415375505 -72.66958839756832 10149.843999999826 
-41.585464415375505 -72.66958839756832 10158.176999999825 
-41.585464415375505 -72.66958839756832 10166.509999999826 
-41.585464415375505 -72.66958839756832 10174.842999999826 
-41.585464415375505 -72.66958839756832 10183.175999999825 
-41.585464415375505 -72.66958839756832 10191.508999999824 
-41.585464415375505 -72.66958839756832 10199.841999999824 
-41.585464415375505 -72.66958839756832 10208.174999999825 
-41.585464415375505 -72.66958839756832 10216.507999999823 
-41.585464415375505 -72.66958839756832 10224.840999999822 
-41.585464415375505 -72.66958839756832 10233.173999999823 
-41.585464415375505 -72.66958839756832 10241.506999999823 
-41.585464415375505 -72.66958839756832 10249.839999999822 
-41.585464415375505 -72.66958839756832 10258.17299999982 
-41.585464415375505 -72.66958839756832 10266.505999999821 
-41.585464415375505 -72.66958839756832 10274.838999999822 
-41.585464415375505 -72.66958839756832 10283.17199999982 
-41.585464415375505 -72.66958839756832 10291.50499999982 
-41.585464415375505 -72.66958839756832 10299.83799999982 
-41.585464415375505 -72.66958839756832 10308.17099999982 
-41.585464415375505 -72.66958839756832 10316.503999999819 
-41.585464415375505 -72.66958839756832 10324.836999999818 
-41.585464415375505 -72.66958839756832 10333.169999999818 
-41.585464415375505 -72.66958839756832 10341.502999999819 
-41.585464415375505 -72.66958839756832 10349.835999999817 
-41.585464415375505 -72.66958839756832 10358.168999999816 
-41.585464415375505 -72.66958839756832 10366.501999999817 
-41.585464415375505 -72.66958839756832 10374.834999999817 
-41.585464415375505 -72.66958839756832 10383.167999999816 
-41.585464415375505 -72.66958839756832 10391.500999999815 
-41.585464415375505 -72.66958839756832 10399.833999999815 
-41.585464415375505 -72.66958839756832 10408.166999999816 
-41.585464415375505 -72.66958839756832 10416.499999999814 
-41.585464415375505 -72.66958839756832 10424.832999999813 
-41.585464415375505 -72.66958839756832 10433.165999999814 
-41.585464415375505 -72.66958839756832 10441.498999999814 
-41.585464415375505 -72.66958839756832 10449.831999999813 
-41.585464415375505 -72.66958839756832 10458.164999999812 
-41.585464415375505 -72.66958839756832 10466.497999999812 
-41.585464415375505 -72.66958839756832 10474.830999999813 
-41.585464415375505 -72.66958839756832 10483.163999999811 
-41.585464415375505 -72.66958839756832 10491.49699999981 
-41.585464415375505 -72.66958839756832 10499.82999999981 
-41.585464415375505 -72.66958839756832 10508.162999999811 
-41.585464415375505 -72.66958839756832 10516.49599999981 
-41.585464415375505 -72.66958839756832 10524.828999999809 
-41.585464415375505 -72.66958839756832 10533.16199999981 
-41.585464415375505 -72.66958839756832 10541.49499999981 
-41.585464415375505 -72.66958839756832 10549.827999999809 
-41.585464415375505 -72.66958839756832 10558.160999999807 
-41.585464415375505 -72.66958839756832 10566.493999999808 
-41.585464415375505 -72.66958839756832 10574.826999999808 
-41.585464415375505 -72.66958839756832 10583.159999999807 
-41.585464415375505 -72.66958839756832 10591.492999999806 
-41.585464415375505 -72.66958839756832 10599.825999999806 
-41.585464415375505 -72.66958839756832 10608.158999999807 
-41.585464415375505 -72.66958839756832 10616.491999999806 
-41.585464415375505 -72.66958839756832 10624.824999999804 
-41.585464415375505 -72.66958839756832 10633.157999999805 
-41.585464415375505 -72.66958839756832 10641.490999999805 
-41.585464415375505 -72.66958839756832 10649.823999999804 
-41.585464415375505 -72.66958839756832 10658.156999999803 
-41.585464415375505 -72.66958839756832 10666.489999999803 
-41.585464415375505 -72.66958839756832 10674.822999999804 
-41.585464415375505 -72.66958839756832 10683.155999999803 
-41.585464415375505 -72.66958839756832 10691.488999999801 
-41.585464415375505 -72.66958839756832 10699.821999999802 
-41.585464415375505 -72.66958839756832 10708.154999999802 
-41.585464415375505 -72.66958839756832 10716.487999999801 
-41.585464415375505 -72.66958839756832 10724.8209999998 
-41.585464415375505 -72.66958839756832 10733.1539999998 
-41.585464415375505 -72.66958839756832 10741.4869999998 
-41.585464415375505 -72.66958839756832 10749.8199999998 
-41.585464415375505 -72.66958839756832 10758.152999999798 
-41.585464415375505 -72.66958839756832 10766.485999999799 
-41.585464415375505 -72.66958839756832 10774.8189999998 
-41.585464415375505 -72.66958839756832 10783.151999999798 
-41.585464415375505 -72.66958839756832 10791.484999999797 
-41.585464415375505 -72.66958839756832 10799.817999999797 
-41.585464415375505 -72.66958839756832 10808.150999999798 
-41.585464415375505 -72.66958839756832 10816.483999999797 
-41.585464415375505 -72.66958839756832 10824.816999999795 
-41.585464415375505 -72.66958839756832 10833.149999999796 
-41.585464415375505 -72.66958839756832 10841.482999999796 
-41.585464415375505 -72.66958839756832 10849.815999999795 
-41.585464415375505 -72.66958839756832 10858.148999999794 
-41.585464415375505 -72.66958839756832 10866.481999999794 
-41.585464415375505 -72.66958839756832 10874.814999999795 
-41.585464415375505 -72.66958839756832 10883.147999999794 
-41.585464415375505 -72.66958839756832 10891.480999999792 
-41.585464415375505 -72.66958839756832 10899.813999999793 
-41.585464415375505 -72.66958839756832 10908.146999999793 
-41.585464415375505 -72.66958839756832 10916.479999999792 
-41.585464415375505 -72.66958839756832 10924.812999999791 
-41.585464415375505 -72.66958839756832 10933.145999999791 
-41.585464415375505 -72.66958839756832 10941.478999999792 
-41.585464415375505 -72.66958839756832 10949.81199999979 
-41.585464415375505 -72.66958839756832 10958.14499999979 
-41.585464415375505 -72.66958839756832 10966.47799999979 
-41.585464415375505 -72.66958839756832 10974.81099999979 
-41.585464415375505 -72.66958839756832 10983.14399999979 
-41.585464415375505 -72.66958839756832 10991.476999999788 
-41.585464415375505 -72.66958839756832 10999.809999999788 
-41.585464415375505 -72.66958839756832 11008.142999999789 
-41.585464415375505 -72.66958839756832 11016.475999999788 
-41.585464415375505 -72.66958839756832 11024.808999999786 
-41.585464415375505 -72.66958839756832 11033.141999999787 
-41.585464415375505 -72.66958839756832 11041.474999999788 
-41.585464415375505 -72.66958839756832 11049.807999999786 
-41.585464415375505 -72.66958839756832 11058.140999999785 
-41.585464415375505 -72.66958839756832 11066.473999999786 
-41.585464415375505 -72.66958839756832 11074.806999999786 
-41.585464415375505 -72.66958839756832 11083.139999999785 
-41.585464415375505 -72.66958839756832 11091.472999999783 
-41.585464415375505 -72.66958839756832 11099.805999999784 
-41.585464415375505 -72.66958839756832 11108.138999999785 
-41.585464415375505 -72.66958839756832 11116.471999999783 
-41.585464415375505 -72.66958839756832 11124.804999999782 
-41.585464415375505 -72.66958839756832 11133.137999999783 
-41.585464415375505 -72.66958839756832 11141.470999999783 
-41.585464415375505 -72.66958839756832 11149.803999999782 
-41.585464415375505 -72.66958839756832 11158.13699999978 
-41.585464415375505 -72.66958839756832 11166.469999999781 
-41.585464415375505 -72.66958839756832 11174.802999999782 
-41.585464415375505 -72.66958839756832 11183.13599999978 
-41.585464415375505 -72.66958839756832 11191.468999999779 
-41.585464415375505 -72.66958839756832 11199.80199999978 
-41.585464415375505 -72.66958839756832 11208.13499999978 
-41.585464415375505 -72.66958839756832 11216.467999999779 
-41.585464415375505 -72.66958839756832 11224.800999999778 
-41.585464415375505 -72.66958839756832 11233.133999999778 
-41.585464415375505 -72.66958839756832 11241.466999999779 
-41.585464415375505 -72.66958839756832 11249.799999999777 
-41.585464415375505 -72.66958839756832 11258.132999999776 
-41.585464415375505 -72.66958839756832 11266.465999999777 
-41.585464415375505 -72.66958839756832 11274.798999999777 
-41.585464415375505 -72.66958839756832 11283.131999999776 
-41.585464415375505 -72.66958839756832 11291.464999999775 
-41.585464415375505 -72.66958839756832 11299.797999999775 
-41.585464415375505 -72.66958839756832 11308.130999999776 
-41.585464415375505 -72.66958839756832 11316.463999999774 
-41.585464415375505 -72.66958839756832 11324.796999999773 
-41.585464415375505 -72.66958839756832 11333.129999999774 
-41.585464415375505 -72.66958839756832 11341.462999999774 
-41.585464415375505 -72.66958839756832 11349.795999999773 
-41.585464415375505 -72.66958839756832 11358.128999999772 
-41.585464415375505 -72.66958839756832 11366.461999999772 
-41.585464415375505 -72.66958839756832 11374.794999999773 
-41.585464415375505 -72.66958839756832 11383.127999999771 
-41.585464415375505 -72.66958839756832 11391.46099999977 
-41.585464415375505 -72.66958839756832 11399.79399999977 
-41.585464415375505 -72.66958839756832 11408.126999999771 
-41.585464415375505 -72.66958839756832 11416.45999999977 
-41.585464415375505 -72.66958839756832 11424.792999999769 
-41.585464415375505 -72.66958839756832 11433.12599999977 
-41.585464415375505 -72.66958839756832 11441.45899999977 
-41.585464415375505 -72.66958839756832 11449.791999999768 
-41.585464415375505 -72.66958839756832 11458.124999999767 
-41.585464415375505 -72.66958839756832 11466.457999999768 
-41.585464415375505 -72.66958839756832 11474.790999999768 
-41.585464415375505 -72.66958839756832 11483.123999999767 
-41.585464415375505 -72.66958839756832 11491.456999999766 
-41.585464415375505 -72.66958839756832 11499.789999999766 
-41.585464415375505 -72.66958839756832 11508.122999999767 
-41.585464415375505 -72.66958839756832 11516.455999999765 
-41.585464415375505 -72.66958839756832 11524.788999999764 
-41.585464415375505 -72.66958839756832 11533.121999999765 
-41.585464415375505 -72.66958839756832 11541.454999999765 
-41.585464415375505 -72.66958839756832 11549.787999999764 
-41.585464415375505 -72.66958839756832 11558.120999999763 
-41.585464415375505 -72.66958839756832 11566.453999999763 
-41.585464415375505 -72.66958839756832 11574.786999999764 
-41.585464415375505 -72.66958839756832 11583.119999999763 
-41.585464415375505 -72.66958839756832 11591.452999999761 
-41.585464415375505 -72.66958839756832 11599.785999999762 
-41.585464415375505 -72.66958839756832 11608.118999999762 
-41.585464415375505 -72.66958839756832 11616.451999999761 
-41.585464415375505 -72.66958839756832 11624.78499999976 
-41.585464415375505 -72.66958839756832 11633.11799999976 
-41.585464415375505 -72.66958839756832 11641.45099999976 
-41.585464415375505 -72.66958839756832 11649.78399999976 
-41.585464415375505 -72.66958839756832 11658.116999999758 
-41.585464415375505 -72.66958839756832 11666.449999999759 
-41.585464415375505 -72.66958839756832 11674.78299999976 
-41.585464415375505 -72.66958839756832 11683.115999999758 
-41.585464415375505 -72.66958839756832 11691.448999999757 
-41.585464415375505 -72.66958839756832 11699.781999999757 
-41.585464415375505 -72.66958839756832 11708.114999999758 
-41.585464415375505 -72.66958839756832 11716.447999999757 
-41.585464415375505 -72.66958839756832 11724.780999999755 
-41.585464415375505 -72.66958839756832 11733.113999999756 
-41.585464415375505 -72.66958839756832 11741.446999999756 
-41.585464415375505 -72.66958839756832 11749.779999999755 
-41.585464415375505 -72.66958839756832 11758.112999999754 
-41.585464415375505 -72.66958839756832 11766.445999999754 
-41.585464415375505 -72.66958839756832 11774.778999999755 
-41.585464415375505 -72.66958839756832 11783.111999999754 
-41.585464415375505 -72.66958839756832 11791.444999999752 
-41.585464415375505 -72.66958839756832 11799.777999999753 
-41.585464415375505 -72.66958839756832 11808.110999999753 
-41.585464415375505 -72.66958839756832 11816.443999999752 
-41.585464415375505 -72.66958839756832 11824.77699999975 
-41.585464415375505 -72.66958839756832 11833.109999999751 
-41.585464415375505 -72.66958839756832 11841.442999999752 
-41.585464415375505 -72.66958839756832 11849.77599999975 
-41.585464415375505 -72.66958839756832 11858.10899999975 
-41.585464415375505 -72.66958839756832 11866.44199999975 
-41.585464415375505 -72.66958839756832 11874.77499999975 
-41.585464415375505 -72.66958839756832 11883.10799999975 
-41.585464415375505 -72.66958839756832 11891.440999999748 
-41.585464415375505 -72.66958839756832 11899.773999999748 
-41.585464415375505 -72.66958839756832 11908.106999999749 
-41.585464415375505 -72.66958839756832 11916.439999999748 
-41.585464415375505 -72.66958839756832 11924.772999999746 
-41.585464415375505 -72.66958839756832 11933.105999999747 
-41.585464415375505 -72.66958839756832 11941.438999999747 
-41.585464415375505 -72.66958839756832 11949.771999999746 
-41.585464415375505 -72.66958839756832 11958.104999999745 
-41.585464415375505 -72.66958839756832 11966.437999999745 
-41.585464415375505 -72.66958839756832 11974.770999999746 
-41.585464415375505 -72.66958839756832 11983.103999999745 
-41.585464415375505 -72.66958839756832 11991.436999999743 
-41.585464415375505 -72.66958839756832 11999.769999999744 
-41.585464415375505 -72.66958839756832 12008.102999999744 
-41.585464415375505 -72.66958839756832 12016.435999999743 
-41.585464415375505 -72.66958839756832 12024.768999999742 
-41.585464415375505 -72.66958839756832 12033.101999999742 
-41.585464415375505 -72.66958839756832 12041.434999999743 
-41.585464415375505 -72.66958839756832 12049.767999999742 
-41.585464415375505 -72.66958839756832 12058.10099999974 
-41.585464415375505 -72.66958839756832 12066.433999999741 
-41.585464415375505 -72.66958839756832 12074.766999999742 
-41.585464415375505 -72.66958839756832 12083.09999999974 
-41.585464415375505 -72.66958839756832 12091.432999999739 
-41.585464415375505 -72.66958839756832 12099.76599999974 
-41.585464415375505 -72.66958839756832 12108.09899999974 
-41.585464415375505 -72.66958839756832 12116.431999999739 
-41.585464415375505 -72.66958839756832 12124.764999999737 
-41.585464415375505 -72.66958839756832 12133.097999999738 
-41.585464415375505 -72.66958839756832 12141.430999999739 
-41.585464415375505 -72.66958839756832 12149.763999999737 
-41.585464415375505 -72.66958839756832 12158.096999999736 
-41.585464415375505 -72.66958839756832 12166.429999999737 
-41.585464415375505 -72.66958839756832 12174.762999999737 
-41.585464415375505 -72.66958839756832 12183.095999999736 
-41.585464415375505 -72.66958839756832 12191.428999999735 
-41.585464415375505 -72.66958839756832 12199.761999999735 
-41.585464415375505 -72.66958839756832 12208.094999999736 
-41.585464415375505 -72.66958839756832 12216.427999999734 
-41.585464415375505 -72.66958839756832 12224.760999999733 
-41.585464415375505 -72.66958839756832 12233.093999999734 
-41.585464415375505 -72.66958839756832 12241.426999999734 
-41.585464415375505 -72.66958839756832 12249.759999999733 
-41.585464415375505 -72.66958839756832 12258.092999999732 
-41.585464415375505 -72.66958839756832 12266.425999999732 
-41.585464415375505 -72.66958839756832 12274.758999999733 
-41.585464415375505 -72.66958839756832 12283.091999999731 
-41.585464415375505 -72.66958839756832 12291.42499999973 
-41.585464415375505 -72.66958839756832 12299.75799999973 
-41.585464415375505 -72.66958839756832 12308.090999999731 
-41.585464415375505 -72.66958839756832 12316.42399999973 
-41.585464415375505 -72.66958839756832 12324.756999999729 
-41.585464415375505 -72.66958839756832 12333.08999999973 
-41.585464415375505 -72.66958839756832 12341.42299999973 
-41.585464415375505 -72.66958839756832 12349.755999999728 
-41.585464415375505 -72.66958839756832 12358.088999999727 
-41.585464415375505 -72.66958839756832 12366.421999999728 
-41.585464415375505 -72.66958839756832 12374.754999999728 
-41.585464415375505 -72.66958839756832 12383.087999999727 
-41.585464415375505 -72.66958839756832 12391.420999999726 
-41.585464415375505 -72.66958839756832 12399.753999999726 
-41.585464415375505 -72.66958839756832 12408.086999999727 
-41.585464415375505 -72.66958839756832 12416.419999999725 
-41.585464415375505 -72.66958839756832 12424.752999999724 
-41.585464415375505 -72.66958839756832 12433.085999999725 
-41.585464415375505 -72.66958839756832 12441.418999999725 
-41.585464415375505 -72.66958839756832 12449.751999999724 
-41.585464415375505 -72.66958839756832 12458.084999999723 
-41.585464415375505 -72.66958839756832 12466.417999999723 
-41.585464415375505 -72.66958839756832 12474.750999999724 
-41.585464415375505 -72.66958839756832 12483.083999999722 
-41.585464415375505 -72.66958839756832 12491.416999999721 
-41.585464415375505 -72.66958839756832 12499.749999999722 
