1501 
22.302904788575376 -38.00584346180331 0.2500000002783054 
22.302904788575376 -38.00584346180331 8.583000000278844 
22.302904788575376 -38.00584346180331 16.916000000277563 
22.302904788575376 -38.00584346180331 25.249000000276283 
22.302904788575376 -38.00584346180331 33.58200000027682 
22.302904788575376 -38.00584346180331 41.91500000027736 
22.302904788575376 -38.00584346180331 50.24800000027608 
22.302904788575376 -38.00584346180331 58.5810000002748 
22.302904788575376 -38.00584346180331 66.91400000027534 
22.302904788575376 -38.00584346180331 75.24700000027588 
22.302904788575376 -38.00584346180331 83.5800000002746 
22.302904788575376 -38.00584346180331 91.91300000027331 
22.302904788575376 -38.00584346180331 100.24600000027385 
22.302904788575376 -38.00584346180331 108.57900000027439 
22.302904788575376 -38.00584346180331 116.91200000027311 
22.302904788575376 -38.00584346180331 125.24500000027183 
22.302904788575376 -38.00584346180331 133.57800000027237 
22.302904788575376 -38.00584346180331 141.9110000002729 
22.302904788575376 -38.00584346180331 150.24400000027163 
22.302904788575376 -38.00584346180331 158.57700000027035 
22.302904788575376 -38.00584346180331 166.91000000027088 
22.302904788575376 -38.00584346180331 175.24300000027142 
22.302904788575376 -38.00584346180331 183.57600000027014 
22.302904788575376 -38.00584346180331 191.90900000026886 
22.302904788575376 -38.00584346180331 200.2420000002694 
22.302904788575376 -38.00584346180331 208.57500000026994 
22.302904788575376 -38.00584346180331 216.90800000026866 
22.302904788575376 -38.00584346180331 225.24100000026738 
22.302904788575376 -38.00584346180331 233.57400000026792 
22.302904788575376 -38.00584346180331 241.90700000026845 
22.302904788575376 -38.00584346180331 250.24000000026717 
22.302904788575376 -38.00584346180331 258.5730000002659 
22.302904788575376 -38.00584346180331 266.90600000026643 
22.302904788575376 -38.00584346180331 275.23900000026697 
22.302904788575376 -38.00584346180331 283.5720000002657 
22.302904788575376 -38.00584346180331 291.9050000002644 
22.302904788575376 -38.00584346180331 300.23800000026495 
22.302904788575376 -38.00584346180331 308.5710000002655 
22.302904788575376 -38.00584346180331 316.9040000002642 
22.302904788575376 -38.00584346180331 325.2370000002629 
22.302904788575376 -38.00584346180331 333.57000000026346 
22.302904788575376 -38.00584346180331 341.903000000264 
22.302904788575376 -38.00584346180331 350.2360000002627 
22.302904788575376 -38.00584346180331 358.56900000026144 
22.302904788575376 -38.00584346180331 366.902000000262 
22.302904788575376 -38.00584346180331 375.2350000002625 
22.302904788575376 -38.00584346180331 383.56800000026124 
22.302904788575376 -38.00584346180331 391.90100000025996 
22.302904788575376 -38.00584346180331 400.2340000002605 
22.302904788575376 -38.00584346180331 408.56700000026103 
22.302904788575376 -38.00584346180331 416.90000000025975 
22.302904788575376 -38.00584346180331 425.23300000025847 
22.302904788575376 -38.00584346180331 433.566000000259 
22.302904788575376 -38.00584346180331 441.89900000025955 
22.302904788575376 -38.00584346180331 450.23200000025827 
22.302904788575376 -38.00584346180331 458.565000000257 
22.302904788575376 -38.00584346180331 466.8980000002575 
22.302904788575376 -38.00584346180331 475.23100000025806 
22.302904788575376 -38.00584346180331 483.5640000002568 
22.302904788575376 -38.00584346180331 491.8970000002555 
22.302904788575376 -38.00584346180331 500.23000000025604 
22.302904788575376 -38.00584346180331 508.5630000002566 
22.302904788575376 -38.00584346180331 516.8960000002553 
22.302904788575376 -38.00584346180331 525.229000000254 
22.302904788575376 -38.00584346180331 533.5620000002546 
22.302904788575376 -38.00584346180331 541.8950000002551 
22.302904788575376 -38.00584346180331 550.2280000002538 
22.302904788575376 -38.00584346180331 558.5610000002525 
22.302904788575376 -38.00584346180331 566.8940000002531 
22.302904788575376 -38.00584346180331 575.2270000002536 
22.302904788575376 -38.00584346180331 583.5600000002523 
22.302904788575376 -38.00584346180331 591.893000000251 
22.302904788575376 -38.00584346180331 600.2260000002516 
22.302904788575376 -38.00584346180331 608.5590000002521 
22.302904788575376 -38.00584346180331 616.8920000002508 
22.302904788575376 -38.00584346180331 625.2250000002496 
22.302904788575376 -38.00584346180331 633.5580000002501 
22.302904788575376 -38.00584346180331 641.8910000002506 
22.302904788575376 -38.00584346180331 650.2240000002494 
22.302904788575376 -38.00584346180331 658.5570000002481 
22.302904788575376 -38.00584346180331 666.8900000002486 
22.302904788575376 -38.00584346180331 675.2230000002492 
22.302904788575376 -38.00584346180331 683.5560000002479 
22.302904788575376 -38.00584346180331 691.8890000002466 
22.302904788575376 -38.00584346180331 700.2220000002471 
22.302904788575376 -38.00584346180331 708.5550000002477 
22.302904788575376 -38.00584346180331 716.8880000002464 
22.302904788575376 -38.00584346180331 725.2210000002451 
22.302904788575376 -38.00584346180331 733.5540000002457 
22.302904788575376 -38.00584346180331 741.8870000002462 
22.302904788575376 -38.00584346180331 750.2200000002449 
22.302904788575376 -38.00584346180331 758.5530000002436 
22.302904788575376 -38.00584346180331 766.8860000002442 
22.302904788575376 -38.00584346180331 775.2190000002447 
22.302904788575376 -38.00584346180331 783.5520000002434 
22.302904788575376 -38.00584346180331 791.8850000002421 
22.302904788575376 -38.00584346180331 800.2180000002427 
22.302904788575376 -38.00584346180331 808.5510000002432 
22.302904788575376 -38.00584346180331 816.8840000002419 
22.302904788575376 -38.00584346180331 825.2170000002407 
22.302904788575376 -38.00584346180331 833.5500000002412 
22.302904788575376 -38.00584346180331 841.8830000002417 
22.302904788575376 -38.00584346180331 850.2160000002405 
22.302904788575376 -38.00584346180331 858.5490000002392 
22.302904788575376 -38.00584346180331 866.8820000002397 
22.302904788575376 -38.00584346180331 875.2150000002403 
22.302904788575376 -38.00584346180331 883.548000000239 
22.302904788575376 -38.00584346180331 891.8810000002377 
22.302904788575376 -38.00584346180331 900.2140000002382 
22.302904788575376 -38.00584346180331 908.5470000002388 
22.302904788575376 -38.00584346180331 916.8800000002375 
22.302904788575376 -38.00584346180331 925.2130000002362 
22.302904788575376 -38.00584346180331 933.5460000002367 
22.302904788575376 -38.00584346180331 941.8790000002373 
22.302904788575376 -38.00584346180331 950.212000000236 
22.302904788575376 -38.00584346180331 958.5450000002347 
22.302904788575376 -38.00584346180331 966.8780000002353 
22.302904788575376 -38.00584346180331 975.2110000002358 
22.302904788575376 -38.00584346180331 983.5440000002345 
22.302904788575376 -38.00584346180331 991.8770000002332 
22.302904788575376 -38.00584346180331 1000.2100000002338 
22.302904788575376 -38.00584346180331 1008.5430000002343 
22.302904788575376 -38.00584346180331 1016.876000000233 
22.302904788575376 -38.00584346180331 1025.2090000002318 
22.302904788575376 -38.00584346180331 1033.5420000002323 
22.302904788575376 -38.00584346180331 1041.8750000002328 
22.302904788575376 -38.00584346180331 1050.2080000002316 
22.302904788575376 -38.00584346180331 1058.5410000002303 
22.302904788575376 -38.00584346180331 1066.8740000002308 
22.302904788575376 -38.00584346180331 1075.2070000002313 
22.302904788575376 -38.00584346180331 1083.54000000023 
22.302904788575376 -38.00584346180331 1091.8730000002288 
22.302904788575376 -38.00584346180331 1100.2060000002293 
22.302904788575376 -38.00584346180331 1108.5390000002299 
22.302904788575376 -38.00584346180331 1116.8720000002286 
22.302904788575376 -38.00584346180331 1125.2050000002273 
22.302904788575376 -38.00584346180331 1133.5380000002278 
22.302904788575376 -38.00584346180331 1141.8710000002284 
22.302904788575376 -38.00584346180331 1150.204000000227 
22.302904788575376 -38.00584346180331 1158.5370000002258 
22.302904788575376 -38.00584346180331 1166.8700000002264 
22.302904788575376 -38.00584346180331 1175.203000000227 
22.302904788575376 -38.00584346180331 1183.5360000002256 
22.302904788575376 -38.00584346180331 1191.8690000002243 
22.302904788575376 -38.00584346180331 1200.2020000002249 
22.302904788575376 -38.00584346180331 1208.5350000002254 
22.302904788575376 -38.00584346180331 1216.8680000002241 
22.302904788575376 -38.00584346180331 1225.2010000002228 
22.302904788575376 -38.00584346180331 1233.5340000002234 
22.302904788575376 -38.00584346180331 1241.867000000224 
22.302904788575376 -38.00584346180331 1250.2000000002226 
22.302904788575376 -38.00584346180331 1258.5330000002214 
22.302904788575376 -38.00584346180331 1266.866000000222 
22.302904788575376 -38.00584346180331 1275.1990000002224 
22.302904788575376 -38.00584346180331 1283.5320000002212 
22.302904788575376 -38.00584346180331 1291.8650000002199 
22.302904788575376 -38.00584346180331 1300.1980000002204 
22.302904788575376 -38.00584346180331 1308.531000000221 
22.302904788575376 -38.00584346180331 1316.8640000002197 
22.302904788575376 -38.00584346180331 1325.1970000002184 
22.302904788575376 -38.00584346180331 1333.530000000219 
22.302904788575376 -38.00584346180331 1341.8630000002195 
22.302904788575376 -38.00584346180331 1350.1960000002182 
22.302904788575376 -38.00584346180331 1358.529000000217 
22.302904788575376 -38.00584346180331 1366.8620000002174 
22.302904788575376 -38.00584346180331 1375.195000000218 
22.302904788575376 -38.00584346180331 1383.5280000002167 
22.302904788575376 -38.00584346180331 1391.8610000002154 
22.302904788575376 -38.00584346180331 1400.194000000216 
22.302904788575376 -38.00584346180331 1408.5270000002165 
22.302904788575376 -38.00584346180331 1416.8600000002152 
22.302904788575376 -38.00584346180331 1425.193000000214 
22.302904788575376 -38.00584346180331 1433.5260000002145 
22.302904788575376 -38.00584346180331 1441.859000000215 
22.302904788575376 -38.00584346180331 1450.1920000002137 
22.302904788575376 -38.00584346180331 1458.5250000002125 
22.302904788575376 -38.00584346180331 1466.858000000213 
22.302904788575376 -38.00584346180331 1475.1910000002135 
22.302904788575376 -38.00584346180331 1483.5240000002123 
22.302904788575376 -38.00584346180331 1491.857000000211 
22.302904788575376 -38.00584346180331 1500.1900000002115 
22.302904788575376 -38.00584346180331 1508.523000000212 
22.302904788575376 -38.00584346180331 1516.8560000002108 
22.302904788575376 -38.00584346180331 1525.1890000002095 
22.302904788575376 -38.00584346180331 1533.52200000021 
22.302904788575376 -38.00584346180331 1541.8550000002106 
22.302904788575376 -38.00584346180331 1550.1880000002093 
22.302904788575376 -38.00584346180331 1558.521000000208 
22.302904788575376 -38.00584346180331 1566.8540000002085 
22.302904788575376 -38.00584346180331 1575.187000000209 
22.302904788575376 -38.00584346180331 1583.5200000002078 
22.302904788575376 -38.00584346180331 1591.8530000002065 
22.302904788575376 -38.00584346180331 1600.186000000207 
22.302904788575376 -38.00584346180331 1608.5190000002076 
22.302904788575376 -38.00584346180331 1616.8520000002063 
22.302904788575376 -38.00584346180331 1625.185000000205 
22.302904788575376 -38.00584346180331 1633.5180000002056 
22.302904788575376 -38.00584346180331 1641.851000000206 
22.302904788575376 -38.00584346180331 1650.1840000002048 
22.302904788575376 -38.00584346180331 1658.5170000002036 
22.302904788575376 -38.00584346180331 1666.850000000204 
22.302904788575376 -38.00584346180331 1675.1830000002046 
22.302904788575376 -38.00584346180331 1683.5160000002033 
22.302904788575376 -38.00584346180331 1691.849000000202 
22.302904788575376 -38.00584346180331 1700.1820000002026 
22.302904788575376 -38.00584346180331 1708.5150000002031 
22.302904788575376 -38.00584346180331 1716.8480000002019 
22.302904788575376 -38.00584346180331 1725.1810000002006 
22.302904788575376 -38.00584346180331 1733.5140000002011 
22.302904788575376 -38.00584346180331 1741.8470000002017 
22.302904788575376 -38.00584346180331 1750.1800000002004 
22.302904788575376 -38.00584346180331 1758.513000000199 
22.302904788575376 -38.00584346180331 1766.8460000001996 
22.302904788575376 -38.00584346180331 1775.1790000002002 
22.302904788575376 -38.00584346180331 1783.512000000199 
22.302904788575376 -38.00584346180331 1791.8450000001976 
22.302904788575376 -38.00584346180331 1800.1780000001982 
22.302904788575376 -38.00584346180331 1808.5110000001987 
22.302904788575376 -38.00584346180331 1816.8440000001974 
22.302904788575376 -38.00584346180331 1825.1770000001961 
22.302904788575376 -38.00584346180331 1833.5100000001967 
22.302904788575376 -38.00584346180331 1841.8430000001972 
22.302904788575376 -38.00584346180331 1850.176000000196 
22.302904788575376 -38.00584346180331 1858.5090000001946 
22.302904788575376 -38.00584346180331 1866.8420000001952 
22.302904788575376 -38.00584346180331 1875.1750000001957 
22.302904788575376 -38.00584346180331 1883.5080000001944 
22.302904788575376 -38.00584346180331 1891.8410000001932 
22.302904788575376 -38.00584346180331 1900.1740000001937 
22.302904788575376 -38.00584346180331 1908.5070000001942 
22.302904788575376 -38.00584346180331 1916.840000000193 
22.302904788575376 -38.00584346180331 1925.1730000001917 
22.302904788575376 -38.00584346180331 1933.5060000001922 
22.302904788575376 -38.00584346180331 1941.8390000001928 
22.302904788575376 -38.00584346180331 1950.1720000001915 
22.302904788575376 -38.00584346180331 1958.5050000001902 
22.302904788575376 -38.00584346180331 1966.8380000001907 
22.302904788575376 -38.00584346180331 1975.1710000001913 
22.302904788575376 -38.00584346180331 1983.50400000019 
22.302904788575376 -38.00584346180331 1991.8370000001887 
22.302904788575376 -38.00584346180331 2000.1700000001892 
22.302904788575376 -38.00584346180331 2008.5030000001898 
22.302904788575376 -38.00584346180331 2016.8360000001885 
22.302904788575376 -38.00584346180331 2025.1690000001872 
22.302904788575376 -38.00584346180331 2033.5020000001878 
22.302904788575376 -38.00584346180331 2041.8350000001883 
22.302904788575376 -38.00584346180331 2050.168000000187 
22.302904788575376 -38.00584346180331 2058.5010000001857 
22.302904788575376 -38.00584346180331 2066.8340000001863 
22.302904788575376 -38.00584346180331 2075.167000000187 
22.302904788575376 -38.00584346180331 2083.5000000001855 
22.302904788575376 -38.00584346180331 2091.8330000001843 
22.302904788575376 -38.00584346180331 2100.166000000185 
22.302904788575376 -38.00584346180331 2108.4990000001853 
22.302904788575376 -38.00584346180331 2116.832000000184 
22.302904788575376 -38.00584346180331 2125.1650000001828 
22.302904788575376 -38.00584346180331 2133.4980000001833 
22.302904788575376 -38.00584346180331 2141.831000000184 
22.302904788575376 -38.00584346180331 2150.1640000001826 
22.302904788575376 -38.00584346180331 2158.4970000001813 
22.302904788575376 -38.00584346180331 2166.830000000182 
22.302904788575376 -38.00584346180331 2175.1630000001824 
22.302904788575376 -38.00584346180331 2183.496000000181 
22.302904788575376 -38.00584346180331 2191.82900000018 
22.302904788575376 -38.00584346180331 2200.1620000001803 
22.302904788575376 -38.00584346180331 2208.495000000181 
22.302904788575376 -38.00584346180331 2216.8280000001796 
22.302904788575376 -38.00584346180331 2225.1610000001783 
22.302904788575376 -38.00584346180331 2233.494000000179 
22.302904788575376 -38.00584346180331 2241.8270000001794 
22.302904788575376 -38.00584346180331 2250.160000000178 
22.302904788575376 -38.00584346180331 2258.493000000177 
22.302904788575376 -38.00584346180331 2266.8260000001774 
22.302904788575376 -38.00584346180331 2275.159000000178 
22.302904788575376 -38.00584346180331 2283.4920000001766 
22.302904788575376 -38.00584346180331 2291.8250000001754 
22.302904788575376 -38.00584346180331 2300.158000000176 
22.302904788575376 -38.00584346180331 2308.4910000001764 
22.302904788575376 -38.00584346180331 2316.824000000175 
22.302904788575376 -38.00584346180331 2325.157000000174 
22.302904788575376 -38.00584346180331 2333.4900000001744 
22.302904788575376 -38.00584346180331 2341.823000000175 
22.302904788575376 -38.00584346180331 2350.1560000001737 
22.302904788575376 -38.00584346180331 2358.4890000001724 
22.302904788575376 -38.00584346180331 2366.822000000173 
22.302904788575376 -38.00584346180331 2375.1550000001735 
22.302904788575376 -38.00584346180331 2383.488000000172 
22.302904788575376 -38.00584346180331 2391.821000000171 
22.302904788575376 -38.00584346180331 2400.1540000001714 
22.302904788575376 -38.00584346180331 2408.487000000172 
22.302904788575376 -38.00584346180331 2416.8200000001707 
22.302904788575376 -38.00584346180331 2425.1530000001694 
22.302904788575376 -38.00584346180331 2433.48600000017 
22.302904788575376 -38.00584346180331 2441.8190000001705 
22.302904788575376 -38.00584346180331 2450.152000000169 
22.302904788575376 -38.00584346180331 2458.485000000168 
22.302904788575376 -38.00584346180331 2466.8180000001685 
22.302904788575376 -38.00584346180331 2475.151000000169 
22.302904788575376 -38.00584346180331 2483.4840000001677 
22.302904788575376 -38.00584346180331 2491.8170000001664 
22.302904788575376 -38.00584346180331 2500.150000000167 
22.302904788575376 -38.00584346180331 2508.4830000001675 
22.302904788575376 -38.00584346180331 2516.8160000001662 
22.302904788575376 -38.00584346180331 2525.149000000165 
22.302904788575376 -38.00584346180331 2533.4820000001655 
22.302904788575376 -38.00584346180331 2541.815000000166 
22.302904788575376 -38.00584346180331 2550.1480000001648 
22.302904788575376 -38.00584346180331 2558.4810000001635 
22.302904788575376 -38.00584346180331 2566.814000000164 
22.302904788575376 -38.00584346180331 2575.1470000001646 
22.302904788575376 -38.00584346180331 2583.4800000001633 
22.302904788575376 -38.00584346180331 2591.813000000162 
22.302904788575376 -38.00584346180331 2600.1460000001625 
22.302904788575376 -38.00584346180331 2608.479000000163 
22.302904788575376 -38.00584346180331 2616.812000000162 
22.302904788575376 -38.00584346180331 2625.1450000001605 
22.302904788575376 -38.00584346180331 2633.478000000161 
22.302904788575376 -38.00584346180331 2641.8110000001616 
22.302904788575376 -38.00584346180331 2650.1440000001603 
22.302904788575376 -38.00584346180331 2658.477000000159 
22.302904788575376 -38.00584346180331 2666.8100000001596 
22.302904788575376 -38.00584346180331 2675.14300000016 
22.302904788575376 -38.00584346180331 2683.476000000159 
22.302904788575376 -38.00584346180331 2691.8090000001575 
22.302904788575376 -38.00584346180331 2700.142000000158 
22.302904788575376 -38.00584346180331 2708.4750000001586 
22.302904788575376 -38.00584346180331 2716.8080000001573 
22.302904788575376 -38.00584346180331 2725.141000000156 
22.302904788575376 -38.00584346180331 2733.4740000001566 
22.302904788575376 -38.00584346180331 2741.807000000157 
22.302904788575376 -38.00584346180331 2750.140000000156 
22.302904788575376 -38.00584346180331 2758.4730000001546 
22.302904788575376 -38.00584346180331 2766.806000000155 
22.302904788575376 -38.00584346180331 2775.1390000001556 
22.302904788575376 -38.00584346180331 2783.4720000001544 
22.302904788575376 -38.00584346180331 2791.805000000153 
22.302904788575376 -38.00584346180331 2800.1380000001536 
22.302904788575376 -38.00584346180331 2808.471000000154 
22.302904788575376 -38.00584346180331 2816.804000000153 
22.302904788575376 -38.00584346180331 2825.1370000001516 
22.302904788575376 -38.00584346180331 2833.470000000152 
22.302904788575376 -38.00584346180331 2841.8030000001527 
22.302904788575376 -38.00584346180331 2850.1360000001514 
22.302904788575376 -38.00584346180331 2858.46900000015 
22.302904788575376 -38.00584346180331 2866.8020000001507 
22.302904788575376 -38.00584346180331 2875.135000000151 
22.302904788575376 -38.00584346180331 2883.46800000015 
22.302904788575376 -38.00584346180331 2891.8010000001486 
22.302904788575376 -38.00584346180331 2900.134000000149 
22.302904788575376 -38.00584346180331 2908.4670000001497 
22.302904788575376 -38.00584346180331 2916.8000000001484 
22.302904788575376 -38.00584346180331 2925.133000000147 
22.302904788575376 -38.00584346180331 2933.4660000001477 
22.302904788575376 -38.00584346180331 2941.799000000148 
22.302904788575376 -38.00584346180331 2950.132000000147 
22.302904788575376 -38.00584346180331 2958.4650000001457 
22.302904788575376 -38.00584346180331 2966.798000000146 
22.302904788575376 -38.00584346180331 2975.1310000001467 
22.302904788575376 -38.00584346180331 2983.4640000001455 
22.302904788575376 -38.00584346180331 2991.797000000144 
22.302904788575376 -38.00584346180331 3000.1300000001447 
22.302904788575376 -38.00584346180331 3008.4630000001453 
22.302904788575376 -38.00584346180331 3016.796000000144 
22.302904788575376 -38.00584346180331 3025.1290000001427 
22.302904788575376 -38.00584346180331 3033.4620000001432 
22.302904788575376 -38.00584346180331 3041.795000000144 
22.302904788575376 -38.00584346180331 3050.1280000001425 
22.302904788575376 -38.00584346180331 3058.461000000141 
22.302904788575376 -38.00584346180331 3066.7940000001418 
22.302904788575376 -38.00584346180331 3075.1270000001423 
22.302904788575376 -38.00584346180331 3083.460000000141 
22.302904788575376 -38.00584346180331 3091.7930000001397 
22.302904788575376 -38.00584346180331 3100.1260000001403 
22.302904788575376 -38.00584346180331 3108.459000000141 
22.302904788575376 -38.00584346180331 3116.7920000001395 
22.302904788575376 -38.00584346180331 3125.1250000001382 
22.302904788575376 -38.00584346180331 3133.458000000139 
22.302904788575376 -38.00584346180331 3141.7910000001393 
22.302904788575376 -38.00584346180331 3150.124000000138 
22.302904788575376 -38.00584346180331 3158.4570000001368 
22.302904788575376 -38.00584346180331 3166.7900000001373 
22.302904788575376 -38.00584346180331 3175.123000000138 
22.302904788575376 -38.00584346180331 3183.4560000001366 
22.302904788575376 -38.00584346180331 3191.7890000001353 
22.302904788575376 -38.00584346180331 3200.122000000136 
22.302904788575376 -38.00584346180331 3208.4550000001364 
22.302904788575376 -38.00584346180331 3216.788000000135 
22.302904788575376 -38.00584346180331 3225.121000000134 
22.302904788575376 -38.00584346180331 3233.4540000001343 
22.302904788575376 -38.00584346180331 3241.787000000135 
22.302904788575376 -38.00584346180331 3250.1200000001336 
22.302904788575376 -38.00584346180331 3258.4530000001323 
22.302904788575376 -38.00584346180331 3266.786000000133 
22.302904788575376 -38.00584346180331 3275.1190000001334 
22.302904788575376 -38.00584346180331 3283.452000000132 
22.302904788575376 -38.00584346180331 3291.785000000131 
22.302904788575376 -38.00584346180331 3300.1180000001314 
22.302904788575376 -38.00584346180331 3308.451000000132 
22.302904788575376 -38.00584346180331 3316.7840000001306 
22.302904788575376 -38.00584346180331 3325.1170000001293 
22.302904788575376 -38.00584346180331 3333.45000000013 
22.302904788575376 -38.00584346180331 3341.7830000001304 
22.302904788575376 -38.00584346180331 3350.116000000129 
22.302904788575376 -38.00584346180331 3358.449000000128 
22.302904788575376 -38.00584346180331 3366.7820000001284 
22.302904788575376 -38.00584346180331 3375.115000000129 
22.302904788575376 -38.00584346180331 3383.4480000001276 
22.302904788575376 -38.00584346180331 3391.7810000001264 
22.302904788575376 -38.00584346180331 3400.114000000127 
22.302904788575376 -38.00584346180331 3408.4470000001274 
22.302904788575376 -38.00584346180331 3416.780000000126 
22.302904788575376 -38.00584346180331 3425.113000000125 
22.302904788575376 -38.00584346180331 3433.4460000001254 
22.302904788575376 -38.00584346180331 3441.779000000126 
22.302904788575376 -38.00584346180331 3450.1120000001247 
22.302904788575376 -38.00584346180331 3458.4450000001234 
22.302904788575376 -38.00584346180331 3466.778000000124 
22.302904788575376 -38.00584346180331 3475.1110000001245 
22.302904788575376 -38.00584346180331 3483.444000000123 
22.302904788575376 -38.00584346180331 3491.777000000122 
22.302904788575376 -38.00584346180331 3500.1100000001225 
22.302904788575376 -38.00584346180331 3508.443000000123 
22.302904788575376 -38.00584346180331 3516.7760000001217 
22.302904788575376 -38.00584346180331 3525.1090000001204 
22.302904788575376 -38.00584346180331 3533.442000000121 
22.302904788575376 -38.00584346180331 3541.7750000001215 
22.302904788575376 -38.00584346180331 3550.1080000001202 
22.302904788575376 -38.00584346180331 3558.441000000119 
22.302904788575376 -38.00584346180331 3566.7740000001195 
22.302904788575376 -38.00584346180331 3575.10700000012 
22.302904788575376 -38.00584346180331 3583.4400000001187 
22.302904788575376 -38.00584346180331 3591.7730000001175 
22.302904788575376 -38.00584346180331 3600.106000000118 
22.302904788575376 -38.00584346180331 3608.4390000001185 
22.302904788575376 -38.00584346180331 3616.7720000001173 
22.302904788575376 -38.00584346180331 3625.105000000116 
22.302904788575376 -38.00584346180331 3633.4380000001165 
22.302904788575376 -38.00584346180331 3641.771000000117 
22.302904788575376 -38.00584346180331 3650.104000000116 
22.302904788575376 -38.00584346180331 3658.4370000001145 
22.302904788575376 -38.00584346180331 3666.770000000115 
22.302904788575376 -38.00584346180331 3675.1030000001156 
22.302904788575376 -38.00584346180331 3683.4360000001143 
22.302904788575376 -38.00584346180331 3691.769000000113 
22.302904788575376 -38.00584346180331 3700.1020000001135 
22.302904788575376 -38.00584346180331 3708.435000000114 
22.302904788575376 -38.00584346180331 3716.768000000113 
22.302904788575376 -38.00584346180331 3725.1010000001115 
22.302904788575376 -38.00584346180331 3733.434000000112 
22.302904788575376 -38.00584346180331 3741.7670000001126 
22.302904788575376 -38.00584346180331 3750.1000000001113 
22.302904788575376 -38.00584346180331 3758.43300000011 
22.302904788575376 -38.00584346180331 3766.7660000001106 
22.302904788575376 -38.00584346180331 3775.099000000111 
22.302904788575376 -38.00584346180331 3783.43200000011 
22.302904788575376 -38.00584346180331 3791.7650000001086 
22.302904788575376 -38.00584346180331 3800.098000000109 
22.302904788575376 -38.00584346180331 3808.4310000001096 
22.302904788575376 -38.00584346180331 3816.7640000001084 
22.302904788575376 -38.00584346180331 3825.097000000107 
22.302904788575376 -38.00584346180331 3833.4300000001076 
22.302904788575376 -38.00584346180331 3841.763000000108 
22.302904788575376 -38.00584346180331 3850.096000000107 
22.302904788575376 -38.00584346180331 3858.4290000001056 
22.302904788575376 -38.00584346180331 3866.762000000106 
22.302904788575376 -38.00584346180331 3875.0950000001067 
22.302904788575376 -38.00584346180331 3883.4280000001054 
22.302904788575376 -38.00584346180331 3891.761000000104 
22.302904788575376 -38.00584346180331 3900.0940000001046 
22.302904788575376 -38.00584346180331 3908.427000000105 
22.302904788575376 -38.00584346180331 3916.760000000104 
22.302904788575376 -38.00584346180331 3925.0930000001026 
22.302904788575376 -38.00584346180331 3933.426000000103 
22.302904788575376 -38.00584346180331 3941.7590000001037 
22.302904788575376 -38.00584346180331 3950.0920000001024 
22.302904788575376 -38.00584346180331 3958.425000000101 
22.302904788575376 -38.00584346180331 3966.7580000001017 
22.302904788575376 -38.00584346180331 3975.091000000102 
22.302904788575376 -38.00584346180331 3983.424000000101 
22.302904788575376 -38.00584346180331 3991.7570000000997 
22.302904788575376 -38.00584346180331 4000.0900000001 
22.302904788575376 -38.00584346180331 4008.4230000001007 
22.302904788575376 -38.00584346180331 4016.7560000000994 
22.302904788575376 -38.00584346180331 4025.089000000098 
22.302904788575376 -38.00584346180331 4033.4220000000987 
22.302904788575376 -38.00584346180331 4041.7550000000992 
22.302904788575376 -38.00584346180331 4050.088000000098 
22.302904788575376 -38.00584346180331 4058.4210000000967 
22.302904788575376 -38.00584346180331 4066.754000000097 
22.302904788575376 -38.00584346180331 4075.0870000000978 
22.302904788575376 -38.00584346180331 4083.4200000000965 
22.302904788575376 -38.00584346180331 4091.753000000095 
22.302904788575376 -38.00584346180331 4100.086000000096 
22.302904788575376 -38.00584346180331 4108.419000000096 
22.302904788575376 -38.00584346180331 4116.752000000095 
22.302904788575376 -38.00584346180331 4125.085000000094 
22.302904788575376 -38.00584346180331 4133.418000000094 
22.302904788575376 -38.00584346180331 4141.751000000095 
22.302904788575376 -38.00584346180331 4150.0840000000935 
22.302904788575376 -38.00584346180331 4158.417000000092 
22.302904788575376 -38.00584346180331 4166.750000000093 
22.302904788575376 -38.00584346180331 4175.083000000093 
22.302904788575376 -38.00584346180331 4183.416000000092 
22.302904788575376 -38.00584346180331 4191.749000000091 
22.302904788575376 -38.00584346180331 4200.082000000091 
22.302904788575376 -38.00584346180331 4208.415000000092 
22.302904788575376 -38.00584346180331 4216.7480000000905 
22.302904788575376 -38.00584346180331 4225.081000000089 
22.302904788575376 -38.00584346180331 4233.41400000009 
22.302904788575376 -38.00584346180331 4241.74700000009 
22.302904788575376 -38.00584346180331 4250.080000000089 
22.302904788575376 -38.00584346180331 4258.413000000088 
22.302904788575376 -38.00584346180331 4266.746000000088 
22.302904788575376 -38.00584346180331 4275.079000000089 
22.302904788575376 -38.00584346180331 4283.412000000088 
22.302904788575376 -38.00584346180331 4291.745000000086 
22.302904788575376 -38.00584346180331 4300.078000000087 
22.302904788575376 -38.00584346180331 4308.4110000000865 
22.302904788575376 -38.00584346180331 4316.744000000086 
22.302904788575376 -38.00584346180331 4325.077000000086 
22.302904788575376 -38.00584346180331 4333.410000000085 
22.302904788575376 -38.00584346180331 4341.743000000085 
22.302904788575376 -38.00584346180331 4350.076000000085 
22.302904788575376 -38.00584346180331 4358.409000000084 
22.302904788575376 -38.00584346180331 4366.742000000084 
22.302904788575376 -38.00584346180331 4375.0750000000835 
22.302904788575376 -38.00584346180331 4383.408000000083 
22.302904788575376 -38.00584346180331 4391.741000000083 
22.302904788575376 -38.00584346180331 4400.074000000082 
22.302904788575376 -38.00584346180331 4408.407000000082 
22.302904788575376 -38.00584346180331 4416.740000000082 
22.302904788575376 -38.00584346180331 4425.073000000081 
22.302904788575376 -38.00584346180331 4433.406000000081 
22.302904788575376 -38.00584346180331 4441.7390000000805 
22.302904788575376 -38.00584346180331 4450.07200000008 
22.302904788575376 -38.00584346180331 4458.40500000008 
22.302904788575376 -38.00584346180331 4466.738000000079 
22.302904788575376 -38.00584346180331 4475.071000000079 
22.302904788575376 -38.00584346180331 4483.404000000079 
22.302904788575376 -38.00584346180331 4491.737000000078 
22.302904788575376 -38.00584346180331 4500.070000000078 
22.302904788575376 -38.00584346180331 4508.403000000078 
22.302904788575376 -38.00584346180331 4516.736000000077 
22.302904788575376 -38.00584346180331 4525.069000000077 
22.302904788575376 -38.00584346180331 4533.402000000076 
22.302904788575376 -38.00584346180331 4541.735000000076 
22.302904788575376 -38.00584346180331 4550.068000000076 
22.302904788575376 -38.00584346180331 4558.401000000075 
22.302904788575376 -38.00584346180331 4566.734000000075 
22.302904788575376 -38.00584346180331 4575.067000000075 
22.302904788575376 -38.00584346180331 4583.400000000074 
22.302904788575376 -38.00584346180331 4591.733000000074 
22.302904788575376 -38.00584346180331 4600.0660000000735 
22.302904788575376 -38.00584346180331 4608.399000000073 
22.302904788575376 -38.00584346180331 4616.732000000073 
22.302904788575376 -38.00584346180331 4625.065000000072 
22.302904788575376 -38.00584346180331 4633.398000000072 
22.302904788575376 -38.00584346180331 4641.731000000072 
22.302904788575376 -38.00584346180331 4650.064000000071 
22.302904788575376 -38.00584346180331 4658.397000000071 
22.302904788575376 -38.00584346180331 4666.7300000000705 
22.302904788575376 -38.00584346180331 4675.06300000007 
22.302904788575376 -38.00584346180331 4683.39600000007 
22.302904788575376 -38.00584346180331 4691.729000000069 
22.302904788575376 -38.00584346180331 4700.062000000069 
22.302904788575376 -38.00584346180331 4708.395000000069 
22.302904788575376 -38.00584346180331 4716.728000000068 
22.302904788575376 -38.00584346180331 4725.061000000068 
22.302904788575376 -38.00584346180331 4733.3940000000675 
22.302904788575376 -38.00584346180331 4741.727000000067 
22.302904788575376 -38.00584346180331 4750.060000000067 
22.302904788575376 -38.00584346180331 4758.393000000066 
22.302904788575376 -38.00584346180331 4766.726000000066 
22.302904788575376 -38.00584346180331 4775.059000000066 
22.302904788575376 -38.00584346180331 4783.392000000065 
22.302904788575376 -38.00584346180331 4791.725000000065 
22.302904788575376 -38.00584346180331 4800.058000000065 
22.302904788575376 -38.00584346180331 4808.391000000064 
22.302904788575376 -38.00584346180331 4816.724000000064 
22.302904788575376 -38.00584346180331 4825.057000000063 
22.302904788575376 -38.00584346180331 4833.390000000063 
22.302904788575376 -38.00584346180331 4841.723000000063 
22.302904788575376 -38.00584346180331 4850.056000000062 
22.302904788575376 -38.00584346180331 4858.389000000062 
22.302904788575376 -38.00584346180331 4866.722000000062 
22.302904788575376 -38.00584346180331 4875.055000000061 
22.302904788575376 -38.00584346180331 4883.388000000061 
22.302904788575376 -38.00584346180331 4891.7210000000605 
22.302904788575376 -38.00584346180331 4900.05400000006 
22.302904788575376 -38.00584346180331 4908.38700000006 
22.302904788575376 -38.00584346180331 4916.720000000059 
22.302904788575376 -38.00584346180331 4925.053000000059 
22.302904788575376 -38.00584346180331 4933.386000000059 
22.302904788575376 -38.00584346180331 4941.719000000058 
22.302904788575376 -38.00584346180331 4950.052000000058 
22.302904788575376 -38.00584346180331 4958.3850000000575 
22.302904788575376 -38.00584346180331 4966.718000000057 
22.302904788575376 -38.00584346180331 4975.051000000057 
22.302904788575376 -38.00584346180331 4983.384000000056 
22.302904788575376 -38.00584346180331 4991.717000000056 
22.302904788575376 -38.00584346180331 5000.050000000056 
22.302904788575376 -38.00584346180331 5008.383000000055 
22.302904788575376 -38.00584346180331 5016.716000000055 
22.302904788575376 -38.00584346180331 5025.049000000055 
22.302904788575376 -38.00584346180331 5033.382000000054 
22.302904788575376 -38.00584346180331 5041.715000000054 
22.302904788575376 -38.00584346180331 5050.048000000053 
22.302904788575376 -38.00584346180331 5058.381000000053 
22.302904788575376 -38.00584346180331 5066.714000000053 
22.302904788575376 -38.00584346180331 5075.047000000052 
22.302904788575376 -38.00584346180331 5083.380000000052 
22.302904788575376 -38.00584346180331 5091.713000000052 
22.302904788575376 -38.00584346180331 5100.046000000051 
22.302904788575376 -38.00584346180331 5108.379000000051 
22.302904788575376 -38.00584346180331 5116.7120000000505 
22.302904788575376 -38.00584346180331 5125.04500000005 
22.302904788575376 -38.00584346180331 5133.37800000005 
22.302904788575376 -38.00584346180331 5141.711000000049 
22.302904788575376 -38.00584346180331 5150.044000000049 
22.302904788575376 -38.00584346180331 5158.377000000049 
22.302904788575376 -38.00584346180331 5166.710000000048 
22.302904788575376 -38.00584346180331 5175.043000000048 
22.302904788575376 -38.00584346180331 5183.3760000000475 
22.302904788575376 -38.00584346180331 5191.709000000047 
22.302904788575376 -38.00584346180331 5200.042000000047 
22.302904788575376 -38.00584346180331 5208.375000000046 
22.302904788575376 -38.00584346180331 5216.708000000046 
22.302904788575376 -38.00584346180331 5225.041000000046 
22.302904788575376 -38.00584346180331 5233.374000000045 
22.302904788575376 -38.00584346180331 5241.707000000045 
22.302904788575376 -38.00584346180331 5250.0400000000445 
22.302904788575376 -38.00584346180331 5258.373000000044 
22.302904788575376 -38.00584346180331 5266.706000000044 
22.302904788575376 -38.00584346180331 5275.039000000043 
22.302904788575376 -38.00584346180331 5283.372000000043 
22.302904788575376 -38.00584346180331 5291.705000000043 
22.302904788575376 -38.00584346180331 5300.038000000042 
22.302904788575376 -38.00584346180331 5308.371000000042 
22.302904788575376 -38.00584346180331 5316.704000000042 
22.302904788575376 -38.00584346180331 5325.037000000041 
22.302904788575376 -38.00584346180331 5333.370000000041 
22.302904788575376 -38.00584346180331 5341.70300000004 
22.302904788575376 -38.00584346180331 5350.03600000004 
22.302904788575376 -38.00584346180331 5358.36900000004 
22.302904788575376 -38.00584346180331 5366.702000000039 
22.302904788575376 -38.00584346180331 5375.035000000039 
22.302904788575376 -38.00584346180331 5383.368000000039 
22.302904788575376 -38.00584346180331 5391.701000000038 
22.302904788575376 -38.00584346180331 5400.034000000038 
22.302904788575376 -38.00584346180331 5408.3670000000375 
22.302904788575376 -38.00584346180331 5416.700000000037 
22.302904788575376 -38.00584346180331 5425.033000000037 
22.302904788575376 -38.00584346180331 5433.366000000036 
22.302904788575376 -38.00584346180331 5441.699000000036 
22.302904788575376 -38.00584346180331 5450.032000000036 
22.302904788575376 -38.00584346180331 5458.365000000035 
22.302904788575376 -38.00584346180331 5466.698000000035 
22.302904788575376 -38.00584346180331 5475.0310000000345 
22.302904788575376 -38.00584346180331 5483.364000000034 
22.302904788575376 -38.00584346180331 5491.697000000034 
22.302904788575376 -38.00584346180331 5500.030000000033 
22.302904788575376 -38.00584346180331 5508.363000000033 
22.302904788575376 -38.00584346180331 5516.696000000033 
22.302904788575376 -38.00584346180331 5525.029000000032 
22.302904788575376 -38.00584346180331 5533.362000000032 
22.302904788575376 -38.00584346180331 5541.6950000000315 
22.302904788575376 -38.00584346180331 5550.028000000031 
22.302904788575376 -38.00584346180331 5558.361000000031 
22.302904788575376 -38.00584346180331 5566.69400000003 
22.302904788575376 -38.00584346180331 5575.02700000003 
22.302904788575376 -38.00584346180331 5583.36000000003 
22.302904788575376 -38.00584346180331 5591.693000000029 
22.302904788575376 -38.00584346180331 5600.026000000029 
22.302904788575376 -38.00584346180331 5608.359000000029 
22.302904788575376 -38.00584346180331 5616.692000000028 
22.302904788575376 -38.00584346180331 5625.025000000028 
22.302904788575376 -38.00584346180331 5633.3580000000275 
22.302904788575376 -38.00584346180331 5641.691000000027 
22.302904788575376 -38.00584346180331 5650.024000000027 
22.302904788575376 -38.00584346180331 5658.357000000026 
22.302904788575376 -38.00584346180331 5666.690000000026 
22.302904788575376 -38.00584346180331 5675.023000000026 
22.302904788575376 -38.00584346180331 5683.356000000025 
22.302904788575376 -38.00584346180331 5691.689000000025 
22.302904788575376 -38.00584346180331 5700.0220000000245 
22.302904788575376 -38.00584346180331 5708.355000000024 
22.302904788575376 -38.00584346180331 5716.688000000024 
22.302904788575376 -38.00584346180331 5725.021000000023 
22.302904788575376 -38.00584346180331 5733.354000000023 
22.302904788575376 -38.00584346180331 5741.687000000023 
22.302904788575376 -38.00584346180331 5750.020000000022 
22.302904788575376 -38.00584346180331 5758.353000000022 
22.302904788575376 -38.00584346180331 5766.6860000000215 
22.302904788575376 -38.00584346180331 5775.019000000021 
22.302904788575376 -38.00584346180331 5783.352000000021 
22.302904788575376 -38.00584346180331 5791.68500000002 
22.302904788575376 -38.00584346180331 5800.01800000002 
22.302904788575376 -38.00584346180331 5808.35100000002 
22.302904788575376 -38.00584346180331 5816.684000000019 
22.302904788575376 -38.00584346180331 5825.017000000019 
22.302904788575376 -38.00584346180331 5833.350000000019 
22.302904788575376 -38.00584346180331 5841.683000000018 
22.302904788575376 -38.00584346180331 5850.016000000018 
22.302904788575376 -38.00584346180331 5858.349000000017 
22.302904788575376 -38.00584346180331 5866.682000000017 
22.302904788575376 -38.00584346180331 5875.015000000017 
22.302904788575376 -38.00584346180331 5883.348000000016 
22.302904788575376 -38.00584346180331 5891.681000000016 
22.302904788575376 -38.00584346180331 5900.014000000016 
22.302904788575376 -38.00584346180331 5908.347000000015 
22.302904788575376 -38.00584346180331 5916.680000000015 
22.302904788575376 -38.00584346180331 5925.0130000000145 
22.302904788575376 -38.00584346180331 5933.346000000014 
22.302904788575376 -38.00584346180331 5941.679000000014 
22.302904788575376 -38.00584346180331 5950.012000000013 
22.302904788575376 -38.00584346180331 5958.345000000013 
22.302904788575376 -38.00584346180331 5966.678000000013 
22.302904788575376 -38.00584346180331 5975.011000000012 
22.302904788575376 -38.00584346180331 5983.344000000012 
22.302904788575376 -38.00584346180331 5991.6770000000115 
22.302904788575376 -38.00584346180331 6000.010000000011 
22.302904788575376 -38.00584346180331 6008.343000000011 
22.302904788575376 -38.00584346180331 6016.67600000001 
22.302904788575376 -38.00584346180331 6025.00900000001 
22.302904788575376 -38.00584346180331 6033.34200000001 
22.302904788575376 -38.00584346180331 6041.675000000009 
22.302904788575376 -38.00584346180331 6050.008000000009 
22.302904788575376 -38.00584346180331 6058.3410000000085 
22.302904788575376 -38.00584346180331 6066.674000000008 
22.302904788575376 -38.00584346180331 6075.007000000008 
22.302904788575376 -38.00584346180331 6083.340000000007 
22.302904788575376 -38.00584346180331 6091.673000000007 
22.302904788575376 -38.00584346180331 6100.006000000007 
22.302904788575376 -38.00584346180331 6108.339000000006 
22.302904788575376 -38.00584346180331 6116.672000000006 
22.302904788575376 -38.00584346180331 6125.005000000006 
22.302904788575376 -38.00584346180331 6133.338000000005 
22.302904788575376 -38.00584346180331 6141.671000000005 
22.302904788575376 -38.00584346180331 6150.004000000004 
22.302904788575376 -38.00584346180331 6158.337000000004 
22.302904788575376 -38.00584346180331 6166.670000000004 
22.302904788575376 -38.00584346180331 6175.003000000003 
22.302904788575376 -38.00584346180331 6183.336000000003 
22.302904788575376 -38.00584346180331 6191.669000000003 
22.302904788575376 -38.00584346180331 6200.002000000002 
22.302904788575376 -38.00584346180331 6208.335000000002 
22.302904788575376 -38.00584346180331 6216.6680000000015 
22.302904788575376 -38.00584346180331 6225.001000000001 
22.302904788575376 -38.00584346180331 6233.334000000001 
22.302904788575376 -38.00584346180331 6241.667 
22.302904788575376 -38.00584346180331 6250.0 
22.302904788575376 -38.00584346180331 6258.333 
22.302904788575376 -38.00584346180331 6266.665999999999 
22.302904788575376 -38.00584346180331 6274.998999999999 
22.302904788575376 -38.00584346180331 6283.3319999999985 
22.302904788575376 -38.00584346180331 6291.664999999998 
22.302904788575376 -38.00584346180331 6299.997999999998 
22.302904788575376 -38.00584346180331 6308.330999999997 
22.302904788575376 -38.00584346180331 6316.663999999997 
22.302904788575376 -38.00584346180331 6324.996999999997 
22.302904788575376 -38.00584346180331 6333.329999999996 
22.302904788575376 -38.00584346180331 6341.662999999996 
22.302904788575376 -38.00584346180331 6349.995999999996 
22.302904788575376 -38.00584346180331 6358.328999999995 
22.302904788575376 -38.00584346180331 6366.661999999995 
22.302904788575376 -38.00584346180331 6374.994999999994 
22.302904788575376 -38.00584346180331 6383.327999999994 
22.302904788575376 -38.00584346180331 6391.660999999994 
22.302904788575376 -38.00584346180331 6399.993999999993 
22.302904788575376 -38.00584346180331 6408.326999999993 
22.302904788575376 -38.00584346180331 6416.659999999993 
22.302904788575376 -38.00584346180331 6424.992999999992 
22.302904788575376 -38.00584346180331 6433.325999999992 
22.302904788575376 -38.00584346180331 6441.6589999999915 
22.302904788575376 -38.00584346180331 6449.991999999991 
22.302904788575376 -38.00584346180331 6458.324999999991 
22.302904788575376 -38.00584346180331 6466.65799999999 
22.302904788575376 -38.00584346180331 6474.99099999999 
22.302904788575376 -38.00584346180331 6483.32399999999 
22.302904788575376 -38.00584346180331 6491.656999999989 
22.302904788575376 -38.00584346180331 6499.989999999989 
22.302904788575376 -38.00584346180331 6508.3229999999885 
22.302904788575376 -38.00584346180331 6516.655999999988 
22.302904788575376 -38.00584346180331 6524.988999999988 
22.302904788575376 -38.00584346180331 6533.321999999987 
22.302904788575376 -38.00584346180331 6541.654999999987 
22.302904788575376 -38.00584346180331 6549.987999999987 
22.302904788575376 -38.00584346180331 6558.320999999986 
22.302904788575376 -38.00584346180331 6566.653999999986 
22.302904788575376 -38.00584346180331 6574.9869999999855 
22.302904788575376 -38.00584346180331 6583.319999999985 
22.302904788575376 -38.00584346180331 6591.652999999985 
22.302904788575376 -38.00584346180331 6599.985999999984 
22.302904788575376 -38.00584346180331 6608.318999999984 
22.302904788575376 -38.00584346180331 6616.651999999984 
22.302904788575376 -38.00584346180331 6624.984999999983 
22.302904788575376 -38.00584346180331 6633.317999999983 
22.302904788575376 -38.00584346180331 6641.650999999983 
22.302904788575376 -38.00584346180331 6649.983999999982 
22.302904788575376 -38.00584346180331 6658.316999999982 
22.302904788575376 -38.00584346180331 6666.649999999981 
22.302904788575376 -38.00584346180331 6674.982999999981 
22.302904788575376 -38.00584346180331 6683.315999999981 
22.302904788575376 -38.00584346180331 6691.64899999998 
22.302904788575376 -38.00584346180331 6699.98199999998 
22.302904788575376 -38.00584346180331 6708.31499999998 
22.302904788575376 -38.00584346180331 6716.647999999979 
22.302904788575376 -38.00584346180331 6724.980999999979 
22.302904788575376 -38.00584346180331 6733.3139999999785 
22.302904788575376 -38.00584346180331 6741.646999999978 
22.302904788575376 -38.00584346180331 6749.979999999978 
22.302904788575376 -38.00584346180331 6758.312999999977 
22.302904788575376 -38.00584346180331 6766.645999999977 
22.302904788575376 -38.00584346180331 6774.978999999977 
22.302904788575376 -38.00584346180331 6783.311999999976 
22.302904788575376 -38.00584346180331 6791.644999999976 
22.302904788575376 -38.00584346180331 6799.9779999999755 
22.302904788575376 -38.00584346180331 6808.310999999975 
22.302904788575376 -38.00584346180331 6816.643999999975 
22.302904788575376 -38.00584346180331 6824.976999999974 
22.302904788575376 -38.00584346180331 6833.309999999974 
22.302904788575376 -38.00584346180331 6841.642999999974 
22.302904788575376 -38.00584346180331 6849.975999999973 
22.302904788575376 -38.00584346180331 6858.308999999973 
22.302904788575376 -38.00584346180331 6866.6419999999725 
22.302904788575376 -38.00584346180331 6874.974999999972 
22.302904788575376 -38.00584346180331 6883.307999999972 
22.302904788575376 -38.00584346180331 6891.640999999971 
22.302904788575376 -38.00584346180331 6899.973999999971 
22.302904788575376 -38.00584346180331 6908.306999999971 
22.302904788575376 -38.00584346180331 6916.63999999997 
22.302904788575376 -38.00584346180331 6924.97299999997 
22.302904788575376 -38.00584346180331 6933.30599999997 
22.302904788575376 -38.00584346180331 6941.638999999969 
22.302904788575376 -38.00584346180331 6949.971999999969 
22.302904788575376 -38.00584346180331 6958.3049999999685 
22.302904788575376 -38.00584346180331 6966.637999999968 
22.302904788575376 -38.00584346180331 6974.970999999968 
22.302904788575376 -38.00584346180331 6983.303999999967 
22.302904788575376 -38.00584346180331 6991.636999999967 
22.302904788575376 -38.00584346180331 6999.969999999967 
22.302904788575376 -38.00584346180331 7008.302999999966 
22.302904788575376 -38.00584346180331 7016.635999999966 
22.302904788575376 -38.00584346180331 7024.9689999999655 
22.302904788575376 -38.00584346180331 7033.301999999965 
22.302904788575376 -38.00584346180331 7041.634999999965 
22.302904788575376 -38.00584346180331 7049.967999999964 
22.302904788575376 -38.00584346180331 7058.300999999964 
22.302904788575376 -38.00584346180331 7066.633999999964 
22.302904788575376 -38.00584346180331 7074.966999999963 
22.302904788575376 -38.00584346180331 7083.299999999963 
22.302904788575376 -38.00584346180331 7091.6329999999625 
22.302904788575376 -38.00584346180331 7099.965999999962 
22.302904788575376 -38.00584346180331 7108.298999999962 
22.302904788575376 -38.00584346180331 7116.631999999961 
22.302904788575376 -38.00584346180331 7124.964999999961 
22.302904788575376 -38.00584346180331 7133.297999999961 
22.302904788575376 -38.00584346180331 7141.63099999996 
22.302904788575376 -38.00584346180331 7149.96399999996 
22.302904788575376 -38.00584346180331 7158.29699999996 
22.302904788575376 -38.00584346180331 7166.629999999959 
22.302904788575376 -38.00584346180331 7174.962999999959 
22.302904788575376 -38.00584346180331 7183.295999999958 
22.302904788575376 -38.00584346180331 7191.628999999958 
22.302904788575376 -38.00584346180331 7199.961999999958 
22.302904788575376 -38.00584346180331 7208.294999999957 
22.302904788575376 -38.00584346180331 7216.627999999957 
22.302904788575376 -38.00584346180331 7224.960999999957 
22.302904788575376 -38.00584346180331 7233.293999999956 
22.302904788575376 -38.00584346180331 7241.626999999956 
22.302904788575376 -38.00584346180331 7249.9599999999555 
22.302904788575376 -38.00584346180331 7258.292999999955 
22.302904788575376 -38.00584346180331 7266.625999999955 
22.302904788575376 -38.00584346180331 7274.958999999954 
22.302904788575376 -38.00584346180331 7283.291999999954 
22.302904788575376 -38.00584346180331 7291.624999999954 
22.302904788575376 -38.00584346180331 7299.957999999953 
22.302904788575376 -38.00584346180331 7308.290999999953 
22.302904788575376 -38.00584346180331 7316.6239999999525 
22.302904788575376 -38.00584346180331 7324.956999999952 
22.302904788575376 -38.00584346180331 7333.289999999952 
22.302904788575376 -38.00584346180331 7341.622999999951 
22.302904788575376 -38.00584346180331 7349.955999999951 
22.302904788575376 -38.00584346180331 7358.288999999951 
22.302904788575376 -38.00584346180331 7366.62199999995 
22.302904788575376 -38.00584346180331 7374.95499999995 
22.302904788575376 -38.00584346180331 7383.2879999999495 
22.302904788575376 -38.00584346180331 7391.620999999949 
22.302904788575376 -38.00584346180331 7399.953999999949 
22.302904788575376 -38.00584346180331 7408.286999999948 
22.302904788575376 -38.00584346180331 7416.619999999948 
22.302904788575376 -38.00584346180331 7424.952999999948 
22.302904788575376 -38.00584346180331 7433.285999999947 
22.302904788575376 -38.00584346180331 7441.618999999947 
22.302904788575376 -38.00584346180331 7449.951999999947 
22.302904788575376 -38.00584346180331 7458.284999999946 
22.302904788575376 -38.00584346180331 7466.617999999946 
22.302904788575376 -38.00584346180331 7474.950999999945 
22.302904788575376 -38.00584346180331 7483.283999999945 
22.302904788575376 -38.00584346180331 7491.616999999945 
22.302904788575376 -38.00584346180331 7499.949999999944 
22.302904788575376 -38.00584346180331 7508.282999999944 
22.302904788575376 -38.00584346180331 7516.615999999944 
22.302904788575376 -38.00584346180331 7524.948999999943 
22.302904788575376 -38.00584346180331 7533.281999999943 
22.302904788575376 -38.00584346180331 7541.6149999999425 
22.302904788575376 -38.00584346180331 7549.947999999942 
22.302904788575376 -38.00584346180331 7558.280999999942 
22.302904788575376 -38.00584346180331 7566.613999999941 
22.302904788575376 -38.00584346180331 7574.946999999941 
22.302904788575376 -38.00584346180331 7583.279999999941 
22.302904788575376 -38.00584346180331 7591.61299999994 
22.302904788575376 -38.00584346180331 7599.94599999994 
22.302904788575376 -38.00584346180331 7608.2789999999395 
22.302904788575376 -38.00584346180331 7616.611999999939 
22.302904788575376 -38.00584346180331 7624.944999999939 
22.302904788575376 -38.00584346180331 7633.277999999938 
22.302904788575376 -38.00584346180331 7641.610999999938 
22.302904788575376 -38.00584346180331 7649.943999999938 
22.302904788575376 -38.00584346180331 7658.276999999937 
22.302904788575376 -38.00584346180331 7666.609999999937 
22.302904788575376 -38.00584346180331 7674.942999999937 
22.302904788575376 -38.00584346180331 7683.275999999936 
22.302904788575376 -38.00584346180331 7691.608999999936 
22.302904788575376 -38.00584346180331 7699.941999999935 
22.302904788575376 -38.00584346180331 7708.274999999935 
22.302904788575376 -38.00584346180331 7716.607999999935 
22.302904788575376 -38.00584346180331 7724.940999999934 
22.302904788575376 -38.00584346180331 7733.273999999934 
22.302904788575376 -38.00584346180331 7741.606999999934 
22.302904788575376 -38.00584346180331 7749.939999999933 
22.302904788575376 -38.00584346180331 7758.272999999933 
22.302904788575376 -38.00584346180331 7766.6059999999325 
22.302904788575376 -38.00584346180331 7774.938999999932 
22.302904788575376 -38.00584346180331 7783.271999999932 
22.302904788575376 -38.00584346180331 7791.604999999931 
22.302904788575376 -38.00584346180331 7799.937999999931 
22.302904788575376 -38.00584346180331 7808.270999999931 
22.302904788575376 -38.00584346180331 7816.60399999993 
22.302904788575376 -38.00584346180331 7824.93699999993 
22.302904788575376 -38.00584346180331 7833.2699999999295 
22.302904788575376 -38.00584346180331 7841.602999999929 
22.302904788575376 -38.00584346180331 7849.935999999929 
22.302904788575376 -38.00584346180331 7858.268999999928 
22.302904788575376 -38.00584346180331 7866.601999999928 
22.302904788575376 -38.00584346180331 7874.934999999928 
22.302904788575376 -38.00584346180331 7883.267999999927 
22.302904788575376 -38.00584346180331 7891.600999999927 
22.302904788575376 -38.00584346180331 7899.9339999999265 
22.302904788575376 -38.00584346180331 7908.266999999926 
22.302904788575376 -38.00584346180331 7916.599999999926 
22.302904788575376 -38.00584346180331 7924.932999999925 
22.302904788575376 -38.00584346180331 7933.265999999925 
22.302904788575376 -38.00584346180331 7941.598999999925 
22.302904788575376 -38.00584346180331 7949.931999999924 
22.302904788575376 -38.00584346180331 7958.264999999924 
22.302904788575376 -38.00584346180331 7966.597999999924 
22.302904788575376 -38.00584346180331 7974.930999999923 
22.302904788575376 -38.00584346180331 7983.263999999923 
22.302904788575376 -38.00584346180331 7991.596999999922 
22.302904788575376 -38.00584346180331 7999.929999999922 
22.302904788575376 -38.00584346180331 8008.262999999922 
22.302904788575376 -38.00584346180331 8016.595999999921 
22.302904788575376 -38.00584346180331 8024.928999999921 
22.302904788575376 -38.00584346180331 8033.261999999921 
22.302904788575376 -38.00584346180331 8041.59499999992 
22.302904788575376 -38.00584346180331 8049.92799999992 
22.302904788575376 -38.00584346180331 8058.2609999999195 
22.302904788575376 -38.00584346180331 8066.593999999919 
22.302904788575376 -38.00584346180331 8074.926999999919 
22.302904788575376 -38.00584346180331 8083.259999999918 
22.302904788575376 -38.00584346180331 8091.592999999918 
22.302904788575376 -38.00584346180331 8099.925999999918 
22.302904788575376 -38.00584346180331 8108.258999999917 
22.302904788575376 -38.00584346180331 8116.591999999917 
22.302904788575376 -38.00584346180331 8124.9249999999165 
22.302904788575376 -38.00584346180331 8133.257999999916 
22.302904788575376 -38.00584346180331 8141.590999999916 
22.302904788575376 -38.00584346180331 8149.923999999915 
22.302904788575376 -38.00584346180331 8158.256999999915 
22.302904788575376 -38.00584346180331 8166.589999999915 
22.302904788575376 -38.00584346180331 8174.922999999914 
22.302904788575376 -38.00584346180331 8183.255999999914 
22.302904788575376 -38.00584346180331 8191.5889999999135 
22.302904788575376 -38.00584346180331 8199.921999999913 
22.302904788575376 -38.00584346180331 8208.254999999914 
22.302904788575376 -38.00584346180331 8216.587999999912 
22.302904788575376 -38.00584346180331 8224.920999999911 
22.302904788575376 -38.00584346180331 8233.253999999912 
22.302904788575376 -38.00584346180331 8241.586999999912 
22.302904788575376 -38.00584346180331 8249.919999999911 
22.302904788575376 -38.00584346180331 8258.25299999991 
22.302904788575376 -38.00584346180331 8266.58599999991 
22.302904788575376 -38.00584346180331 8274.91899999991 
22.302904788575376 -38.00584346180331 8283.25199999991 
22.302904788575376 -38.00584346180331 8291.584999999908 
22.302904788575376 -38.00584346180331 8299.917999999909 
22.302904788575376 -38.00584346180331 8308.25099999991 
22.302904788575376 -38.00584346180331 8316.583999999908 
22.302904788575376 -38.00584346180331 8324.916999999907 
22.302904788575376 -38.00584346180331 8333.249999999907 
22.302904788575376 -38.00584346180331 8341.582999999908 
22.302904788575376 -38.00584346180331 8349.915999999906 
22.302904788575376 -38.00584346180331 8358.248999999905 
22.302904788575376 -38.00584346180331 8366.581999999906 
22.302904788575376 -38.00584346180331 8374.914999999906 
22.302904788575376 -38.00584346180331 8383.247999999905 
22.302904788575376 -38.00584346180331 8391.580999999904 
22.302904788575376 -38.00584346180331 8399.913999999904 
22.302904788575376 -38.00584346180331 8408.246999999905 
22.302904788575376 -38.00584346180331 8416.579999999904 
22.302904788575376 -38.00584346180331 8424.912999999902 
22.302904788575376 -38.00584346180331 8433.245999999903 
22.302904788575376 -38.00584346180331 8441.578999999903 
22.302904788575376 -38.00584346180331 8449.911999999902 
22.302904788575376 -38.00584346180331 8458.2449999999 
22.302904788575376 -38.00584346180331 8466.577999999901 
22.302904788575376 -38.00584346180331 8474.910999999902 
22.302904788575376 -38.00584346180331 8483.2439999999 
22.302904788575376 -38.00584346180331 8491.5769999999 
22.302904788575376 -38.00584346180331 8499.9099999999 
22.302904788575376 -38.00584346180331 8508.2429999999 
22.302904788575376 -38.00584346180331 8516.575999999899 
22.302904788575376 -38.00584346180331 8524.908999999898 
22.302904788575376 -38.00584346180331 8533.241999999898 
22.302904788575376 -38.00584346180331 8541.574999999899 
22.302904788575376 -38.00584346180331 8549.907999999898 
22.302904788575376 -38.00584346180331 8558.240999999896 
22.302904788575376 -38.00584346180331 8566.573999999897 
22.302904788575376 -38.00584346180331 8574.906999999897 
22.302904788575376 -38.00584346180331 8583.239999999896 
22.302904788575376 -38.00584346180331 8591.572999999895 
22.302904788575376 -38.00584346180331 8599.905999999895 
22.302904788575376 -38.00584346180331 8608.238999999896 
22.302904788575376 -38.00584346180331 8616.571999999895 
22.302904788575376 -38.00584346180331 8624.904999999893 
22.302904788575376 -38.00584346180331 8633.237999999894 
22.302904788575376 -38.00584346180331 8641.570999999894 
22.302904788575376 -38.00584346180331 8649.903999999893 
22.302904788575376 -38.00584346180331 8658.236999999892 
22.302904788575376 -38.00584346180331 8666.569999999892 
22.302904788575376 -38.00584346180331 8674.902999999893 
22.302904788575376 -38.00584346180331 8683.235999999892 
22.302904788575376 -38.00584346180331 8691.56899999989 
22.302904788575376 -38.00584346180331 8699.90199999989 
22.302904788575376 -38.00584346180331 8708.234999999891 
22.302904788575376 -38.00584346180331 8716.56799999989 
22.302904788575376 -38.00584346180331 8724.900999999889 
22.302904788575376 -38.00584346180331 8733.23399999989 
22.302904788575376 -38.00584346180331 8741.56699999989 
22.302904788575376 -38.00584346180331 8749.899999999889 
22.302904788575376 -38.00584346180331 8758.232999999887 
22.302904788575376 -38.00584346180331 8766.565999999888 
22.302904788575376 -38.00584346180331 8774.898999999888 
22.302904788575376 -38.00584346180331 8783.231999999887 
22.302904788575376 -38.00584346180331 8791.564999999886 
22.302904788575376 -38.00584346180331 8799.897999999886 
22.302904788575376 -38.00584346180331 8808.230999999887 
22.302904788575376 -38.00584346180331 8816.563999999886 
22.302904788575376 -38.00584346180331 8824.896999999884 
22.302904788575376 -38.00584346180331 8833.229999999885 
22.302904788575376 -38.00584346180331 8841.562999999886 
22.302904788575376 -38.00584346180331 8849.895999999884 
22.302904788575376 -38.00584346180331 8858.228999999883 
22.302904788575376 -38.00584346180331 8866.561999999883 
22.302904788575376 -38.00584346180331 8874.894999999884 
22.302904788575376 -38.00584346180331 8883.227999999883 
22.302904788575376 -38.00584346180331 8891.560999999881 
22.302904788575376 -38.00584346180331 8899.893999999882 
22.302904788575376 -38.00584346180331 8908.226999999883 
22.302904788575376 -38.00584346180331 8916.559999999881 
22.302904788575376 -38.00584346180331 8924.89299999988 
22.302904788575376 -38.00584346180331 8933.22599999988 
22.302904788575376 -38.00584346180331 8941.558999999881 
22.302904788575376 -38.00584346180331 8949.89199999988 
22.302904788575376 -38.00584346180331 8958.224999999878 
22.302904788575376 -38.00584346180331 8966.557999999879 
22.302904788575376 -38.00584346180331 8974.89099999988 
22.302904788575376 -38.00584346180331 8983.223999999878 
22.302904788575376 -38.00584346180331 8991.556999999877 
22.302904788575376 -38.00584346180331 8999.889999999878 
22.302904788575376 -38.00584346180331 9008.222999999878 
22.302904788575376 -38.00584346180331 9016.555999999877 
22.302904788575376 -38.00584346180331 9024.888999999876 
22.302904788575376 -38.00584346180331 9033.221999999876 
22.302904788575376 -38.00584346180331 9041.554999999877 
22.302904788575376 -38.00584346180331 9049.887999999875 
22.302904788575376 -38.00584346180331 9058.220999999874 
22.302904788575376 -38.00584346180331 9066.553999999875 
22.302904788575376 -38.00584346180331 9074.886999999875 
22.302904788575376 -38.00584346180331 9083.219999999874 
22.302904788575376 -38.00584346180331 9091.552999999873 
22.302904788575376 -38.00584346180331 9099.885999999873 
22.302904788575376 -38.00584346180331 9108.218999999874 
22.302904788575376 -38.00584346180331 9116.551999999872 
22.302904788575376 -38.00584346180331 9124.884999999871 
22.302904788575376 -38.00584346180331 9133.217999999872 
22.302904788575376 -38.00584346180331 9141.550999999872 
22.302904788575376 -38.00584346180331 9149.88399999987 
22.302904788575376 -38.00584346180331 9158.21699999987 
22.302904788575376 -38.00584346180331 9166.54999999987 
22.302904788575376 -38.00584346180331 9174.88299999987 
22.302904788575376 -38.00584346180331 9183.21599999987 
22.302904788575376 -38.00584346180331 9191.548999999868 
22.302904788575376 -38.00584346180331 9199.881999999869 
22.302904788575376 -38.00584346180331 9208.21499999987 
22.302904788575376 -38.00584346180331 9216.547999999868 
22.302904788575376 -38.00584346180331 9224.880999999867 
22.302904788575376 -38.00584346180331 9233.213999999867 
22.302904788575376 -38.00584346180331 9241.546999999868 
22.302904788575376 -38.00584346180331 9249.879999999866 
22.302904788575376 -38.00584346180331 9258.212999999865 
22.302904788575376 -38.00584346180331 9266.545999999866 
22.302904788575376 -38.00584346180331 9274.878999999866 
22.302904788575376 -38.00584346180331 9283.211999999865 
22.302904788575376 -38.00584346180331 9291.544999999864 
22.302904788575376 -38.00584346180331 9299.877999999864 
22.302904788575376 -38.00584346180331 9308.210999999865 
22.302904788575376 -38.00584346180331 9316.543999999863 
22.302904788575376 -38.00584346180331 9324.876999999862 
22.302904788575376 -38.00584346180331 9333.209999999863 
22.302904788575376 -38.00584346180331 9341.542999999863 
22.302904788575376 -38.00584346180331 9349.875999999862 
22.302904788575376 -38.00584346180331 9358.20899999986 
22.302904788575376 -38.00584346180331 9366.541999999861 
22.302904788575376 -38.00584346180331 9374.874999999862 
22.302904788575376 -38.00584346180331 9383.20799999986 
22.302904788575376 -38.00584346180331 9391.54099999986 
22.302904788575376 -38.00584346180331 9399.87399999986 
22.302904788575376 -38.00584346180331 9408.20699999986 
22.302904788575376 -38.00584346180331 9416.539999999859 
22.302904788575376 -38.00584346180331 9424.872999999858 
22.302904788575376 -38.00584346180331 9433.205999999858 
22.302904788575376 -38.00584346180331 9441.538999999859 
22.302904788575376 -38.00584346180331 9449.871999999858 
22.302904788575376 -38.00584346180331 9458.204999999856 
22.302904788575376 -38.00584346180331 9466.537999999857 
22.302904788575376 -38.00584346180331 9474.870999999857 
22.302904788575376 -38.00584346180331 9483.203999999856 
22.302904788575376 -38.00584346180331 9491.536999999855 
22.302904788575376 -38.00584346180331 9499.869999999855 
22.302904788575376 -38.00584346180331 9508.202999999856 
22.302904788575376 -38.00584346180331 9516.535999999855 
22.302904788575376 -38.00584346180331 9524.868999999853 
22.302904788575376 -38.00584346180331 9533.201999999854 
22.302904788575376 -38.00584346180331 9541.534999999854 
22.302904788575376 -38.00584346180331 9549.867999999853 
22.302904788575376 -38.00584346180331 9558.200999999852 
22.302904788575376 -38.00584346180331 9566.533999999852 
22.302904788575376 -38.00584346180331 9574.866999999853 
22.302904788575376 -38.00584346180331 9583.199999999852 
22.302904788575376 -38.00584346180331 9591.53299999985 
22.302904788575376 -38.00584346180331 9599.86599999985 
22.302904788575376 -38.00584346180331 9608.198999999851 
22.302904788575376 -38.00584346180331 9616.53199999985 
22.302904788575376 -38.00584346180331 9624.864999999849 
22.302904788575376 -38.00584346180331 9633.19799999985 
22.302904788575376 -38.00584346180331 9641.53099999985 
22.302904788575376 -38.00584346180331 9649.863999999849 
22.302904788575376 -38.00584346180331 9658.196999999847 
22.302904788575376 -38.00584346180331 9666.529999999848 
22.302904788575376 -38.00584346180331 9674.862999999848 
22.302904788575376 -38.00584346180331 9683.195999999847 
22.302904788575376 -38.00584346180331 9691.528999999846 
22.302904788575376 -38.00584346180331 9699.861999999846 
22.302904788575376 -38.00584346180331 9708.194999999847 
22.302904788575376 -38.00584346180331 9716.527999999846 
22.302904788575376 -38.00584346180331 9724.860999999844 
22.302904788575376 -38.00584346180331 9733.193999999845 
22.302904788575376 -38.00584346180331 9741.526999999845 
22.302904788575376 -38.00584346180331 9749.859999999844 
22.302904788575376 -38.00584346180331 9758.192999999843 
22.302904788575376 -38.00584346180331 9766.525999999843 
22.302904788575376 -38.00584346180331 9774.858999999844 
22.302904788575376 -38.00584346180331 9783.191999999843 
22.302904788575376 -38.00584346180331 9791.524999999841 
22.302904788575376 -38.00584346180331 9799.857999999842 
22.302904788575376 -38.00584346180331 9808.190999999842 
22.302904788575376 -38.00584346180331 9816.523999999841 
22.302904788575376 -38.00584346180331 9824.85699999984 
22.302904788575376 -38.00584346180331 9833.18999999984 
22.302904788575376 -38.00584346180331 9841.522999999841 
22.302904788575376 -38.00584346180331 9849.85599999984 
22.302904788575376 -38.00584346180331 9858.188999999838 
22.302904788575376 -38.00584346180331 9866.521999999839 
22.302904788575376 -38.00584346180331 9874.85499999984 
22.302904788575376 -38.00584346180331 9883.187999999838 
22.302904788575376 -38.00584346180331 9891.520999999837 
22.302904788575376 -38.00584346180331 9899.853999999837 
22.302904788575376 -38.00584346180331 9908.186999999838 
22.302904788575376 -38.00584346180331 9916.519999999837 
22.302904788575376 -38.00584346180331 9924.852999999835 
22.302904788575376 -38.00584346180331 9933.185999999836 
22.302904788575376 -38.00584346180331 9941.518999999837 
22.302904788575376 -38.00584346180331 9949.851999999835 
22.302904788575376 -38.00584346180331 9958.184999999834 
22.302904788575376 -38.00584346180331 9966.517999999835 
22.302904788575376 -38.00584346180331 9974.850999999835 
22.302904788575376 -38.00584346180331 9983.183999999834 
22.302904788575376 -38.00584346180331 9991.516999999832 
22.302904788575376 -38.00584346180331 9999.849999999833 
22.302904788575376 -38.00584346180331 10008.182999999834 
22.302904788575376 -38.00584346180331 10016.515999999832 
22.302904788575376 -38.00584346180331 10024.848999999831 
22.302904788575376 -38.00584346180331 10033.181999999832 
22.302904788575376 -38.00584346180331 10041.514999999832 
22.302904788575376 -38.00584346180331 10049.84799999983 
22.302904788575376 -38.00584346180331 10058.18099999983 
22.302904788575376 -38.00584346180331 10066.51399999983 
22.302904788575376 -38.00584346180331 10074.84699999983 
22.302904788575376 -38.00584346180331 10083.17999999983 
22.302904788575376 -38.00584346180331 10091.512999999828 
22.302904788575376 -38.00584346180331 10099.845999999829 
22.302904788575376 -38.00584346180331 10108.17899999983 
22.302904788575376 -38.00584346180331 10116.511999999828 
22.302904788575376 -38.00584346180331 10124.844999999827 
22.302904788575376 -38.00584346180331 10133.177999999827 
22.302904788575376 -38.00584346180331 10141.510999999828 
22.302904788575376 -38.00584346180331 10149.843999999826 
22.302904788575376 -38.00584346180331 10158.176999999825 
22.302904788575376 -38.00584346180331 10166.509999999826 
22.302904788575376 -38.00584346180331 10174.842999999826 
22.302904788575376 -38.00584346180331 10183.175999999825 
22.302904788575376 -38.00584346180331 10191.508999999824 
22.302904788575376 -38.00584346180331 10199.841999999824 
22.302904788575376 -38.00584346180331 10208.174999999825 
22.302904788575376 -38.00584346180331 10216.507999999823 
22.302904788575376 -38.00584346180331 10224.840999999822 
22.302904788575376 -38.00584346180331 10233.173999999823 
22.302904788575376 -38.00584346180331 10241.506999999823 
22.302904788575376 -38.00584346180331 10249.839999999822 
22.302904788575376 -38.00584346180331 10258.17299999982 
22.302904788575376 -38.00584346180331 10266.505999999821 
22.302904788575376 -38.00584346180331 10274.838999999822 
22.302904788575376 -38.00584346180331 10283.17199999982 
22.302904788575376 -38.00584346180331 10291.50499999982 
22.302904788575376 -38.00584346180331 10299.83799999982 
22.302904788575376 -38.00584346180331 10308.17099999982 
22.302904788575376 -38.00584346180331 10316.503999999819 
22.302904788575376 -38.00584346180331 10324.836999999818 
22.302904788575376 -38.00584346180331 10333.169999999818 
22.302904788575376 -38.00584346180331 10341.502999999819 
22.302904788575376 -38.00584346180331 10349.835999999817 
22.302904788575376 -38.00584346180331 10358.168999999816 
22.302904788575376 -38.00584346180331 10366.501999999817 
22.302904788575376 -38.00584346180331 10374.834999999817 
22.302904788575376 -38.00584346180331 10383.167999999816 
22.302904788575376 -38.00584346180331 10391.500999999815 
22.302904788575376 -38.00584346180331 10399.833999999815 
22.302904788575376 -38.00584346180331 10408.166999999816 
22.302904788575376 -38.00584346180331 10416.499999999814 
22.302904788575376 -38.00584346180331 10424.832999999813 
22.302904788575376 -38.00584346180331 10433.165999999814 
22.302904788575376 -38.00584346180331 10441.498999999814 
22.302904788575376 -38.00584346180331 10449.831999999813 
22.302904788575376 -38.00584346180331 10458.164999999812 
22.302904788575376 -38.00584346180331 10466.497999999812 
22.302904788575376 -38.00584346180331 10474.830999999813 
22.302904788575376 -38.00584346180331 10483.163999999811 
22.302904788575376 -38.00584346180331 10491.49699999981 
22.302904788575376 -38.00584346180331 10499.82999999981 
22.302904788575376 -38.00584346180331 10508.162999999811 
22.302904788575376 -38.00584346180331 10516.49599999981 
22.302904788575376 -38.00584346180331 10524.828999999809 
22.302904788575376 -38.00584346180331 10533.16199999981 
22.302904788575376 -38.00584346180331 10541.49499999981 
22.302904788575376 -38.00584346180331 10549.827999999809 
22.302904788575376 -38.00584346180331 10558.160999999807 
22.302904788575376 -38.00584346180331 10566.493999999808 
22.302904788575376 -38.00584346180331 10574.826999999808 
22.302904788575376 -38.00584346180331 10583.159999999807 
22.302904788575376 -38.00584346180331 10591.492999999806 
22.302904788575376 -38.00584346180331 10599.825999999806 
22.302904788575376 -38.00584346180331 10608.158999999807 
22.302904788575376 -38.00584346180331 10616.491999999806 
22.302904788575376 -38.00584346180331 10624.824999999804 
22.302904788575376 -38.00584346180331 10633.157999999805 
22.302904788575376 -38.00584346180331 10641.490999999805 
22.302904788575376 -38.00584346180331 10649.823999999804 
22.302904788575376 -38.00584346180331 10658.156999999803 
22.302904788575376 -38.00584346180331 10666.489999999803 
22.302904788575376 -38.00584346180331 10674.822999999804 
22.302904788575376 -38.00584346180331 10683.155999999803 
22.302904788575376 -38.00584346180331 10691.488999999801 
22.302904788575376 -38.00584346180331 10699.821999999802 
22.302904788575376 -38.00584346180331 10708.154999999802 
22.302904788575376 -38.00584346180331 10716.487999999801 
22.302904788575376 -38.00584346180331 10724.8209999998 
22.302904788575376 -38.00584346180331 10733.1539999998 
22.302904788575376 -38.00584346180331 10741.4869999998 
22.302904788575376 -38.00584346180331 10749.8199999998 
22.302904788575376 -38.00584346180331 10758.152999999798 
22.302904788575376 -38.00584346180331 10766.485999999799 
22.302904788575376 -38.00584346180331 10774.8189999998 
22.302904788575376 -38.00584346180331 10783.151999999798 
22.302904788575376 -38.00584346180331 10791.484999999797 
22.302904788575376 -38.00584346180331 10799.817999999797 
22.302904788575376 -38.00584346180331 10808.150999999798 
22.302904788575376 -38.00584346180331 10816.483999999797 
22.302904788575376 -38.00584346180331 10824.816999999795 
22.302904788575376 -38.00584346180331 10833.149999999796 
22.302904788575376 -38.00584346180331 10841.482999999796 
22.302904788575376 -38.00584346180331 10849.815999999795 
22.302904788575376 -38.00584346180331 10858.148999999794 
22.302904788575376 -38.00584346180331 10866.481999999794 
22.302904788575376 -38.00584346180331 10874.814999999795 
22.302904788575376 -38.00584346180331 10883.147999999794 
22.302904788575376 -38.00584346180331 10891.480999999792 
22.302904788575376 -38.00584346180331 10899.813999999793 
22.302904788575376 -38.00584346180331 10908.146999999793 
22.302904788575376 -38.00584346180331 10916.479999999792 
22.302904788575376 -38.00584346180331 10924.812999999791 
22.302904788575376 -38.00584346180331 10933.145999999791 
22.302904788575376 -38.00584346180331 10941.478999999792 
22.302904788575376 -38.00584346180331 10949.81199999979 
22.302904788575376 -38.00584346180331 10958.14499999979 
22.302904788575376 -38.00584346180331 10966.47799999979 
22.302904788575376 -38.00584346180331 10974.81099999979 
22.302904788575376 -38.00584346180331 10983.14399999979 
22.302904788575376 -38.00584346180331 10991.476999999788 
22.302904788575376 -38.00584346180331 10999.809999999788 
22.302904788575376 -38.00584346180331 11008.142999999789 
22.302904788575376 -38.00584346180331 11016.475999999788 
22.302904788575376 -38.00584346180331 11024.808999999786 
22.302904788575376 -38.00584346180331 11033.141999999787 
22.302904788575376 -38.00584346180331 11041.474999999788 
22.302904788575376 -38.00584346180331 11049.807999999786 
22.302904788575376 -38.00584346180331 11058.140999999785 
22.302904788575376 -38.00584346180331 11066.473999999786 
22.302904788575376 -38.00584346180331 11074.806999999786 
22.302904788575376 -38.00584346180331 11083.139999999785 
22.302904788575376 -38.00584346180331 11091.472999999783 
22.302904788575376 -38.00584346180331 11099.805999999784 
22.302904788575376 -38.00584346180331 11108.138999999785 
22.302904788575376 -38.00584346180331 11116.471999999783 
22.302904788575376 -38.00584346180331 11124.804999999782 
22.302904788575376 -38.00584346180331 11133.137999999783 
22.302904788575376 -38.00584346180331 11141.470999999783 
22.302904788575376 -38.00584346180331 11149.803999999782 
22.302904788575376 -38.00584346180331 11158.13699999978 
22.302904788575376 -38.00584346180331 11166.469999999781 
22.302904788575376 -38.00584346180331 11174.802999999782 
22.302904788575376 -38.00584346180331 11183.13599999978 
22.302904788575376 -38.00584346180331 11191.468999999779 
22.302904788575376 -38.00584346180331 11199.80199999978 
22.302904788575376 -38.00584346180331 11208.13499999978 
22.302904788575376 -38.00584346180331 11216.467999999779 
22.302904788575376 -38.00584346180331 11224.800999999778 
22.302904788575376 -38.00584346180331 11233.133999999778 
22.302904788575376 -38.00584346180331 11241.466999999779 
22.302904788575376 -38.00584346180331 11249.799999999777 
22.302904788575376 -38.00584346180331 11258.132999999776 
22.302904788575376 -38.00584346180331 11266.465999999777 
22.302904788575376 -38.00584346180331 11274.798999999777 
22.302904788575376 -38.00584346180331 11283.131999999776 
22.302904788575376 -38.00584346180331 11291.464999999775 
22.302904788575376 -38.00584346180331 11299.797999999775 
22.302904788575376 -38.00584346180331 11308.130999999776 
22.302904788575376 -38.00584346180331 11316.463999999774 
22.302904788575376 -38.00584346180331 11324.796999999773 
22.302904788575376 -38.00584346180331 11333.129999999774 
22.302904788575376 -38.00584346180331 11341.462999999774 
22.302904788575376 -38.00584346180331 11349.795999999773 
22.302904788575376 -38.00584346180331 11358.128999999772 
22.302904788575376 -38.00584346180331 11366.461999999772 
22.302904788575376 -38.00584346180331 11374.794999999773 
22.302904788575376 -38.00584346180331 11383.127999999771 
22.302904788575376 -38.00584346180331 11391.46099999977 
22.302904788575376 -38.00584346180331 11399.79399999977 
22.302904788575376 -38.00584346180331 11408.126999999771 
22.302904788575376 -38.00584346180331 11416.45999999977 
22.302904788575376 -38.00584346180331 11424.792999999769 
22.302904788575376 -38.00584346180331 11433.12599999977 
22.302904788575376 -38.00584346180331 11441.45899999977 
22.302904788575376 -38.00584346180331 11449.791999999768 
22.302904788575376 -38.00584346180331 11458.124999999767 
22.302904788575376 -38.00584346180331 11466.457999999768 
22.302904788575376 -38.00584346180331 11474.790999999768 
22.302904788575376 -38.00584346180331 11483.123999999767 
22.302904788575376 -38.00584346180331 11491.456999999766 
22.302904788575376 -38.00584346180331 11499.789999999766 
22.302904788575376 -38.00584346180331 11508.122999999767 
22.302904788575376 -38.00584346180331 11516.455999999765 
22.302904788575376 -38.00584346180331 11524.788999999764 
22.302904788575376 -38.00584346180331 11533.121999999765 
22.302904788575376 -38.00584346180331 11541.454999999765 
22.302904788575376 -38.00584346180331 11549.787999999764 
22.302904788575376 -38.00584346180331 11558.120999999763 
22.302904788575376 -38.00584346180331 11566.453999999763 
22.302904788575376 -38.00584346180331 11574.786999999764 
22.302904788575376 -38.00584346180331 11583.119999999763 
22.302904788575376 -38.00584346180331 11591.452999999761 
22.302904788575376 -38.00584346180331 11599.785999999762 
22.302904788575376 -38.00584346180331 11608.118999999762 
22.302904788575376 -38.00584346180331 11616.451999999761 
22.302904788575376 -38.00584346180331 11624.78499999976 
22.302904788575376 -38.00584346180331 11633.11799999976 
22.302904788575376 -38.00584346180331 11641.45099999976 
22.302904788575376 -38.00584346180331 11649.78399999976 
22.302904788575376 -38.00584346180331 11658.116999999758 
22.302904788575376 -38.00584346180331 11666.449999999759 
22.302904788575376 -38.00584346180331 11674.78299999976 
22.302904788575376 -38.00584346180331 11683.115999999758 
22.302904788575376 -38.00584346180331 11691.448999999757 
22.302904788575376 -38.00584346180331 11699.781999999757 
22.302904788575376 -38.00584346180331 11708.114999999758 
22.302904788575376 -38.00584346180331 11716.447999999757 
22.302904788575376 -38.00584346180331 11724.780999999755 
22.302904788575376 -38.00584346180331 11733.113999999756 
22.302904788575376 -38.00584346180331 11741.446999999756 
22.302904788575376 -38.00584346180331 11749.779999999755 
22.302904788575376 -38.00584346180331 11758.112999999754 
22.302904788575376 -38.00584346180331 11766.445999999754 
22.302904788575376 -38.00584346180331 11774.778999999755 
22.302904788575376 -38.00584346180331 11783.111999999754 
22.302904788575376 -38.00584346180331 11791.444999999752 
22.302904788575376 -38.00584346180331 11799.777999999753 
22.302904788575376 -38.00584346180331 11808.110999999753 
22.302904788575376 -38.00584346180331 11816.443999999752 
22.302904788575376 -38.00584346180331 11824.77699999975 
22.302904788575376 -38.00584346180331 11833.109999999751 
22.302904788575376 -38.00584346180331 11841.442999999752 
22.302904788575376 -38.00584346180331 11849.77599999975 
22.302904788575376 -38.00584346180331 11858.10899999975 
22.302904788575376 -38.00584346180331 11866.44199999975 
22.302904788575376 -38.00584346180331 11874.77499999975 
22.302904788575376 -38.00584346180331 11883.10799999975 
22.302904788575376 -38.00584346180331 11891.440999999748 
22.302904788575376 -38.00584346180331 11899.773999999748 
22.302904788575376 -38.00584346180331 11908.106999999749 
22.302904788575376 -38.00584346180331 11916.439999999748 
22.302904788575376 -38.00584346180331 11924.772999999746 
22.302904788575376 -38.00584346180331 11933.105999999747 
22.302904788575376 -38.00584346180331 11941.438999999747 
22.302904788575376 -38.00584346180331 11949.771999999746 
22.302904788575376 -38.00584346180331 11958.104999999745 
22.302904788575376 -38.00584346180331 11966.437999999745 
22.302904788575376 -38.00584346180331 11974.770999999746 
22.302904788575376 -38.00584346180331 11983.103999999745 
22.302904788575376 -38.00584346180331 11991.436999999743 
22.302904788575376 -38.00584346180331 11999.769999999744 
22.302904788575376 -38.00584346180331 12008.102999999744 
22.302904788575376 -38.00584346180331 12016.435999999743 
22.302904788575376 -38.00584346180331 12024.768999999742 
22.302904788575376 -38.00584346180331 12033.101999999742 
22.302904788575376 -38.00584346180331 12041.434999999743 
22.302904788575376 -38.00584346180331 12049.767999999742 
22.302904788575376 -38.00584346180331 12058.10099999974 
22.302904788575376 -38.00584346180331 12066.433999999741 
22.302904788575376 -38.00584346180331 12074.766999999742 
22.302904788575376 -38.00584346180331 12083.09999999974 
22.302904788575376 -38.00584346180331 12091.432999999739 
22.302904788575376 -38.00584346180331 12099.76599999974 
22.302904788575376 -38.00584346180331 12108.09899999974 
22.302904788575376 -38.00584346180331 12116.431999999739 
22.302904788575376 -38.00584346180331 12124.764999999737 
22.302904788575376 -38.00584346180331 12133.097999999738 
22.302904788575376 -38.00584346180331 12141.430999999739 
22.302904788575376 -38.00584346180331 12149.763999999737 
22.302904788575376 -38.00584346180331 12158.096999999736 
22.302904788575376 -38.00584346180331 12166.429999999737 
22.302904788575376 -38.00584346180331 12174.762999999737 
22.302904788575376 -38.00584346180331 12183.095999999736 
22.302904788575376 -38.00584346180331 12191.428999999735 
22.302904788575376 -38.00584346180331 12199.761999999735 
22.302904788575376 -38.00584346180331 12208.094999999736 
22.302904788575376 -38.00584346180331 12216.427999999734 
22.302904788575376 -38.00584346180331 12224.760999999733 
22.302904788575376 -38.00584346180331 12233.093999999734 
22.302904788575376 -38.00584346180331 12241.426999999734 
22.302904788575376 -38.00584346180331 12249.759999999733 
22.302904788575376 -38.00584346180331 12258.092999999732 
22.302904788575376 -38.00584346180331 12266.425999999732 
22.302904788575376 -38.00584346180331 12274.758999999733 
22.302904788575376 -38.00584346180331 12283.091999999731 
22.302904788575376 -38.00584346180331 12291.42499999973 
22.302904788575376 -38.00584346180331 12299.75799999973 
22.302904788575376 -38.00584346180331 12308.090999999731 
22.302904788575376 -38.00584346180331 12316.42399999973 
22.302904788575376 -38.00584346180331 12324.756999999729 
22.302904788575376 -38.00584346180331 12333.08999999973 
22.302904788575376 -38.00584346180331 12341.42299999973 
22.302904788575376 -38.00584346180331 12349.755999999728 
22.302904788575376 -38.00584346180331 12358.088999999727 
22.302904788575376 -38.00584346180331 12366.421999999728 
22.302904788575376 -38.00584346180331 12374.754999999728 
22.302904788575376 -38.00584346180331 12383.087999999727 
22.302904788575376 -38.00584346180331 12391.420999999726 
22.302904788575376 -38.00584346180331 12399.753999999726 
22.302904788575376 -38.00584346180331 12408.086999999727 
22.302904788575376 -38.00584346180331 12416.419999999725 
22.302904788575376 -38.00584346180331 12424.752999999724 
22.302904788575376 -38.00584346180331 12433.085999999725 
22.302904788575376 -38.00584346180331 12441.418999999725 
22.302904788575376 -38.00584346180331 12449.751999999724 
22.302904788575376 -38.00584346180331 12458.084999999723 
22.302904788575376 -38.00584346180331 12466.417999999723 
22.302904788575376 -38.00584346180331 12474.750999999724 
22.302904788575376 -38.00584346180331 12483.083999999722 
22.302904788575376 -38.00584346180331 12491.416999999721 
22.302904788575376 -38.00584346180331 12499.749999999722 
