1501 
44.240528155658545 -76.00292173090166 0.2500000002783054 
44.240528155658545 -76.00292173090166 8.583000000278844 
44.240528155658545 -76.00292173090166 16.916000000277563 
44.240528155658545 -76.00292173090166 25.249000000276283 
44.240528155658545 -76.00292173090166 33.58200000027682 
44.240528155658545 -76.00292173090166 41.91500000027736 
44.240528155658545 -76.00292173090166 50.24800000027608 
44.240528155658545 -76.00292173090166 58.5810000002748 
44.240528155658545 -76.00292173090166 66.91400000027534 
44.240528155658545 -76.00292173090166 75.24700000027588 
44.240528155658545 -76.00292173090166 83.5800000002746 
44.240528155658545 -76.00292173090166 91.91300000027331 
44.240528155658545 -76.00292173090166 100.24600000027385 
44.240528155658545 -76.00292173090166 108.57900000027439 
44.240528155658545 -76.00292173090166 116.91200000027311 
44.240528155658545 -76.00292173090166 125.24500000027183 
44.240528155658545 -76.00292173090166 133.57800000027237 
44.240528155658545 -76.00292173090166 141.9110000002729 
44.240528155658545 -76.00292173090166 150.24400000027163 
44.240528155658545 -76.00292173090166 158.57700000027035 
44.240528155658545 -76.00292173090166 166.91000000027088 
44.240528155658545 -76.00292173090166 175.24300000027142 
44.240528155658545 -76.00292173090166 183.57600000027014 
44.240528155658545 -76.00292173090166 191.90900000026886 
44.240528155658545 -76.00292173090166 200.2420000002694 
44.240528155658545 -76.00292173090166 208.57500000026994 
44.240528155658545 -76.00292173090166 216.90800000026866 
44.240528155658545 -76.00292173090166 225.24100000026738 
44.240528155658545 -76.00292173090166 233.57400000026792 
44.240528155658545 -76.00292173090166 241.90700000026845 
44.240528155658545 -76.00292173090166 250.24000000026717 
44.240528155658545 -76.00292173090166 258.5730000002659 
44.240528155658545 -76.00292173090166 266.90600000026643 
44.240528155658545 -76.00292173090166 275.23900000026697 
44.240528155658545 -76.00292173090166 283.5720000002657 
44.240528155658545 -76.00292173090166 291.9050000002644 
44.240528155658545 -76.00292173090166 300.23800000026495 
44.240528155658545 -76.00292173090166 308.5710000002655 
44.240528155658545 -76.00292173090166 316.9040000002642 
44.240528155658545 -76.00292173090166 325.2370000002629 
44.240528155658545 -76.00292173090166 333.57000000026346 
44.240528155658545 -76.00292173090166 341.903000000264 
44.240528155658545 -76.00292173090166 350.2360000002627 
44.240528155658545 -76.00292173090166 358.56900000026144 
44.240528155658545 -76.00292173090166 366.902000000262 
44.240528155658545 -76.00292173090166 375.2350000002625 
44.240528155658545 -76.00292173090166 383.56800000026124 
44.240528155658545 -76.00292173090166 391.90100000025996 
44.240528155658545 -76.00292173090166 400.2340000002605 
44.240528155658545 -76.00292173090166 408.56700000026103 
44.240528155658545 -76.00292173090166 416.90000000025975 
44.240528155658545 -76.00292173090166 425.23300000025847 
44.240528155658545 -76.00292173090166 433.566000000259 
44.240528155658545 -76.00292173090166 441.89900000025955 
44.240528155658545 -76.00292173090166 450.23200000025827 
44.240528155658545 -76.00292173090166 458.565000000257 
44.240528155658545 -76.00292173090166 466.8980000002575 
44.240528155658545 -76.00292173090166 475.23100000025806 
44.240528155658545 -76.00292173090166 483.5640000002568 
44.240528155658545 -76.00292173090166 491.8970000002555 
44.240528155658545 -76.00292173090166 500.23000000025604 
44.240528155658545 -76.00292173090166 508.5630000002566 
44.240528155658545 -76.00292173090166 516.8960000002553 
44.240528155658545 -76.00292173090166 525.229000000254 
44.240528155658545 -76.00292173090166 533.5620000002546 
44.240528155658545 -76.00292173090166 541.8950000002551 
44.240528155658545 -76.00292173090166 550.2280000002538 
44.240528155658545 -76.00292173090166 558.5610000002525 
44.240528155658545 -76.00292173090166 566.8940000002531 
44.240528155658545 -76.00292173090166 575.2270000002536 
44.240528155658545 -76.00292173090166 583.5600000002523 
44.240528155658545 -76.00292173090166 591.893000000251 
44.240528155658545 -76.00292173090166 600.2260000002516 
44.240528155658545 -76.00292173090166 608.5590000002521 
44.240528155658545 -76.00292173090166 616.8920000002508 
44.240528155658545 -76.00292173090166 625.2250000002496 
44.240528155658545 -76.00292173090166 633.5580000002501 
44.240528155658545 -76.00292173090166 641.8910000002506 
44.240528155658545 -76.00292173090166 650.2240000002494 
44.240528155658545 -76.00292173090166 658.5570000002481 
44.240528155658545 -76.00292173090166 666.8900000002486 
44.240528155658545 -76.00292173090166 675.2230000002492 
44.240528155658545 -76.00292173090166 683.5560000002479 
44.240528155658545 -76.00292173090166 691.8890000002466 
44.240528155658545 -76.00292173090166 700.2220000002471 
44.240528155658545 -76.00292173090166 708.5550000002477 
44.240528155658545 -76.00292173090166 716.8880000002464 
44.240528155658545 -76.00292173090166 725.2210000002451 
44.240528155658545 -76.00292173090166 733.5540000002457 
44.240528155658545 -76.00292173090166 741.8870000002462 
44.240528155658545 -76.00292173090166 750.2200000002449 
44.240528155658545 -76.00292173090166 758.5530000002436 
44.240528155658545 -76.00292173090166 766.8860000002442 
44.240528155658545 -76.00292173090166 775.2190000002447 
44.240528155658545 -76.00292173090166 783.5520000002434 
44.240528155658545 -76.00292173090166 791.8850000002421 
44.240528155658545 -76.00292173090166 800.2180000002427 
44.240528155658545 -76.00292173090166 808.5510000002432 
44.240528155658545 -76.00292173090166 816.8840000002419 
44.240528155658545 -76.00292173090166 825.2170000002407 
44.240528155658545 -76.00292173090166 833.5500000002412 
44.240528155658545 -76.00292173090166 841.8830000002417 
44.240528155658545 -76.00292173090166 850.2160000002405 
44.240528155658545 -76.00292173090166 858.5490000002392 
44.240528155658545 -76.00292173090166 866.8820000002397 
44.240528155658545 -76.00292173090166 875.2150000002403 
44.240528155658545 -76.00292173090166 883.548000000239 
44.240528155658545 -76.00292173090166 891.8810000002377 
44.240528155658545 -76.00292173090166 900.2140000002382 
44.240528155658545 -76.00292173090166 908.5470000002388 
44.240528155658545 -76.00292173090166 916.8800000002375 
44.240528155658545 -76.00292173090166 925.2130000002362 
44.240528155658545 -76.00292173090166 933.5460000002367 
44.240528155658545 -76.00292173090166 941.8790000002373 
44.240528155658545 -76.00292173090166 950.212000000236 
44.240528155658545 -76.00292173090166 958.5450000002347 
44.240528155658545 -76.00292173090166 966.8780000002353 
44.240528155658545 -76.00292173090166 975.2110000002358 
44.240528155658545 -76.00292173090166 983.5440000002345 
44.240528155658545 -76.00292173090166 991.8770000002332 
44.240528155658545 -76.00292173090166 1000.2100000002338 
44.240528155658545 -76.00292173090166 1008.5430000002343 
44.240528155658545 -76.00292173090166 1016.876000000233 
44.240528155658545 -76.00292173090166 1025.2090000002318 
44.240528155658545 -76.00292173090166 1033.5420000002323 
44.240528155658545 -76.00292173090166 1041.8750000002328 
44.240528155658545 -76.00292173090166 1050.2080000002316 
44.240528155658545 -76.00292173090166 1058.5410000002303 
44.240528155658545 -76.00292173090166 1066.8740000002308 
44.240528155658545 -76.00292173090166 1075.2070000002313 
44.240528155658545 -76.00292173090166 1083.54000000023 
44.240528155658545 -76.00292173090166 1091.8730000002288 
44.240528155658545 -76.00292173090166 1100.2060000002293 
44.240528155658545 -76.00292173090166 1108.5390000002299 
44.240528155658545 -76.00292173090166 1116.8720000002286 
44.240528155658545 -76.00292173090166 1125.2050000002273 
44.240528155658545 -76.00292173090166 1133.5380000002278 
44.240528155658545 -76.00292173090166 1141.8710000002284 
44.240528155658545 -76.00292173090166 1150.204000000227 
44.240528155658545 -76.00292173090166 1158.5370000002258 
44.240528155658545 -76.00292173090166 1166.8700000002264 
44.240528155658545 -76.00292173090166 1175.203000000227 
44.240528155658545 -76.00292173090166 1183.5360000002256 
44.240528155658545 -76.00292173090166 1191.8690000002243 
44.240528155658545 -76.00292173090166 1200.2020000002249 
44.240528155658545 -76.00292173090166 1208.5350000002254 
44.240528155658545 -76.00292173090166 1216.8680000002241 
44.240528155658545 -76.00292173090166 1225.2010000002228 
44.240528155658545 -76.00292173090166 1233.5340000002234 
44.240528155658545 -76.00292173090166 1241.867000000224 
44.240528155658545 -76.00292173090166 1250.2000000002226 
44.240528155658545 -76.00292173090166 1258.5330000002214 
44.240528155658545 -76.00292173090166 1266.866000000222 
44.240528155658545 -76.00292173090166 1275.1990000002224 
44.240528155658545 -76.00292173090166 1283.5320000002212 
44.240528155658545 -76.00292173090166 1291.8650000002199 
44.240528155658545 -76.00292173090166 1300.1980000002204 
44.240528155658545 -76.00292173090166 1308.531000000221 
44.240528155658545 -76.00292173090166 1316.8640000002197 
44.240528155658545 -76.00292173090166 1325.1970000002184 
44.240528155658545 -76.00292173090166 1333.530000000219 
44.240528155658545 -76.00292173090166 1341.8630000002195 
44.240528155658545 -76.00292173090166 1350.1960000002182 
44.240528155658545 -76.00292173090166 1358.529000000217 
44.240528155658545 -76.00292173090166 1366.8620000002174 
44.240528155658545 -76.00292173090166 1375.195000000218 
44.240528155658545 -76.00292173090166 1383.5280000002167 
44.240528155658545 -76.00292173090166 1391.8610000002154 
44.240528155658545 -76.00292173090166 1400.194000000216 
44.240528155658545 -76.00292173090166 1408.5270000002165 
44.240528155658545 -76.00292173090166 1416.8600000002152 
44.240528155658545 -76.00292173090166 1425.193000000214 
44.240528155658545 -76.00292173090166 1433.5260000002145 
44.240528155658545 -76.00292173090166 1441.859000000215 
44.240528155658545 -76.00292173090166 1450.1920000002137 
44.240528155658545 -76.00292173090166 1458.5250000002125 
44.240528155658545 -76.00292173090166 1466.858000000213 
44.240528155658545 -76.00292173090166 1475.1910000002135 
44.240528155658545 -76.00292173090166 1483.5240000002123 
44.240528155658545 -76.00292173090166 1491.857000000211 
44.240528155658545 -76.00292173090166 1500.1900000002115 
44.240528155658545 -76.00292173090166 1508.523000000212 
44.240528155658545 -76.00292173090166 1516.8560000002108 
44.240528155658545 -76.00292173090166 1525.1890000002095 
44.240528155658545 -76.00292173090166 1533.52200000021 
44.240528155658545 -76.00292173090166 1541.8550000002106 
44.240528155658545 -76.00292173090166 1550.1880000002093 
44.240528155658545 -76.00292173090166 1558.521000000208 
44.240528155658545 -76.00292173090166 1566.8540000002085 
44.240528155658545 -76.00292173090166 1575.187000000209 
44.240528155658545 -76.00292173090166 1583.5200000002078 
44.240528155658545 -76.00292173090166 1591.8530000002065 
44.240528155658545 -76.00292173090166 1600.186000000207 
44.240528155658545 -76.00292173090166 1608.5190000002076 
44.240528155658545 -76.00292173090166 1616.8520000002063 
44.240528155658545 -76.00292173090166 1625.185000000205 
44.240528155658545 -76.00292173090166 1633.5180000002056 
44.240528155658545 -76.00292173090166 1641.851000000206 
44.240528155658545 -76.00292173090166 1650.1840000002048 
44.240528155658545 -76.00292173090166 1658.5170000002036 
44.240528155658545 -76.00292173090166 1666.850000000204 
44.240528155658545 -76.00292173090166 1675.1830000002046 
44.240528155658545 -76.00292173090166 1683.5160000002033 
44.240528155658545 -76.00292173090166 1691.849000000202 
44.240528155658545 -76.00292173090166 1700.1820000002026 
44.240528155658545 -76.00292173090166 1708.5150000002031 
44.240528155658545 -76.00292173090166 1716.8480000002019 
44.240528155658545 -76.00292173090166 1725.1810000002006 
44.240528155658545 -76.00292173090166 1733.5140000002011 
44.240528155658545 -76.00292173090166 1741.8470000002017 
44.240528155658545 -76.00292173090166 1750.1800000002004 
44.240528155658545 -76.00292173090166 1758.513000000199 
44.240528155658545 -76.00292173090166 1766.8460000001996 
44.240528155658545 -76.00292173090166 1775.1790000002002 
44.240528155658545 -76.00292173090166 1783.512000000199 
44.240528155658545 -76.00292173090166 1791.8450000001976 
44.240528155658545 -76.00292173090166 1800.1780000001982 
44.240528155658545 -76.00292173090166 1808.5110000001987 
44.240528155658545 -76.00292173090166 1816.8440000001974 
44.240528155658545 -76.00292173090166 1825.1770000001961 
44.240528155658545 -76.00292173090166 1833.5100000001967 
44.240528155658545 -76.00292173090166 1841.8430000001972 
44.240528155658545 -76.00292173090166 1850.176000000196 
44.240528155658545 -76.00292173090166 1858.5090000001946 
44.240528155658545 -76.00292173090166 1866.8420000001952 
44.240528155658545 -76.00292173090166 1875.1750000001957 
44.240528155658545 -76.00292173090166 1883.5080000001944 
44.240528155658545 -76.00292173090166 1891.8410000001932 
44.240528155658545 -76.00292173090166 1900.1740000001937 
44.240528155658545 -76.00292173090166 1908.5070000001942 
44.240528155658545 -76.00292173090166 1916.840000000193 
44.240528155658545 -76.00292173090166 1925.1730000001917 
44.240528155658545 -76.00292173090166 1933.5060000001922 
44.240528155658545 -76.00292173090166 1941.8390000001928 
44.240528155658545 -76.00292173090166 1950.1720000001915 
44.240528155658545 -76.00292173090166 1958.5050000001902 
44.240528155658545 -76.00292173090166 1966.8380000001907 
44.240528155658545 -76.00292173090166 1975.1710000001913 
44.240528155658545 -76.00292173090166 1983.50400000019 
44.240528155658545 -76.00292173090166 1991.8370000001887 
44.240528155658545 -76.00292173090166 2000.1700000001892 
44.240528155658545 -76.00292173090166 2008.5030000001898 
44.240528155658545 -76.00292173090166 2016.8360000001885 
44.240528155658545 -76.00292173090166 2025.1690000001872 
44.240528155658545 -76.00292173090166 2033.5020000001878 
44.240528155658545 -76.00292173090166 2041.8350000001883 
44.240528155658545 -76.00292173090166 2050.168000000187 
44.240528155658545 -76.00292173090166 2058.5010000001857 
44.240528155658545 -76.00292173090166 2066.8340000001863 
44.240528155658545 -76.00292173090166 2075.167000000187 
44.240528155658545 -76.00292173090166 2083.5000000001855 
44.240528155658545 -76.00292173090166 2091.8330000001843 
44.240528155658545 -76.00292173090166 2100.166000000185 
44.240528155658545 -76.00292173090166 2108.4990000001853 
44.240528155658545 -76.00292173090166 2116.832000000184 
44.240528155658545 -76.00292173090166 2125.1650000001828 
44.240528155658545 -76.00292173090166 2133.4980000001833 
44.240528155658545 -76.00292173090166 2141.831000000184 
44.240528155658545 -76.00292173090166 2150.1640000001826 
44.240528155658545 -76.00292173090166 2158.4970000001813 
44.240528155658545 -76.00292173090166 2166.830000000182 
44.240528155658545 -76.00292173090166 2175.1630000001824 
44.240528155658545 -76.00292173090166 2183.496000000181 
44.240528155658545 -76.00292173090166 2191.82900000018 
44.240528155658545 -76.00292173090166 2200.1620000001803 
44.240528155658545 -76.00292173090166 2208.495000000181 
44.240528155658545 -76.00292173090166 2216.8280000001796 
44.240528155658545 -76.00292173090166 2225.1610000001783 
44.240528155658545 -76.00292173090166 2233.494000000179 
44.240528155658545 -76.00292173090166 2241.8270000001794 
44.240528155658545 -76.00292173090166 2250.160000000178 
44.240528155658545 -76.00292173090166 2258.493000000177 
44.240528155658545 -76.00292173090166 2266.8260000001774 
44.240528155658545 -76.00292173090166 2275.159000000178 
44.240528155658545 -76.00292173090166 2283.4920000001766 
44.240528155658545 -76.00292173090166 2291.8250000001754 
44.240528155658545 -76.00292173090166 2300.158000000176 
44.240528155658545 -76.00292173090166 2308.4910000001764 
44.240528155658545 -76.00292173090166 2316.824000000175 
44.240528155658545 -76.00292173090166 2325.157000000174 
44.240528155658545 -76.00292173090166 2333.4900000001744 
44.240528155658545 -76.00292173090166 2341.823000000175 
44.240528155658545 -76.00292173090166 2350.1560000001737 
44.240528155658545 -76.00292173090166 2358.4890000001724 
44.240528155658545 -76.00292173090166 2366.822000000173 
44.240528155658545 -76.00292173090166 2375.1550000001735 
44.240528155658545 -76.00292173090166 2383.488000000172 
44.240528155658545 -76.00292173090166 2391.821000000171 
44.240528155658545 -76.00292173090166 2400.1540000001714 
44.240528155658545 -76.00292173090166 2408.487000000172 
44.240528155658545 -76.00292173090166 2416.8200000001707 
44.240528155658545 -76.00292173090166 2425.1530000001694 
44.240528155658545 -76.00292173090166 2433.48600000017 
44.240528155658545 -76.00292173090166 2441.8190000001705 
44.240528155658545 -76.00292173090166 2450.152000000169 
44.240528155658545 -76.00292173090166 2458.485000000168 
44.240528155658545 -76.00292173090166 2466.8180000001685 
44.240528155658545 -76.00292173090166 2475.151000000169 
44.240528155658545 -76.00292173090166 2483.4840000001677 
44.240528155658545 -76.00292173090166 2491.8170000001664 
44.240528155658545 -76.00292173090166 2500.150000000167 
44.240528155658545 -76.00292173090166 2508.4830000001675 
44.240528155658545 -76.00292173090166 2516.8160000001662 
44.240528155658545 -76.00292173090166 2525.149000000165 
44.240528155658545 -76.00292173090166 2533.4820000001655 
44.240528155658545 -76.00292173090166 2541.815000000166 
44.240528155658545 -76.00292173090166 2550.1480000001648 
44.240528155658545 -76.00292173090166 2558.4810000001635 
44.240528155658545 -76.00292173090166 2566.814000000164 
44.240528155658545 -76.00292173090166 2575.1470000001646 
44.240528155658545 -76.00292173090166 2583.4800000001633 
44.240528155658545 -76.00292173090166 2591.813000000162 
44.240528155658545 -76.00292173090166 2600.1460000001625 
44.240528155658545 -76.00292173090166 2608.479000000163 
44.240528155658545 -76.00292173090166 2616.812000000162 
44.240528155658545 -76.00292173090166 2625.1450000001605 
44.240528155658545 -76.00292173090166 2633.478000000161 
44.240528155658545 -76.00292173090166 2641.8110000001616 
44.240528155658545 -76.00292173090166 2650.1440000001603 
44.240528155658545 -76.00292173090166 2658.477000000159 
44.240528155658545 -76.00292173090166 2666.8100000001596 
44.240528155658545 -76.00292173090166 2675.14300000016 
44.240528155658545 -76.00292173090166 2683.476000000159 
44.240528155658545 -76.00292173090166 2691.8090000001575 
44.240528155658545 -76.00292173090166 2700.142000000158 
44.240528155658545 -76.00292173090166 2708.4750000001586 
44.240528155658545 -76.00292173090166 2716.8080000001573 
44.240528155658545 -76.00292173090166 2725.141000000156 
44.240528155658545 -76.00292173090166 2733.4740000001566 
44.240528155658545 -76.00292173090166 2741.807000000157 
44.240528155658545 -76.00292173090166 2750.140000000156 
44.240528155658545 -76.00292173090166 2758.4730000001546 
44.240528155658545 -76.00292173090166 2766.806000000155 
44.240528155658545 -76.00292173090166 2775.1390000001556 
44.240528155658545 -76.00292173090166 2783.4720000001544 
44.240528155658545 -76.00292173090166 2791.805000000153 
44.240528155658545 -76.00292173090166 2800.1380000001536 
44.240528155658545 -76.00292173090166 2808.471000000154 
44.240528155658545 -76.00292173090166 2816.804000000153 
44.240528155658545 -76.00292173090166 2825.1370000001516 
44.240528155658545 -76.00292173090166 2833.470000000152 
44.240528155658545 -76.00292173090166 2841.8030000001527 
44.240528155658545 -76.00292173090166 2850.1360000001514 
44.240528155658545 -76.00292173090166 2858.46900000015 
44.240528155658545 -76.00292173090166 2866.8020000001507 
44.240528155658545 -76.00292173090166 2875.135000000151 
44.240528155658545 -76.00292173090166 2883.46800000015 
44.240528155658545 -76.00292173090166 2891.8010000001486 
44.240528155658545 -76.00292173090166 2900.134000000149 
44.240528155658545 -76.00292173090166 2908.4670000001497 
44.240528155658545 -76.00292173090166 2916.8000000001484 
44.240528155658545 -76.00292173090166 2925.133000000147 
44.240528155658545 -76.00292173090166 2933.4660000001477 
44.240528155658545 -76.00292173090166 2941.799000000148 
44.240528155658545 -76.00292173090166 2950.132000000147 
44.240528155658545 -76.00292173090166 2958.4650000001457 
44.240528155658545 -76.00292173090166 2966.798000000146 
44.240528155658545 -76.00292173090166 2975.1310000001467 
44.240528155658545 -76.00292173090166 2983.4640000001455 
44.240528155658545 -76.00292173090166 2991.797000000144 
44.240528155658545 -76.00292173090166 3000.1300000001447 
44.240528155658545 -76.00292173090166 3008.4630000001453 
44.240528155658545 -76.00292173090166 3016.796000000144 
44.240528155658545 -76.00292173090166 3025.1290000001427 
44.240528155658545 -76.00292173090166 3033.4620000001432 
44.240528155658545 -76.00292173090166 3041.795000000144 
44.240528155658545 -76.00292173090166 3050.1280000001425 
44.240528155658545 -76.00292173090166 3058.461000000141 
44.240528155658545 -76.00292173090166 3066.7940000001418 
44.240528155658545 -76.00292173090166 3075.1270000001423 
44.240528155658545 -76.00292173090166 3083.460000000141 
44.240528155658545 -76.00292173090166 3091.7930000001397 
44.240528155658545 -76.00292173090166 3100.1260000001403 
44.240528155658545 -76.00292173090166 3108.459000000141 
44.240528155658545 -76.00292173090166 3116.7920000001395 
44.240528155658545 -76.00292173090166 3125.1250000001382 
44.240528155658545 -76.00292173090166 3133.458000000139 
44.240528155658545 -76.00292173090166 3141.7910000001393 
44.240528155658545 -76.00292173090166 3150.124000000138 
44.240528155658545 -76.00292173090166 3158.4570000001368 
44.240528155658545 -76.00292173090166 3166.7900000001373 
44.240528155658545 -76.00292173090166 3175.123000000138 
44.240528155658545 -76.00292173090166 3183.4560000001366 
44.240528155658545 -76.00292173090166 3191.7890000001353 
44.240528155658545 -76.00292173090166 3200.122000000136 
44.240528155658545 -76.00292173090166 3208.4550000001364 
44.240528155658545 -76.00292173090166 3216.788000000135 
44.240528155658545 -76.00292173090166 3225.121000000134 
44.240528155658545 -76.00292173090166 3233.4540000001343 
44.240528155658545 -76.00292173090166 3241.787000000135 
44.240528155658545 -76.00292173090166 3250.1200000001336 
44.240528155658545 -76.00292173090166 3258.4530000001323 
44.240528155658545 -76.00292173090166 3266.786000000133 
44.240528155658545 -76.00292173090166 3275.1190000001334 
44.240528155658545 -76.00292173090166 3283.452000000132 
44.240528155658545 -76.00292173090166 3291.785000000131 
44.240528155658545 -76.00292173090166 3300.1180000001314 
44.240528155658545 -76.00292173090166 3308.451000000132 
44.240528155658545 -76.00292173090166 3316.7840000001306 
44.240528155658545 -76.00292173090166 3325.1170000001293 
44.240528155658545 -76.00292173090166 3333.45000000013 
44.240528155658545 -76.00292173090166 3341.7830000001304 
44.240528155658545 -76.00292173090166 3350.116000000129 
44.240528155658545 -76.00292173090166 3358.449000000128 
44.240528155658545 -76.00292173090166 3366.7820000001284 
44.240528155658545 -76.00292173090166 3375.115000000129 
44.240528155658545 -76.00292173090166 3383.4480000001276 
44.240528155658545 -76.00292173090166 3391.7810000001264 
44.240528155658545 -76.00292173090166 3400.114000000127 
44.240528155658545 -76.00292173090166 3408.4470000001274 
44.240528155658545 -76.00292173090166 3416.780000000126 
44.240528155658545 -76.00292173090166 3425.113000000125 
44.240528155658545 -76.00292173090166 3433.4460000001254 
44.240528155658545 -76.00292173090166 3441.779000000126 
44.240528155658545 -76.00292173090166 3450.1120000001247 
44.240528155658545 -76.00292173090166 3458.4450000001234 
44.240528155658545 -76.00292173090166 3466.778000000124 
44.240528155658545 -76.00292173090166 3475.1110000001245 
44.240528155658545 -76.00292173090166 3483.444000000123 
44.240528155658545 -76.00292173090166 3491.777000000122 
44.240528155658545 -76.00292173090166 3500.1100000001225 
44.240528155658545 -76.00292173090166 3508.443000000123 
44.240528155658545 -76.00292173090166 3516.7760000001217 
44.240528155658545 -76.00292173090166 3525.1090000001204 
44.240528155658545 -76.00292173090166 3533.442000000121 
44.240528155658545 -76.00292173090166 3541.7750000001215 
44.240528155658545 -76.00292173090166 3550.1080000001202 
44.240528155658545 -76.00292173090166 3558.441000000119 
44.240528155658545 -76.00292173090166 3566.7740000001195 
44.240528155658545 -76.00292173090166 3575.10700000012 
44.240528155658545 -76.00292173090166 3583.4400000001187 
44.240528155658545 -76.00292173090166 3591.7730000001175 
44.240528155658545 -76.00292173090166 3600.106000000118 
44.240528155658545 -76.00292173090166 3608.4390000001185 
44.240528155658545 -76.00292173090166 3616.7720000001173 
44.240528155658545 -76.00292173090166 3625.105000000116 
44.240528155658545 -76.00292173090166 3633.4380000001165 
44.240528155658545 -76.00292173090166 3641.771000000117 
44.240528155658545 -76.00292173090166 3650.104000000116 
44.240528155658545 -76.00292173090166 3658.4370000001145 
44.240528155658545 -76.00292173090166 3666.770000000115 
44.240528155658545 -76.00292173090166 3675.1030000001156 
44.240528155658545 -76.00292173090166 3683.4360000001143 
44.240528155658545 -76.00292173090166 3691.769000000113 
44.240528155658545 -76.00292173090166 3700.1020000001135 
44.240528155658545 -76.00292173090166 3708.435000000114 
44.240528155658545 -76.00292173090166 3716.768000000113 
44.240528155658545 -76.00292173090166 3725.1010000001115 
44.240528155658545 -76.00292173090166 3733.434000000112 
44.240528155658545 -76.00292173090166 3741.7670000001126 
44.240528155658545 -76.00292173090166 3750.1000000001113 
44.240528155658545 -76.00292173090166 3758.43300000011 
44.240528155658545 -76.00292173090166 3766.7660000001106 
44.240528155658545 -76.00292173090166 3775.099000000111 
44.240528155658545 -76.00292173090166 3783.43200000011 
44.240528155658545 -76.00292173090166 3791.7650000001086 
44.240528155658545 -76.00292173090166 3800.098000000109 
44.240528155658545 -76.00292173090166 3808.4310000001096 
44.240528155658545 -76.00292173090166 3816.7640000001084 
44.240528155658545 -76.00292173090166 3825.097000000107 
44.240528155658545 -76.00292173090166 3833.4300000001076 
44.240528155658545 -76.00292173090166 3841.763000000108 
44.240528155658545 -76.00292173090166 3850.096000000107 
44.240528155658545 -76.00292173090166 3858.4290000001056 
44.240528155658545 -76.00292173090166 3866.762000000106 
44.240528155658545 -76.00292173090166 3875.0950000001067 
44.240528155658545 -76.00292173090166 3883.4280000001054 
44.240528155658545 -76.00292173090166 3891.761000000104 
44.240528155658545 -76.00292173090166 3900.0940000001046 
44.240528155658545 -76.00292173090166 3908.427000000105 
44.240528155658545 -76.00292173090166 3916.760000000104 
44.240528155658545 -76.00292173090166 3925.0930000001026 
44.240528155658545 -76.00292173090166 3933.426000000103 
44.240528155658545 -76.00292173090166 3941.7590000001037 
44.240528155658545 -76.00292173090166 3950.0920000001024 
44.240528155658545 -76.00292173090166 3958.425000000101 
44.240528155658545 -76.00292173090166 3966.7580000001017 
44.240528155658545 -76.00292173090166 3975.091000000102 
44.240528155658545 -76.00292173090166 3983.424000000101 
44.240528155658545 -76.00292173090166 3991.7570000000997 
44.240528155658545 -76.00292173090166 4000.0900000001 
44.240528155658545 -76.00292173090166 4008.4230000001007 
44.240528155658545 -76.00292173090166 4016.7560000000994 
44.240528155658545 -76.00292173090166 4025.089000000098 
44.240528155658545 -76.00292173090166 4033.4220000000987 
44.240528155658545 -76.00292173090166 4041.7550000000992 
44.240528155658545 -76.00292173090166 4050.088000000098 
44.240528155658545 -76.00292173090166 4058.4210000000967 
44.240528155658545 -76.00292173090166 4066.754000000097 
44.240528155658545 -76.00292173090166 4075.0870000000978 
44.240528155658545 -76.00292173090166 4083.4200000000965 
44.240528155658545 -76.00292173090166 4091.753000000095 
44.240528155658545 -76.00292173090166 4100.086000000096 
44.240528155658545 -76.00292173090166 4108.419000000096 
44.240528155658545 -76.00292173090166 4116.752000000095 
44.240528155658545 -76.00292173090166 4125.085000000094 
44.240528155658545 -76.00292173090166 4133.418000000094 
44.240528155658545 -76.00292173090166 4141.751000000095 
44.240528155658545 -76.00292173090166 4150.0840000000935 
44.240528155658545 -76.00292173090166 4158.417000000092 
44.240528155658545 -76.00292173090166 4166.750000000093 
44.240528155658545 -76.00292173090166 4175.083000000093 
44.240528155658545 -76.00292173090166 4183.416000000092 
44.240528155658545 -76.00292173090166 4191.749000000091 
44.240528155658545 -76.00292173090166 4200.082000000091 
44.240528155658545 -76.00292173090166 4208.415000000092 
44.240528155658545 -76.00292173090166 4216.7480000000905 
44.240528155658545 -76.00292173090166 4225.081000000089 
44.240528155658545 -76.00292173090166 4233.41400000009 
44.240528155658545 -76.00292173090166 4241.74700000009 
44.240528155658545 -76.00292173090166 4250.080000000089 
44.240528155658545 -76.00292173090166 4258.413000000088 
44.240528155658545 -76.00292173090166 4266.746000000088 
44.240528155658545 -76.00292173090166 4275.079000000089 
44.240528155658545 -76.00292173090166 4283.412000000088 
44.240528155658545 -76.00292173090166 4291.745000000086 
44.240528155658545 -76.00292173090166 4300.078000000087 
44.240528155658545 -76.00292173090166 4308.4110000000865 
44.240528155658545 -76.00292173090166 4316.744000000086 
44.240528155658545 -76.00292173090166 4325.077000000086 
44.240528155658545 -76.00292173090166 4333.410000000085 
44.240528155658545 -76.00292173090166 4341.743000000085 
44.240528155658545 -76.00292173090166 4350.076000000085 
44.240528155658545 -76.00292173090166 4358.409000000084 
44.240528155658545 -76.00292173090166 4366.742000000084 
44.240528155658545 -76.00292173090166 4375.0750000000835 
44.240528155658545 -76.00292173090166 4383.408000000083 
44.240528155658545 -76.00292173090166 4391.741000000083 
44.240528155658545 -76.00292173090166 4400.074000000082 
44.240528155658545 -76.00292173090166 4408.407000000082 
44.240528155658545 -76.00292173090166 4416.740000000082 
44.240528155658545 -76.00292173090166 4425.073000000081 
44.240528155658545 -76.00292173090166 4433.406000000081 
44.240528155658545 -76.00292173090166 4441.7390000000805 
44.240528155658545 -76.00292173090166 4450.07200000008 
44.240528155658545 -76.00292173090166 4458.40500000008 
44.240528155658545 -76.00292173090166 4466.738000000079 
44.240528155658545 -76.00292173090166 4475.071000000079 
44.240528155658545 -76.00292173090166 4483.404000000079 
44.240528155658545 -76.00292173090166 4491.737000000078 
44.240528155658545 -76.00292173090166 4500.070000000078 
44.240528155658545 -76.00292173090166 4508.403000000078 
44.240528155658545 -76.00292173090166 4516.736000000077 
44.240528155658545 -76.00292173090166 4525.069000000077 
44.240528155658545 -76.00292173090166 4533.402000000076 
44.240528155658545 -76.00292173090166 4541.735000000076 
44.240528155658545 -76.00292173090166 4550.068000000076 
44.240528155658545 -76.00292173090166 4558.401000000075 
44.240528155658545 -76.00292173090166 4566.734000000075 
44.240528155658545 -76.00292173090166 4575.067000000075 
44.240528155658545 -76.00292173090166 4583.400000000074 
44.240528155658545 -76.00292173090166 4591.733000000074 
44.240528155658545 -76.00292173090166 4600.0660000000735 
44.240528155658545 -76.00292173090166 4608.399000000073 
44.240528155658545 -76.00292173090166 4616.732000000073 
44.240528155658545 -76.00292173090166 4625.065000000072 
44.240528155658545 -76.00292173090166 4633.398000000072 
44.240528155658545 -76.00292173090166 4641.731000000072 
44.240528155658545 -76.00292173090166 4650.064000000071 
44.240528155658545 -76.00292173090166 4658.397000000071 
44.240528155658545 -76.00292173090166 4666.7300000000705 
44.240528155658545 -76.00292173090166 4675.06300000007 
44.240528155658545 -76.00292173090166 4683.39600000007 
44.240528155658545 -76.00292173090166 4691.729000000069 
44.240528155658545 -76.00292173090166 4700.062000000069 
44.240528155658545 -76.00292173090166 4708.395000000069 
44.240528155658545 -76.00292173090166 4716.728000000068 
44.240528155658545 -76.00292173090166 4725.061000000068 
44.240528155658545 -76.00292173090166 4733.3940000000675 
44.240528155658545 -76.00292173090166 4741.727000000067 
44.240528155658545 -76.00292173090166 4750.060000000067 
44.240528155658545 -76.00292173090166 4758.393000000066 
44.240528155658545 -76.00292173090166 4766.726000000066 
44.240528155658545 -76.00292173090166 4775.059000000066 
44.240528155658545 -76.00292173090166 4783.392000000065 
44.240528155658545 -76.00292173090166 4791.725000000065 
44.240528155658545 -76.00292173090166 4800.058000000065 
44.240528155658545 -76.00292173090166 4808.391000000064 
44.240528155658545 -76.00292173090166 4816.724000000064 
44.240528155658545 -76.00292173090166 4825.057000000063 
44.240528155658545 -76.00292173090166 4833.390000000063 
44.240528155658545 -76.00292173090166 4841.723000000063 
44.240528155658545 -76.00292173090166 4850.056000000062 
44.240528155658545 -76.00292173090166 4858.389000000062 
44.240528155658545 -76.00292173090166 4866.722000000062 
44.240528155658545 -76.00292173090166 4875.055000000061 
44.240528155658545 -76.00292173090166 4883.388000000061 
44.240528155658545 -76.00292173090166 4891.7210000000605 
44.240528155658545 -76.00292173090166 4900.05400000006 
44.240528155658545 -76.00292173090166 4908.38700000006 
44.240528155658545 -76.00292173090166 4916.720000000059 
44.240528155658545 -76.00292173090166 4925.053000000059 
44.240528155658545 -76.00292173090166 4933.386000000059 
44.240528155658545 -76.00292173090166 4941.719000000058 
44.240528155658545 -76.00292173090166 4950.052000000058 
44.240528155658545 -76.00292173090166 4958.3850000000575 
44.240528155658545 -76.00292173090166 4966.718000000057 
44.240528155658545 -76.00292173090166 4975.051000000057 
44.240528155658545 -76.00292173090166 4983.384000000056 
44.240528155658545 -76.00292173090166 4991.717000000056 
44.240528155658545 -76.00292173090166 5000.050000000056 
44.240528155658545 -76.00292173090166 5008.383000000055 
44.240528155658545 -76.00292173090166 5016.716000000055 
44.240528155658545 -76.00292173090166 5025.049000000055 
44.240528155658545 -76.00292173090166 5033.382000000054 
44.240528155658545 -76.00292173090166 5041.715000000054 
44.240528155658545 -76.00292173090166 5050.048000000053 
44.240528155658545 -76.00292173090166 5058.381000000053 
44.240528155658545 -76.00292173090166 5066.714000000053 
44.240528155658545 -76.00292173090166 5075.047000000052 
44.240528155658545 -76.00292173090166 5083.380000000052 
44.240528155658545 -76.00292173090166 5091.713000000052 
44.240528155658545 -76.00292173090166 5100.046000000051 
44.240528155658545 -76.00292173090166 5108.379000000051 
44.240528155658545 -76.00292173090166 5116.7120000000505 
44.240528155658545 -76.00292173090166 5125.04500000005 
44.240528155658545 -76.00292173090166 5133.37800000005 
44.240528155658545 -76.00292173090166 5141.711000000049 
44.240528155658545 -76.00292173090166 5150.044000000049 
44.240528155658545 -76.00292173090166 5158.377000000049 
44.240528155658545 -76.00292173090166 5166.710000000048 
44.240528155658545 -76.00292173090166 5175.043000000048 
44.240528155658545 -76.00292173090166 5183.3760000000475 
44.240528155658545 -76.00292173090166 5191.709000000047 
44.240528155658545 -76.00292173090166 5200.042000000047 
44.240528155658545 -76.00292173090166 5208.375000000046 
44.240528155658545 -76.00292173090166 5216.708000000046 
44.240528155658545 -76.00292173090166 5225.041000000046 
44.240528155658545 -76.00292173090166 5233.374000000045 
44.240528155658545 -76.00292173090166 5241.707000000045 
44.240528155658545 -76.00292173090166 5250.0400000000445 
44.240528155658545 -76.00292173090166 5258.373000000044 
44.240528155658545 -76.00292173090166 5266.706000000044 
44.240528155658545 -76.00292173090166 5275.039000000043 
44.240528155658545 -76.00292173090166 5283.372000000043 
44.240528155658545 -76.00292173090166 5291.705000000043 
44.240528155658545 -76.00292173090166 5300.038000000042 
44.240528155658545 -76.00292173090166 5308.371000000042 
44.240528155658545 -76.00292173090166 5316.704000000042 
44.240528155658545 -76.00292173090166 5325.037000000041 
44.240528155658545 -76.00292173090166 5333.370000000041 
44.240528155658545 -76.00292173090166 5341.70300000004 
44.240528155658545 -76.00292173090166 5350.03600000004 
44.240528155658545 -76.00292173090166 5358.36900000004 
44.240528155658545 -76.00292173090166 5366.702000000039 
44.240528155658545 -76.00292173090166 5375.035000000039 
44.240528155658545 -76.00292173090166 5383.368000000039 
44.240528155658545 -76.00292173090166 5391.701000000038 
44.240528155658545 -76.00292173090166 5400.034000000038 
44.240528155658545 -76.00292173090166 5408.3670000000375 
44.240528155658545 -76.00292173090166 5416.700000000037 
44.240528155658545 -76.00292173090166 5425.033000000037 
44.240528155658545 -76.00292173090166 5433.366000000036 
44.240528155658545 -76.00292173090166 5441.699000000036 
44.240528155658545 -76.00292173090166 5450.032000000036 
44.240528155658545 -76.00292173090166 5458.365000000035 
44.240528155658545 -76.00292173090166 5466.698000000035 
44.240528155658545 -76.00292173090166 5475.0310000000345 
44.240528155658545 -76.00292173090166 5483.364000000034 
44.240528155658545 -76.00292173090166 5491.697000000034 
44.240528155658545 -76.00292173090166 5500.030000000033 
44.240528155658545 -76.00292173090166 5508.363000000033 
44.240528155658545 -76.00292173090166 5516.696000000033 
44.240528155658545 -76.00292173090166 5525.029000000032 
44.240528155658545 -76.00292173090166 5533.362000000032 
44.240528155658545 -76.00292173090166 5541.6950000000315 
44.240528155658545 -76.00292173090166 5550.028000000031 
44.240528155658545 -76.00292173090166 5558.361000000031 
44.240528155658545 -76.00292173090166 5566.69400000003 
44.240528155658545 -76.00292173090166 5575.02700000003 
44.240528155658545 -76.00292173090166 5583.36000000003 
44.240528155658545 -76.00292173090166 5591.693000000029 
44.240528155658545 -76.00292173090166 5600.026000000029 
44.240528155658545 -76.00292173090166 5608.359000000029 
44.240528155658545 -76.00292173090166 5616.692000000028 
44.240528155658545 -76.00292173090166 5625.025000000028 
44.240528155658545 -76.00292173090166 5633.3580000000275 
44.240528155658545 -76.00292173090166 5641.691000000027 
44.240528155658545 -76.00292173090166 5650.024000000027 
44.240528155658545 -76.00292173090166 5658.357000000026 
44.240528155658545 -76.00292173090166 5666.690000000026 
44.240528155658545 -76.00292173090166 5675.023000000026 
44.240528155658545 -76.00292173090166 5683.356000000025 
44.240528155658545 -76.00292173090166 5691.689000000025 
44.240528155658545 -76.00292173090166 5700.0220000000245 
44.240528155658545 -76.00292173090166 5708.355000000024 
44.240528155658545 -76.00292173090166 5716.688000000024 
44.240528155658545 -76.00292173090166 5725.021000000023 
44.240528155658545 -76.00292173090166 5733.354000000023 
44.240528155658545 -76.00292173090166 5741.687000000023 
44.240528155658545 -76.00292173090166 5750.020000000022 
44.240528155658545 -76.00292173090166 5758.353000000022 
44.240528155658545 -76.00292173090166 5766.6860000000215 
44.240528155658545 -76.00292173090166 5775.019000000021 
44.240528155658545 -76.00292173090166 5783.352000000021 
44.240528155658545 -76.00292173090166 5791.68500000002 
44.240528155658545 -76.00292173090166 5800.01800000002 
44.240528155658545 -76.00292173090166 5808.35100000002 
44.240528155658545 -76.00292173090166 5816.684000000019 
44.240528155658545 -76.00292173090166 5825.017000000019 
44.240528155658545 -76.00292173090166 5833.350000000019 
44.240528155658545 -76.00292173090166 5841.683000000018 
44.240528155658545 -76.00292173090166 5850.016000000018 
44.240528155658545 -76.00292173090166 5858.349000000017 
44.240528155658545 -76.00292173090166 5866.682000000017 
44.240528155658545 -76.00292173090166 5875.015000000017 
44.240528155658545 -76.00292173090166 5883.348000000016 
44.240528155658545 -76.00292173090166 5891.681000000016 
44.240528155658545 -76.00292173090166 5900.014000000016 
44.240528155658545 -76.00292173090166 5908.347000000015 
44.240528155658545 -76.00292173090166 5916.680000000015 
44.240528155658545 -76.00292173090166 5925.0130000000145 
44.240528155658545 -76.00292173090166 5933.346000000014 
44.240528155658545 -76.00292173090166 5941.679000000014 
44.240528155658545 -76.00292173090166 5950.012000000013 
44.240528155658545 -76.00292173090166 5958.345000000013 
44.240528155658545 -76.00292173090166 5966.678000000013 
44.240528155658545 -76.00292173090166 5975.011000000012 
44.240528155658545 -76.00292173090166 5983.344000000012 
44.240528155658545 -76.00292173090166 5991.6770000000115 
44.240528155658545 -76.00292173090166 6000.010000000011 
44.240528155658545 -76.00292173090166 6008.343000000011 
44.240528155658545 -76.00292173090166 6016.67600000001 
44.240528155658545 -76.00292173090166 6025.00900000001 
44.240528155658545 -76.00292173090166 6033.34200000001 
44.240528155658545 -76.00292173090166 6041.675000000009 
44.240528155658545 -76.00292173090166 6050.008000000009 
44.240528155658545 -76.00292173090166 6058.3410000000085 
44.240528155658545 -76.00292173090166 6066.674000000008 
44.240528155658545 -76.00292173090166 6075.007000000008 
44.240528155658545 -76.00292173090166 6083.340000000007 
44.240528155658545 -76.00292173090166 6091.673000000007 
44.240528155658545 -76.00292173090166 6100.006000000007 
44.240528155658545 -76.00292173090166 6108.339000000006 
44.240528155658545 -76.00292173090166 6116.672000000006 
44.240528155658545 -76.00292173090166 6125.005000000006 
44.240528155658545 -76.00292173090166 6133.338000000005 
44.240528155658545 -76.00292173090166 6141.671000000005 
44.240528155658545 -76.00292173090166 6150.004000000004 
44.240528155658545 -76.00292173090166 6158.337000000004 
44.240528155658545 -76.00292173090166 6166.670000000004 
44.240528155658545 -76.00292173090166 6175.003000000003 
44.240528155658545 -76.00292173090166 6183.336000000003 
44.240528155658545 -76.00292173090166 6191.669000000003 
44.240528155658545 -76.00292173090166 6200.002000000002 
44.240528155658545 -76.00292173090166 6208.335000000002 
44.240528155658545 -76.00292173090166 6216.6680000000015 
44.240528155658545 -76.00292173090166 6225.001000000001 
44.240528155658545 -76.00292173090166 6233.334000000001 
44.240528155658545 -76.00292173090166 6241.667 
44.240528155658545 -76.00292173090166 6250.0 
44.240528155658545 -76.00292173090166 6258.333 
44.240528155658545 -76.00292173090166 6266.665999999999 
44.240528155658545 -76.00292173090166 6274.998999999999 
44.240528155658545 -76.00292173090166 6283.3319999999985 
44.240528155658545 -76.00292173090166 6291.664999999998 
44.240528155658545 -76.00292173090166 6299.997999999998 
44.240528155658545 -76.00292173090166 6308.330999999997 
44.240528155658545 -76.00292173090166 6316.663999999997 
44.240528155658545 -76.00292173090166 6324.996999999997 
44.240528155658545 -76.00292173090166 6333.329999999996 
44.240528155658545 -76.00292173090166 6341.662999999996 
44.240528155658545 -76.00292173090166 6349.995999999996 
44.240528155658545 -76.00292173090166 6358.328999999995 
44.240528155658545 -76.00292173090166 6366.661999999995 
44.240528155658545 -76.00292173090166 6374.994999999994 
44.240528155658545 -76.00292173090166 6383.327999999994 
44.240528155658545 -76.00292173090166 6391.660999999994 
44.240528155658545 -76.00292173090166 6399.993999999993 
44.240528155658545 -76.00292173090166 6408.326999999993 
44.240528155658545 -76.00292173090166 6416.659999999993 
44.240528155658545 -76.00292173090166 6424.992999999992 
44.240528155658545 -76.00292173090166 6433.325999999992 
44.240528155658545 -76.00292173090166 6441.6589999999915 
44.240528155658545 -76.00292173090166 6449.991999999991 
44.240528155658545 -76.00292173090166 6458.324999999991 
44.240528155658545 -76.00292173090166 6466.65799999999 
44.240528155658545 -76.00292173090166 6474.99099999999 
44.240528155658545 -76.00292173090166 6483.32399999999 
44.240528155658545 -76.00292173090166 6491.656999999989 
44.240528155658545 -76.00292173090166 6499.989999999989 
44.240528155658545 -76.00292173090166 6508.3229999999885 
44.240528155658545 -76.00292173090166 6516.655999999988 
44.240528155658545 -76.00292173090166 6524.988999999988 
44.240528155658545 -76.00292173090166 6533.321999999987 
44.240528155658545 -76.00292173090166 6541.654999999987 
44.240528155658545 -76.00292173090166 6549.987999999987 
44.240528155658545 -76.00292173090166 6558.320999999986 
44.240528155658545 -76.00292173090166 6566.653999999986 
44.240528155658545 -76.00292173090166 6574.9869999999855 
44.240528155658545 -76.00292173090166 6583.319999999985 
44.240528155658545 -76.00292173090166 6591.652999999985 
44.240528155658545 -76.00292173090166 6599.985999999984 
44.240528155658545 -76.00292173090166 6608.318999999984 
44.240528155658545 -76.00292173090166 6616.651999999984 
44.240528155658545 -76.00292173090166 6624.984999999983 
44.240528155658545 -76.00292173090166 6633.317999999983 
44.240528155658545 -76.00292173090166 6641.650999999983 
44.240528155658545 -76.00292173090166 6649.983999999982 
44.240528155658545 -76.00292173090166 6658.316999999982 
44.240528155658545 -76.00292173090166 6666.649999999981 
44.240528155658545 -76.00292173090166 6674.982999999981 
44.240528155658545 -76.00292173090166 6683.315999999981 
44.240528155658545 -76.00292173090166 6691.64899999998 
44.240528155658545 -76.00292173090166 6699.98199999998 
44.240528155658545 -76.00292173090166 6708.31499999998 
44.240528155658545 -76.00292173090166 6716.647999999979 
44.240528155658545 -76.00292173090166 6724.980999999979 
44.240528155658545 -76.00292173090166 6733.3139999999785 
44.240528155658545 -76.00292173090166 6741.646999999978 
44.240528155658545 -76.00292173090166 6749.979999999978 
44.240528155658545 -76.00292173090166 6758.312999999977 
44.240528155658545 -76.00292173090166 6766.645999999977 
44.240528155658545 -76.00292173090166 6774.978999999977 
44.240528155658545 -76.00292173090166 6783.311999999976 
44.240528155658545 -76.00292173090166 6791.644999999976 
44.240528155658545 -76.00292173090166 6799.9779999999755 
44.240528155658545 -76.00292173090166 6808.310999999975 
44.240528155658545 -76.00292173090166 6816.643999999975 
44.240528155658545 -76.00292173090166 6824.976999999974 
44.240528155658545 -76.00292173090166 6833.309999999974 
44.240528155658545 -76.00292173090166 6841.642999999974 
44.240528155658545 -76.00292173090166 6849.975999999973 
44.240528155658545 -76.00292173090166 6858.308999999973 
44.240528155658545 -76.00292173090166 6866.6419999999725 
44.240528155658545 -76.00292173090166 6874.974999999972 
44.240528155658545 -76.00292173090166 6883.307999999972 
44.240528155658545 -76.00292173090166 6891.640999999971 
44.240528155658545 -76.00292173090166 6899.973999999971 
44.240528155658545 -76.00292173090166 6908.306999999971 
44.240528155658545 -76.00292173090166 6916.63999999997 
44.240528155658545 -76.00292173090166 6924.97299999997 
44.240528155658545 -76.00292173090166 6933.30599999997 
44.240528155658545 -76.00292173090166 6941.638999999969 
44.240528155658545 -76.00292173090166 6949.971999999969 
44.240528155658545 -76.00292173090166 6958.3049999999685 
44.240528155658545 -76.00292173090166 6966.637999999968 
44.240528155658545 -76.00292173090166 6974.970999999968 
44.240528155658545 -76.00292173090166 6983.303999999967 
44.240528155658545 -76.00292173090166 6991.636999999967 
44.240528155658545 -76.00292173090166 6999.969999999967 
44.240528155658545 -76.00292173090166 7008.302999999966 
44.240528155658545 -76.00292173090166 7016.635999999966 
44.240528155658545 -76.00292173090166 7024.9689999999655 
44.240528155658545 -76.00292173090166 7033.301999999965 
44.240528155658545 -76.00292173090166 7041.634999999965 
44.240528155658545 -76.00292173090166 7049.967999999964 
44.240528155658545 -76.00292173090166 7058.300999999964 
44.240528155658545 -76.00292173090166 7066.633999999964 
44.240528155658545 -76.00292173090166 7074.966999999963 
44.240528155658545 -76.00292173090166 7083.299999999963 
44.240528155658545 -76.00292173090166 7091.6329999999625 
44.240528155658545 -76.00292173090166 7099.965999999962 
44.240528155658545 -76.00292173090166 7108.298999999962 
44.240528155658545 -76.00292173090166 7116.631999999961 
44.240528155658545 -76.00292173090166 7124.964999999961 
44.240528155658545 -76.00292173090166 7133.297999999961 
44.240528155658545 -76.00292173090166 7141.63099999996 
44.240528155658545 -76.00292173090166 7149.96399999996 
44.240528155658545 -76.00292173090166 7158.29699999996 
44.240528155658545 -76.00292173090166 7166.629999999959 
44.240528155658545 -76.00292173090166 7174.962999999959 
44.240528155658545 -76.00292173090166 7183.295999999958 
44.240528155658545 -76.00292173090166 7191.628999999958 
44.240528155658545 -76.00292173090166 7199.961999999958 
44.240528155658545 -76.00292173090166 7208.294999999957 
44.240528155658545 -76.00292173090166 7216.627999999957 
44.240528155658545 -76.00292173090166 7224.960999999957 
44.240528155658545 -76.00292173090166 7233.293999999956 
44.240528155658545 -76.00292173090166 7241.626999999956 
44.240528155658545 -76.00292173090166 7249.9599999999555 
44.240528155658545 -76.00292173090166 7258.292999999955 
44.240528155658545 -76.00292173090166 7266.625999999955 
44.240528155658545 -76.00292173090166 7274.958999999954 
44.240528155658545 -76.00292173090166 7283.291999999954 
44.240528155658545 -76.00292173090166 7291.624999999954 
44.240528155658545 -76.00292173090166 7299.957999999953 
44.240528155658545 -76.00292173090166 7308.290999999953 
44.240528155658545 -76.00292173090166 7316.6239999999525 
44.240528155658545 -76.00292173090166 7324.956999999952 
44.240528155658545 -76.00292173090166 7333.289999999952 
44.240528155658545 -76.00292173090166 7341.622999999951 
44.240528155658545 -76.00292173090166 7349.955999999951 
44.240528155658545 -76.00292173090166 7358.288999999951 
44.240528155658545 -76.00292173090166 7366.62199999995 
44.240528155658545 -76.00292173090166 7374.95499999995 
44.240528155658545 -76.00292173090166 7383.2879999999495 
44.240528155658545 -76.00292173090166 7391.620999999949 
44.240528155658545 -76.00292173090166 7399.953999999949 
44.240528155658545 -76.00292173090166 7408.286999999948 
44.240528155658545 -76.00292173090166 7416.619999999948 
44.240528155658545 -76.00292173090166 7424.952999999948 
44.240528155658545 -76.00292173090166 7433.285999999947 
44.240528155658545 -76.00292173090166 7441.618999999947 
44.240528155658545 -76.00292173090166 7449.951999999947 
44.240528155658545 -76.00292173090166 7458.284999999946 
44.240528155658545 -76.00292173090166 7466.617999999946 
44.240528155658545 -76.00292173090166 7474.950999999945 
44.240528155658545 -76.00292173090166 7483.283999999945 
44.240528155658545 -76.00292173090166 7491.616999999945 
44.240528155658545 -76.00292173090166 7499.949999999944 
44.240528155658545 -76.00292173090166 7508.282999999944 
44.240528155658545 -76.00292173090166 7516.615999999944 
44.240528155658545 -76.00292173090166 7524.948999999943 
44.240528155658545 -76.00292173090166 7533.281999999943 
44.240528155658545 -76.00292173090166 7541.6149999999425 
44.240528155658545 -76.00292173090166 7549.947999999942 
44.240528155658545 -76.00292173090166 7558.280999999942 
44.240528155658545 -76.00292173090166 7566.613999999941 
44.240528155658545 -76.00292173090166 7574.946999999941 
44.240528155658545 -76.00292173090166 7583.279999999941 
44.240528155658545 -76.00292173090166 7591.61299999994 
44.240528155658545 -76.00292173090166 7599.94599999994 
44.240528155658545 -76.00292173090166 7608.2789999999395 
44.240528155658545 -76.00292173090166 7616.611999999939 
44.240528155658545 -76.00292173090166 7624.944999999939 
44.240528155658545 -76.00292173090166 7633.277999999938 
44.240528155658545 -76.00292173090166 7641.610999999938 
44.240528155658545 -76.00292173090166 7649.943999999938 
44.240528155658545 -76.00292173090166 7658.276999999937 
44.240528155658545 -76.00292173090166 7666.609999999937 
44.240528155658545 -76.00292173090166 7674.942999999937 
44.240528155658545 -76.00292173090166 7683.275999999936 
44.240528155658545 -76.00292173090166 7691.608999999936 
44.240528155658545 -76.00292173090166 7699.941999999935 
44.240528155658545 -76.00292173090166 7708.274999999935 
44.240528155658545 -76.00292173090166 7716.607999999935 
44.240528155658545 -76.00292173090166 7724.940999999934 
44.240528155658545 -76.00292173090166 7733.273999999934 
44.240528155658545 -76.00292173090166 7741.606999999934 
44.240528155658545 -76.00292173090166 7749.939999999933 
44.240528155658545 -76.00292173090166 7758.272999999933 
44.240528155658545 -76.00292173090166 7766.6059999999325 
44.240528155658545 -76.00292173090166 7774.938999999932 
44.240528155658545 -76.00292173090166 7783.271999999932 
44.240528155658545 -76.00292173090166 7791.604999999931 
44.240528155658545 -76.00292173090166 7799.937999999931 
44.240528155658545 -76.00292173090166 7808.270999999931 
44.240528155658545 -76.00292173090166 7816.60399999993 
44.240528155658545 -76.00292173090166 7824.93699999993 
44.240528155658545 -76.00292173090166 7833.2699999999295 
44.240528155658545 -76.00292173090166 7841.602999999929 
44.240528155658545 -76.00292173090166 7849.935999999929 
44.240528155658545 -76.00292173090166 7858.268999999928 
44.240528155658545 -76.00292173090166 7866.601999999928 
44.240528155658545 -76.00292173090166 7874.934999999928 
44.240528155658545 -76.00292173090166 7883.267999999927 
44.240528155658545 -76.00292173090166 7891.600999999927 
44.240528155658545 -76.00292173090166 7899.9339999999265 
44.240528155658545 -76.00292173090166 7908.266999999926 
44.240528155658545 -76.00292173090166 7916.599999999926 
44.240528155658545 -76.00292173090166 7924.932999999925 
44.240528155658545 -76.00292173090166 7933.265999999925 
44.240528155658545 -76.00292173090166 7941.598999999925 
44.240528155658545 -76.00292173090166 7949.931999999924 
44.240528155658545 -76.00292173090166 7958.264999999924 
44.240528155658545 -76.00292173090166 7966.597999999924 
44.240528155658545 -76.00292173090166 7974.930999999923 
44.240528155658545 -76.00292173090166 7983.263999999923 
44.240528155658545 -76.00292173090166 7991.596999999922 
44.240528155658545 -76.00292173090166 7999.929999999922 
44.240528155658545 -76.00292173090166 8008.262999999922 
44.240528155658545 -76.00292173090166 8016.595999999921 
44.240528155658545 -76.00292173090166 8024.928999999921 
44.240528155658545 -76.00292173090166 8033.261999999921 
44.240528155658545 -76.00292173090166 8041.59499999992 
44.240528155658545 -76.00292173090166 8049.92799999992 
44.240528155658545 -76.00292173090166 8058.2609999999195 
44.240528155658545 -76.00292173090166 8066.593999999919 
44.240528155658545 -76.00292173090166 8074.926999999919 
44.240528155658545 -76.00292173090166 8083.259999999918 
44.240528155658545 -76.00292173090166 8091.592999999918 
44.240528155658545 -76.00292173090166 8099.925999999918 
44.240528155658545 -76.00292173090166 8108.258999999917 
44.240528155658545 -76.00292173090166 8116.591999999917 
44.240528155658545 -76.00292173090166 8124.9249999999165 
44.240528155658545 -76.00292173090166 8133.257999999916 
44.240528155658545 -76.00292173090166 8141.590999999916 
44.240528155658545 -76.00292173090166 8149.923999999915 
44.240528155658545 -76.00292173090166 8158.256999999915 
44.240528155658545 -76.00292173090166 8166.589999999915 
44.240528155658545 -76.00292173090166 8174.922999999914 
44.240528155658545 -76.00292173090166 8183.255999999914 
44.240528155658545 -76.00292173090166 8191.5889999999135 
44.240528155658545 -76.00292173090166 8199.921999999913 
44.240528155658545 -76.00292173090166 8208.254999999914 
44.240528155658545 -76.00292173090166 8216.587999999912 
44.240528155658545 -76.00292173090166 8224.920999999911 
44.240528155658545 -76.00292173090166 8233.253999999912 
44.240528155658545 -76.00292173090166 8241.586999999912 
44.240528155658545 -76.00292173090166 8249.919999999911 
44.240528155658545 -76.00292173090166 8258.25299999991 
44.240528155658545 -76.00292173090166 8266.58599999991 
44.240528155658545 -76.00292173090166 8274.91899999991 
44.240528155658545 -76.00292173090166 8283.25199999991 
44.240528155658545 -76.00292173090166 8291.584999999908 
44.240528155658545 -76.00292173090166 8299.917999999909 
44.240528155658545 -76.00292173090166 8308.25099999991 
44.240528155658545 -76.00292173090166 8316.583999999908 
44.240528155658545 -76.00292173090166 8324.916999999907 
44.240528155658545 -76.00292173090166 8333.249999999907 
44.240528155658545 -76.00292173090166 8341.582999999908 
44.240528155658545 -76.00292173090166 8349.915999999906 
44.240528155658545 -76.00292173090166 8358.248999999905 
44.240528155658545 -76.00292173090166 8366.581999999906 
44.240528155658545 -76.00292173090166 8374.914999999906 
44.240528155658545 -76.00292173090166 8383.247999999905 
44.240528155658545 -76.00292173090166 8391.580999999904 
44.240528155658545 -76.00292173090166 8399.913999999904 
44.240528155658545 -76.00292173090166 8408.246999999905 
44.240528155658545 -76.00292173090166 8416.579999999904 
44.240528155658545 -76.00292173090166 8424.912999999902 
44.240528155658545 -76.00292173090166 8433.245999999903 
44.240528155658545 -76.00292173090166 8441.578999999903 
44.240528155658545 -76.00292173090166 8449.911999999902 
44.240528155658545 -76.00292173090166 8458.2449999999 
44.240528155658545 -76.00292173090166 8466.577999999901 
44.240528155658545 -76.00292173090166 8474.910999999902 
44.240528155658545 -76.00292173090166 8483.2439999999 
44.240528155658545 -76.00292173090166 8491.5769999999 
44.240528155658545 -76.00292173090166 8499.9099999999 
44.240528155658545 -76.00292173090166 8508.2429999999 
44.240528155658545 -76.00292173090166 8516.575999999899 
44.240528155658545 -76.00292173090166 8524.908999999898 
44.240528155658545 -76.00292173090166 8533.241999999898 
44.240528155658545 -76.00292173090166 8541.574999999899 
44.240528155658545 -76.00292173090166 8549.907999999898 
44.240528155658545 -76.00292173090166 8558.240999999896 
44.240528155658545 -76.00292173090166 8566.573999999897 
44.240528155658545 -76.00292173090166 8574.906999999897 
44.240528155658545 -76.00292173090166 8583.239999999896 
44.240528155658545 -76.00292173090166 8591.572999999895 
44.240528155658545 -76.00292173090166 8599.905999999895 
44.240528155658545 -76.00292173090166 8608.238999999896 
44.240528155658545 -76.00292173090166 8616.571999999895 
44.240528155658545 -76.00292173090166 8624.904999999893 
44.240528155658545 -76.00292173090166 8633.237999999894 
44.240528155658545 -76.00292173090166 8641.570999999894 
44.240528155658545 -76.00292173090166 8649.903999999893 
44.240528155658545 -76.00292173090166 8658.236999999892 
44.240528155658545 -76.00292173090166 8666.569999999892 
44.240528155658545 -76.00292173090166 8674.902999999893 
44.240528155658545 -76.00292173090166 8683.235999999892 
44.240528155658545 -76.00292173090166 8691.56899999989 
44.240528155658545 -76.00292173090166 8699.90199999989 
44.240528155658545 -76.00292173090166 8708.234999999891 
44.240528155658545 -76.00292173090166 8716.56799999989 
44.240528155658545 -76.00292173090166 8724.900999999889 
44.240528155658545 -76.00292173090166 8733.23399999989 
44.240528155658545 -76.00292173090166 8741.56699999989 
44.240528155658545 -76.00292173090166 8749.899999999889 
44.240528155658545 -76.00292173090166 8758.232999999887 
44.240528155658545 -76.00292173090166 8766.565999999888 
44.240528155658545 -76.00292173090166 8774.898999999888 
44.240528155658545 -76.00292173090166 8783.231999999887 
44.240528155658545 -76.00292173090166 8791.564999999886 
44.240528155658545 -76.00292173090166 8799.897999999886 
44.240528155658545 -76.00292173090166 8808.230999999887 
44.240528155658545 -76.00292173090166 8816.563999999886 
44.240528155658545 -76.00292173090166 8824.896999999884 
44.240528155658545 -76.00292173090166 8833.229999999885 
44.240528155658545 -76.00292173090166 8841.562999999886 
44.240528155658545 -76.00292173090166 8849.895999999884 
44.240528155658545 -76.00292173090166 8858.228999999883 
44.240528155658545 -76.00292173090166 8866.561999999883 
44.240528155658545 -76.00292173090166 8874.894999999884 
44.240528155658545 -76.00292173090166 8883.227999999883 
44.240528155658545 -76.00292173090166 8891.560999999881 
44.240528155658545 -76.00292173090166 8899.893999999882 
44.240528155658545 -76.00292173090166 8908.226999999883 
44.240528155658545 -76.00292173090166 8916.559999999881 
44.240528155658545 -76.00292173090166 8924.89299999988 
44.240528155658545 -76.00292173090166 8933.22599999988 
44.240528155658545 -76.00292173090166 8941.558999999881 
44.240528155658545 -76.00292173090166 8949.89199999988 
44.240528155658545 -76.00292173090166 8958.224999999878 
44.240528155658545 -76.00292173090166 8966.557999999879 
44.240528155658545 -76.00292173090166 8974.89099999988 
44.240528155658545 -76.00292173090166 8983.223999999878 
44.240528155658545 -76.00292173090166 8991.556999999877 
44.240528155658545 -76.00292173090166 8999.889999999878 
44.240528155658545 -76.00292173090166 9008.222999999878 
44.240528155658545 -76.00292173090166 9016.555999999877 
44.240528155658545 -76.00292173090166 9024.888999999876 
44.240528155658545 -76.00292173090166 9033.221999999876 
44.240528155658545 -76.00292173090166 9041.554999999877 
44.240528155658545 -76.00292173090166 9049.887999999875 
44.240528155658545 -76.00292173090166 9058.220999999874 
44.240528155658545 -76.00292173090166 9066.553999999875 
44.240528155658545 -76.00292173090166 9074.886999999875 
44.240528155658545 -76.00292173090166 9083.219999999874 
44.240528155658545 -76.00292173090166 9091.552999999873 
44.240528155658545 -76.00292173090166 9099.885999999873 
44.240528155658545 -76.00292173090166 9108.218999999874 
44.240528155658545 -76.00292173090166 9116.551999999872 
44.240528155658545 -76.00292173090166 9124.884999999871 
44.240528155658545 -76.00292173090166 9133.217999999872 
44.240528155658545 -76.00292173090166 9141.550999999872 
44.240528155658545 -76.00292173090166 9149.88399999987 
44.240528155658545 -76.00292173090166 9158.21699999987 
44.240528155658545 -76.00292173090166 9166.54999999987 
44.240528155658545 -76.00292173090166 9174.88299999987 
44.240528155658545 -76.00292173090166 9183.21599999987 
44.240528155658545 -76.00292173090166 9191.548999999868 
44.240528155658545 -76.00292173090166 9199.881999999869 
44.240528155658545 -76.00292173090166 9208.21499999987 
44.240528155658545 -76.00292173090166 9216.547999999868 
44.240528155658545 -76.00292173090166 9224.880999999867 
44.240528155658545 -76.00292173090166 9233.213999999867 
44.240528155658545 -76.00292173090166 9241.546999999868 
44.240528155658545 -76.00292173090166 9249.879999999866 
44.240528155658545 -76.00292173090166 9258.212999999865 
44.240528155658545 -76.00292173090166 9266.545999999866 
44.240528155658545 -76.00292173090166 9274.878999999866 
44.240528155658545 -76.00292173090166 9283.211999999865 
44.240528155658545 -76.00292173090166 9291.544999999864 
44.240528155658545 -76.00292173090166 9299.877999999864 
44.240528155658545 -76.00292173090166 9308.210999999865 
44.240528155658545 -76.00292173090166 9316.543999999863 
44.240528155658545 -76.00292173090166 9324.876999999862 
44.240528155658545 -76.00292173090166 9333.209999999863 
44.240528155658545 -76.00292173090166 9341.542999999863 
44.240528155658545 -76.00292173090166 9349.875999999862 
44.240528155658545 -76.00292173090166 9358.20899999986 
44.240528155658545 -76.00292173090166 9366.541999999861 
44.240528155658545 -76.00292173090166 9374.874999999862 
44.240528155658545 -76.00292173090166 9383.20799999986 
44.240528155658545 -76.00292173090166 9391.54099999986 
44.240528155658545 -76.00292173090166 9399.87399999986 
44.240528155658545 -76.00292173090166 9408.20699999986 
44.240528155658545 -76.00292173090166 9416.539999999859 
44.240528155658545 -76.00292173090166 9424.872999999858 
44.240528155658545 -76.00292173090166 9433.205999999858 
44.240528155658545 -76.00292173090166 9441.538999999859 
44.240528155658545 -76.00292173090166 9449.871999999858 
44.240528155658545 -76.00292173090166 9458.204999999856 
44.240528155658545 -76.00292173090166 9466.537999999857 
44.240528155658545 -76.00292173090166 9474.870999999857 
44.240528155658545 -76.00292173090166 9483.203999999856 
44.240528155658545 -76.00292173090166 9491.536999999855 
44.240528155658545 -76.00292173090166 9499.869999999855 
44.240528155658545 -76.00292173090166 9508.202999999856 
44.240528155658545 -76.00292173090166 9516.535999999855 
44.240528155658545 -76.00292173090166 9524.868999999853 
44.240528155658545 -76.00292173090166 9533.201999999854 
44.240528155658545 -76.00292173090166 9541.534999999854 
44.240528155658545 -76.00292173090166 9549.867999999853 
44.240528155658545 -76.00292173090166 9558.200999999852 
44.240528155658545 -76.00292173090166 9566.533999999852 
44.240528155658545 -76.00292173090166 9574.866999999853 
44.240528155658545 -76.00292173090166 9583.199999999852 
44.240528155658545 -76.00292173090166 9591.53299999985 
44.240528155658545 -76.00292173090166 9599.86599999985 
44.240528155658545 -76.00292173090166 9608.198999999851 
44.240528155658545 -76.00292173090166 9616.53199999985 
44.240528155658545 -76.00292173090166 9624.864999999849 
44.240528155658545 -76.00292173090166 9633.19799999985 
44.240528155658545 -76.00292173090166 9641.53099999985 
44.240528155658545 -76.00292173090166 9649.863999999849 
44.240528155658545 -76.00292173090166 9658.196999999847 
44.240528155658545 -76.00292173090166 9666.529999999848 
44.240528155658545 -76.00292173090166 9674.862999999848 
44.240528155658545 -76.00292173090166 9683.195999999847 
44.240528155658545 -76.00292173090166 9691.528999999846 
44.240528155658545 -76.00292173090166 9699.861999999846 
44.240528155658545 -76.00292173090166 9708.194999999847 
44.240528155658545 -76.00292173090166 9716.527999999846 
44.240528155658545 -76.00292173090166 9724.860999999844 
44.240528155658545 -76.00292173090166 9733.193999999845 
44.240528155658545 -76.00292173090166 9741.526999999845 
44.240528155658545 -76.00292173090166 9749.859999999844 
44.240528155658545 -76.00292173090166 9758.192999999843 
44.240528155658545 -76.00292173090166 9766.525999999843 
44.240528155658545 -76.00292173090166 9774.858999999844 
44.240528155658545 -76.00292173090166 9783.191999999843 
44.240528155658545 -76.00292173090166 9791.524999999841 
44.240528155658545 -76.00292173090166 9799.857999999842 
44.240528155658545 -76.00292173090166 9808.190999999842 
44.240528155658545 -76.00292173090166 9816.523999999841 
44.240528155658545 -76.00292173090166 9824.85699999984 
44.240528155658545 -76.00292173090166 9833.18999999984 
44.240528155658545 -76.00292173090166 9841.522999999841 
44.240528155658545 -76.00292173090166 9849.85599999984 
44.240528155658545 -76.00292173090166 9858.188999999838 
44.240528155658545 -76.00292173090166 9866.521999999839 
44.240528155658545 -76.00292173090166 9874.85499999984 
44.240528155658545 -76.00292173090166 9883.187999999838 
44.240528155658545 -76.00292173090166 9891.520999999837 
44.240528155658545 -76.00292173090166 9899.853999999837 
44.240528155658545 -76.00292173090166 9908.186999999838 
44.240528155658545 -76.00292173090166 9916.519999999837 
44.240528155658545 -76.00292173090166 9924.852999999835 
44.240528155658545 -76.00292173090166 9933.185999999836 
44.240528155658545 -76.00292173090166 9941.518999999837 
44.240528155658545 -76.00292173090166 9949.851999999835 
44.240528155658545 -76.00292173090166 9958.184999999834 
44.240528155658545 -76.00292173090166 9966.517999999835 
44.240528155658545 -76.00292173090166 9974.850999999835 
44.240528155658545 -76.00292173090166 9983.183999999834 
44.240528155658545 -76.00292173090166 9991.516999999832 
44.240528155658545 -76.00292173090166 9999.849999999833 
44.240528155658545 -76.00292173090166 10008.182999999834 
44.240528155658545 -76.00292173090166 10016.515999999832 
44.240528155658545 -76.00292173090166 10024.848999999831 
44.240528155658545 -76.00292173090166 10033.181999999832 
44.240528155658545 -76.00292173090166 10041.514999999832 
44.240528155658545 -76.00292173090166 10049.84799999983 
44.240528155658545 -76.00292173090166 10058.18099999983 
44.240528155658545 -76.00292173090166 10066.51399999983 
44.240528155658545 -76.00292173090166 10074.84699999983 
44.240528155658545 -76.00292173090166 10083.17999999983 
44.240528155658545 -76.00292173090166 10091.512999999828 
44.240528155658545 -76.00292173090166 10099.845999999829 
44.240528155658545 -76.00292173090166 10108.17899999983 
44.240528155658545 -76.00292173090166 10116.511999999828 
44.240528155658545 -76.00292173090166 10124.844999999827 
44.240528155658545 -76.00292173090166 10133.177999999827 
44.240528155658545 -76.00292173090166 10141.510999999828 
44.240528155658545 -76.00292173090166 10149.843999999826 
44.240528155658545 -76.00292173090166 10158.176999999825 
44.240528155658545 -76.00292173090166 10166.509999999826 
44.240528155658545 -76.00292173090166 10174.842999999826 
44.240528155658545 -76.00292173090166 10183.175999999825 
44.240528155658545 -76.00292173090166 10191.508999999824 
44.240528155658545 -76.00292173090166 10199.841999999824 
44.240528155658545 -76.00292173090166 10208.174999999825 
44.240528155658545 -76.00292173090166 10216.507999999823 
44.240528155658545 -76.00292173090166 10224.840999999822 
44.240528155658545 -76.00292173090166 10233.173999999823 
44.240528155658545 -76.00292173090166 10241.506999999823 
44.240528155658545 -76.00292173090166 10249.839999999822 
44.240528155658545 -76.00292173090166 10258.17299999982 
44.240528155658545 -76.00292173090166 10266.505999999821 
44.240528155658545 -76.00292173090166 10274.838999999822 
44.240528155658545 -76.00292173090166 10283.17199999982 
44.240528155658545 -76.00292173090166 10291.50499999982 
44.240528155658545 -76.00292173090166 10299.83799999982 
44.240528155658545 -76.00292173090166 10308.17099999982 
44.240528155658545 -76.00292173090166 10316.503999999819 
44.240528155658545 -76.00292173090166 10324.836999999818 
44.240528155658545 -76.00292173090166 10333.169999999818 
44.240528155658545 -76.00292173090166 10341.502999999819 
44.240528155658545 -76.00292173090166 10349.835999999817 
44.240528155658545 -76.00292173090166 10358.168999999816 
44.240528155658545 -76.00292173090166 10366.501999999817 
44.240528155658545 -76.00292173090166 10374.834999999817 
44.240528155658545 -76.00292173090166 10383.167999999816 
44.240528155658545 -76.00292173090166 10391.500999999815 
44.240528155658545 -76.00292173090166 10399.833999999815 
44.240528155658545 -76.00292173090166 10408.166999999816 
44.240528155658545 -76.00292173090166 10416.499999999814 
44.240528155658545 -76.00292173090166 10424.832999999813 
44.240528155658545 -76.00292173090166 10433.165999999814 
44.240528155658545 -76.00292173090166 10441.498999999814 
44.240528155658545 -76.00292173090166 10449.831999999813 
44.240528155658545 -76.00292173090166 10458.164999999812 
44.240528155658545 -76.00292173090166 10466.497999999812 
44.240528155658545 -76.00292173090166 10474.830999999813 
44.240528155658545 -76.00292173090166 10483.163999999811 
44.240528155658545 -76.00292173090166 10491.49699999981 
44.240528155658545 -76.00292173090166 10499.82999999981 
44.240528155658545 -76.00292173090166 10508.162999999811 
44.240528155658545 -76.00292173090166 10516.49599999981 
44.240528155658545 -76.00292173090166 10524.828999999809 
44.240528155658545 -76.00292173090166 10533.16199999981 
44.240528155658545 -76.00292173090166 10541.49499999981 
44.240528155658545 -76.00292173090166 10549.827999999809 
44.240528155658545 -76.00292173090166 10558.160999999807 
44.240528155658545 -76.00292173090166 10566.493999999808 
44.240528155658545 -76.00292173090166 10574.826999999808 
44.240528155658545 -76.00292173090166 10583.159999999807 
44.240528155658545 -76.00292173090166 10591.492999999806 
44.240528155658545 -76.00292173090166 10599.825999999806 
44.240528155658545 -76.00292173090166 10608.158999999807 
44.240528155658545 -76.00292173090166 10616.491999999806 
44.240528155658545 -76.00292173090166 10624.824999999804 
44.240528155658545 -76.00292173090166 10633.157999999805 
44.240528155658545 -76.00292173090166 10641.490999999805 
44.240528155658545 -76.00292173090166 10649.823999999804 
44.240528155658545 -76.00292173090166 10658.156999999803 
44.240528155658545 -76.00292173090166 10666.489999999803 
44.240528155658545 -76.00292173090166 10674.822999999804 
44.240528155658545 -76.00292173090166 10683.155999999803 
44.240528155658545 -76.00292173090166 10691.488999999801 
44.240528155658545 -76.00292173090166 10699.821999999802 
44.240528155658545 -76.00292173090166 10708.154999999802 
44.240528155658545 -76.00292173090166 10716.487999999801 
44.240528155658545 -76.00292173090166 10724.8209999998 
44.240528155658545 -76.00292173090166 10733.1539999998 
44.240528155658545 -76.00292173090166 10741.4869999998 
44.240528155658545 -76.00292173090166 10749.8199999998 
44.240528155658545 -76.00292173090166 10758.152999999798 
44.240528155658545 -76.00292173090166 10766.485999999799 
44.240528155658545 -76.00292173090166 10774.8189999998 
44.240528155658545 -76.00292173090166 10783.151999999798 
44.240528155658545 -76.00292173090166 10791.484999999797 
44.240528155658545 -76.00292173090166 10799.817999999797 
44.240528155658545 -76.00292173090166 10808.150999999798 
44.240528155658545 -76.00292173090166 10816.483999999797 
44.240528155658545 -76.00292173090166 10824.816999999795 
44.240528155658545 -76.00292173090166 10833.149999999796 
44.240528155658545 -76.00292173090166 10841.482999999796 
44.240528155658545 -76.00292173090166 10849.815999999795 
44.240528155658545 -76.00292173090166 10858.148999999794 
44.240528155658545 -76.00292173090166 10866.481999999794 
44.240528155658545 -76.00292173090166 10874.814999999795 
44.240528155658545 -76.00292173090166 10883.147999999794 
44.240528155658545 -76.00292173090166 10891.480999999792 
44.240528155658545 -76.00292173090166 10899.813999999793 
44.240528155658545 -76.00292173090166 10908.146999999793 
44.240528155658545 -76.00292173090166 10916.479999999792 
44.240528155658545 -76.00292173090166 10924.812999999791 
44.240528155658545 -76.00292173090166 10933.145999999791 
44.240528155658545 -76.00292173090166 10941.478999999792 
44.240528155658545 -76.00292173090166 10949.81199999979 
44.240528155658545 -76.00292173090166 10958.14499999979 
44.240528155658545 -76.00292173090166 10966.47799999979 
44.240528155658545 -76.00292173090166 10974.81099999979 
44.240528155658545 -76.00292173090166 10983.14399999979 
44.240528155658545 -76.00292173090166 10991.476999999788 
44.240528155658545 -76.00292173090166 10999.809999999788 
44.240528155658545 -76.00292173090166 11008.142999999789 
44.240528155658545 -76.00292173090166 11016.475999999788 
44.240528155658545 -76.00292173090166 11024.808999999786 
44.240528155658545 -76.00292173090166 11033.141999999787 
44.240528155658545 -76.00292173090166 11041.474999999788 
44.240528155658545 -76.00292173090166 11049.807999999786 
44.240528155658545 -76.00292173090166 11058.140999999785 
44.240528155658545 -76.00292173090166 11066.473999999786 
44.240528155658545 -76.00292173090166 11074.806999999786 
44.240528155658545 -76.00292173090166 11083.139999999785 
44.240528155658545 -76.00292173090166 11091.472999999783 
44.240528155658545 -76.00292173090166 11099.805999999784 
44.240528155658545 -76.00292173090166 11108.138999999785 
44.240528155658545 -76.00292173090166 11116.471999999783 
44.240528155658545 -76.00292173090166 11124.804999999782 
44.240528155658545 -76.00292173090166 11133.137999999783 
44.240528155658545 -76.00292173090166 11141.470999999783 
44.240528155658545 -76.00292173090166 11149.803999999782 
44.240528155658545 -76.00292173090166 11158.13699999978 
44.240528155658545 -76.00292173090166 11166.469999999781 
44.240528155658545 -76.00292173090166 11174.802999999782 
44.240528155658545 -76.00292173090166 11183.13599999978 
44.240528155658545 -76.00292173090166 11191.468999999779 
44.240528155658545 -76.00292173090166 11199.80199999978 
44.240528155658545 -76.00292173090166 11208.13499999978 
44.240528155658545 -76.00292173090166 11216.467999999779 
44.240528155658545 -76.00292173090166 11224.800999999778 
44.240528155658545 -76.00292173090166 11233.133999999778 
44.240528155658545 -76.00292173090166 11241.466999999779 
44.240528155658545 -76.00292173090166 11249.799999999777 
44.240528155658545 -76.00292173090166 11258.132999999776 
44.240528155658545 -76.00292173090166 11266.465999999777 
44.240528155658545 -76.00292173090166 11274.798999999777 
44.240528155658545 -76.00292173090166 11283.131999999776 
44.240528155658545 -76.00292173090166 11291.464999999775 
44.240528155658545 -76.00292173090166 11299.797999999775 
44.240528155658545 -76.00292173090166 11308.130999999776 
44.240528155658545 -76.00292173090166 11316.463999999774 
44.240528155658545 -76.00292173090166 11324.796999999773 
44.240528155658545 -76.00292173090166 11333.129999999774 
44.240528155658545 -76.00292173090166 11341.462999999774 
44.240528155658545 -76.00292173090166 11349.795999999773 
44.240528155658545 -76.00292173090166 11358.128999999772 
44.240528155658545 -76.00292173090166 11366.461999999772 
44.240528155658545 -76.00292173090166 11374.794999999773 
44.240528155658545 -76.00292173090166 11383.127999999771 
44.240528155658545 -76.00292173090166 11391.46099999977 
44.240528155658545 -76.00292173090166 11399.79399999977 
44.240528155658545 -76.00292173090166 11408.126999999771 
44.240528155658545 -76.00292173090166 11416.45999999977 
44.240528155658545 -76.00292173090166 11424.792999999769 
44.240528155658545 -76.00292173090166 11433.12599999977 
44.240528155658545 -76.00292173090166 11441.45899999977 
44.240528155658545 -76.00292173090166 11449.791999999768 
44.240528155658545 -76.00292173090166 11458.124999999767 
44.240528155658545 -76.00292173090166 11466.457999999768 
44.240528155658545 -76.00292173090166 11474.790999999768 
44.240528155658545 -76.00292173090166 11483.123999999767 
44.240528155658545 -76.00292173090166 11491.456999999766 
44.240528155658545 -76.00292173090166 11499.789999999766 
44.240528155658545 -76.00292173090166 11508.122999999767 
44.240528155658545 -76.00292173090166 11516.455999999765 
44.240528155658545 -76.00292173090166 11524.788999999764 
44.240528155658545 -76.00292173090166 11533.121999999765 
44.240528155658545 -76.00292173090166 11541.454999999765 
44.240528155658545 -76.00292173090166 11549.787999999764 
44.240528155658545 -76.00292173090166 11558.120999999763 
44.240528155658545 -76.00292173090166 11566.453999999763 
44.240528155658545 -76.00292173090166 11574.786999999764 
44.240528155658545 -76.00292173090166 11583.119999999763 
44.240528155658545 -76.00292173090166 11591.452999999761 
44.240528155658545 -76.00292173090166 11599.785999999762 
44.240528155658545 -76.00292173090166 11608.118999999762 
44.240528155658545 -76.00292173090166 11616.451999999761 
44.240528155658545 -76.00292173090166 11624.78499999976 
44.240528155658545 -76.00292173090166 11633.11799999976 
44.240528155658545 -76.00292173090166 11641.45099999976 
44.240528155658545 -76.00292173090166 11649.78399999976 
44.240528155658545 -76.00292173090166 11658.116999999758 
44.240528155658545 -76.00292173090166 11666.449999999759 
44.240528155658545 -76.00292173090166 11674.78299999976 
44.240528155658545 -76.00292173090166 11683.115999999758 
44.240528155658545 -76.00292173090166 11691.448999999757 
44.240528155658545 -76.00292173090166 11699.781999999757 
44.240528155658545 -76.00292173090166 11708.114999999758 
44.240528155658545 -76.00292173090166 11716.447999999757 
44.240528155658545 -76.00292173090166 11724.780999999755 
44.240528155658545 -76.00292173090166 11733.113999999756 
44.240528155658545 -76.00292173090166 11741.446999999756 
44.240528155658545 -76.00292173090166 11749.779999999755 
44.240528155658545 -76.00292173090166 11758.112999999754 
44.240528155658545 -76.00292173090166 11766.445999999754 
44.240528155658545 -76.00292173090166 11774.778999999755 
44.240528155658545 -76.00292173090166 11783.111999999754 
44.240528155658545 -76.00292173090166 11791.444999999752 
44.240528155658545 -76.00292173090166 11799.777999999753 
44.240528155658545 -76.00292173090166 11808.110999999753 
44.240528155658545 -76.00292173090166 11816.443999999752 
44.240528155658545 -76.00292173090166 11824.77699999975 
44.240528155658545 -76.00292173090166 11833.109999999751 
44.240528155658545 -76.00292173090166 11841.442999999752 
44.240528155658545 -76.00292173090166 11849.77599999975 
44.240528155658545 -76.00292173090166 11858.10899999975 
44.240528155658545 -76.00292173090166 11866.44199999975 
44.240528155658545 -76.00292173090166 11874.77499999975 
44.240528155658545 -76.00292173090166 11883.10799999975 
44.240528155658545 -76.00292173090166 11891.440999999748 
44.240528155658545 -76.00292173090166 11899.773999999748 
44.240528155658545 -76.00292173090166 11908.106999999749 
44.240528155658545 -76.00292173090166 11916.439999999748 
44.240528155658545 -76.00292173090166 11924.772999999746 
44.240528155658545 -76.00292173090166 11933.105999999747 
44.240528155658545 -76.00292173090166 11941.438999999747 
44.240528155658545 -76.00292173090166 11949.771999999746 
44.240528155658545 -76.00292173090166 11958.104999999745 
44.240528155658545 -76.00292173090166 11966.437999999745 
44.240528155658545 -76.00292173090166 11974.770999999746 
44.240528155658545 -76.00292173090166 11983.103999999745 
44.240528155658545 -76.00292173090166 11991.436999999743 
44.240528155658545 -76.00292173090166 11999.769999999744 
44.240528155658545 -76.00292173090166 12008.102999999744 
44.240528155658545 -76.00292173090166 12016.435999999743 
44.240528155658545 -76.00292173090166 12024.768999999742 
44.240528155658545 -76.00292173090166 12033.101999999742 
44.240528155658545 -76.00292173090166 12041.434999999743 
44.240528155658545 -76.00292173090166 12049.767999999742 
44.240528155658545 -76.00292173090166 12058.10099999974 
44.240528155658545 -76.00292173090166 12066.433999999741 
44.240528155658545 -76.00292173090166 12074.766999999742 
44.240528155658545 -76.00292173090166 12083.09999999974 
44.240528155658545 -76.00292173090166 12091.432999999739 
44.240528155658545 -76.00292173090166 12099.76599999974 
44.240528155658545 -76.00292173090166 12108.09899999974 
44.240528155658545 -76.00292173090166 12116.431999999739 
44.240528155658545 -76.00292173090166 12124.764999999737 
44.240528155658545 -76.00292173090166 12133.097999999738 
44.240528155658545 -76.00292173090166 12141.430999999739 
44.240528155658545 -76.00292173090166 12149.763999999737 
44.240528155658545 -76.00292173090166 12158.096999999736 
44.240528155658545 -76.00292173090166 12166.429999999737 
44.240528155658545 -76.00292173090166 12174.762999999737 
44.240528155658545 -76.00292173090166 12183.095999999736 
44.240528155658545 -76.00292173090166 12191.428999999735 
44.240528155658545 -76.00292173090166 12199.761999999735 
44.240528155658545 -76.00292173090166 12208.094999999736 
44.240528155658545 -76.00292173090166 12216.427999999734 
44.240528155658545 -76.00292173090166 12224.760999999733 
44.240528155658545 -76.00292173090166 12233.093999999734 
44.240528155658545 -76.00292173090166 12241.426999999734 
44.240528155658545 -76.00292173090166 12249.759999999733 
44.240528155658545 -76.00292173090166 12258.092999999732 
44.240528155658545 -76.00292173090166 12266.425999999732 
44.240528155658545 -76.00292173090166 12274.758999999733 
44.240528155658545 -76.00292173090166 12283.091999999731 
44.240528155658545 -76.00292173090166 12291.42499999973 
44.240528155658545 -76.00292173090166 12299.75799999973 
44.240528155658545 -76.00292173090166 12308.090999999731 
44.240528155658545 -76.00292173090166 12316.42399999973 
44.240528155658545 -76.00292173090166 12324.756999999729 
44.240528155658545 -76.00292173090166 12333.08999999973 
44.240528155658545 -76.00292173090166 12341.42299999973 
44.240528155658545 -76.00292173090166 12349.755999999728 
44.240528155658545 -76.00292173090166 12358.088999999727 
44.240528155658545 -76.00292173090166 12366.421999999728 
44.240528155658545 -76.00292173090166 12374.754999999728 
44.240528155658545 -76.00292173090166 12383.087999999727 
44.240528155658545 -76.00292173090166 12391.420999999726 
44.240528155658545 -76.00292173090166 12399.753999999726 
44.240528155658545 -76.00292173090166 12408.086999999727 
44.240528155658545 -76.00292173090166 12416.419999999725 
44.240528155658545 -76.00292173090166 12424.752999999724 
44.240528155658545 -76.00292173090166 12433.085999999725 
44.240528155658545 -76.00292173090166 12441.418999999725 
44.240528155658545 -76.00292173090166 12449.751999999724 
44.240528155658545 -76.00292173090166 12458.084999999723 
44.240528155658545 -76.00292173090166 12466.417999999723 
44.240528155658545 -76.00292173090166 12474.750999999724 
44.240528155658545 -76.00292173090166 12483.083999999722 
44.240528155658545 -76.00292173090166 12491.416999999721 
44.240528155658545 -76.00292173090166 12499.749999999722 
