1501 
112.12176047383073 -0.008765192704966859 0.2500000002783054 
112.12176047383073 -0.008765192704966859 8.583000000278844 
112.12176047383073 -0.008765192704966859 16.916000000277563 
112.12176047383073 -0.008765192704966859 25.249000000276283 
112.12176047383073 -0.008765192704966859 33.58200000027682 
112.12176047383073 -0.008765192704966859 41.91500000027736 
112.12176047383073 -0.008765192704966859 50.24800000027608 
112.12176047383073 -0.008765192704966859 58.5810000002748 
112.12176047383073 -0.008765192704966859 66.91400000027534 
112.12176047383073 -0.008765192704966859 75.24700000027588 
112.12176047383073 -0.008765192704966859 83.5800000002746 
112.12176047383073 -0.008765192704966859 91.91300000027331 
112.12176047383073 -0.008765192704966859 100.24600000027385 
112.12176047383073 -0.008765192704966859 108.57900000027439 
112.12176047383073 -0.008765192704966859 116.91200000027311 
112.12176047383073 -0.008765192704966859 125.24500000027183 
112.12176047383073 -0.008765192704966859 133.57800000027237 
112.12176047383073 -0.008765192704966859 141.9110000002729 
112.12176047383073 -0.008765192704966859 150.24400000027163 
112.12176047383073 -0.008765192704966859 158.57700000027035 
112.12176047383073 -0.008765192704966859 166.91000000027088 
112.12176047383073 -0.008765192704966859 175.24300000027142 
112.12176047383073 -0.008765192704966859 183.57600000027014 
112.12176047383073 -0.008765192704966859 191.90900000026886 
112.12176047383073 -0.008765192704966859 200.2420000002694 
112.12176047383073 -0.008765192704966859 208.57500000026994 
112.12176047383073 -0.008765192704966859 216.90800000026866 
112.12176047383073 -0.008765192704966859 225.24100000026738 
112.12176047383073 -0.008765192704966859 233.57400000026792 
112.12176047383073 -0.008765192704966859 241.90700000026845 
112.12176047383073 -0.008765192704966859 250.24000000026717 
112.12176047383073 -0.008765192704966859 258.5730000002659 
112.12176047383073 -0.008765192704966859 266.90600000026643 
112.12176047383073 -0.008765192704966859 275.23900000026697 
112.12176047383073 -0.008765192704966859 283.5720000002657 
112.12176047383073 -0.008765192704966859 291.9050000002644 
112.12176047383073 -0.008765192704966859 300.23800000026495 
112.12176047383073 -0.008765192704966859 308.5710000002655 
112.12176047383073 -0.008765192704966859 316.9040000002642 
112.12176047383073 -0.008765192704966859 325.2370000002629 
112.12176047383073 -0.008765192704966859 333.57000000026346 
112.12176047383073 -0.008765192704966859 341.903000000264 
112.12176047383073 -0.008765192704966859 350.2360000002627 
112.12176047383073 -0.008765192704966859 358.56900000026144 
112.12176047383073 -0.008765192704966859 366.902000000262 
112.12176047383073 -0.008765192704966859 375.2350000002625 
112.12176047383073 -0.008765192704966859 383.56800000026124 
112.12176047383073 -0.008765192704966859 391.90100000025996 
112.12176047383073 -0.008765192704966859 400.2340000002605 
112.12176047383073 -0.008765192704966859 408.56700000026103 
112.12176047383073 -0.008765192704966859 416.90000000025975 
112.12176047383073 -0.008765192704966859 425.23300000025847 
112.12176047383073 -0.008765192704966859 433.566000000259 
112.12176047383073 -0.008765192704966859 441.89900000025955 
112.12176047383073 -0.008765192704966859 450.23200000025827 
112.12176047383073 -0.008765192704966859 458.565000000257 
112.12176047383073 -0.008765192704966859 466.8980000002575 
112.12176047383073 -0.008765192704966859 475.23100000025806 
112.12176047383073 -0.008765192704966859 483.5640000002568 
112.12176047383073 -0.008765192704966859 491.8970000002555 
112.12176047383073 -0.008765192704966859 500.23000000025604 
112.12176047383073 -0.008765192704966859 508.5630000002566 
112.12176047383073 -0.008765192704966859 516.8960000002553 
112.12176047383073 -0.008765192704966859 525.229000000254 
112.12176047383073 -0.008765192704966859 533.5620000002546 
112.12176047383073 -0.008765192704966859 541.8950000002551 
112.12176047383073 -0.008765192704966859 550.2280000002538 
112.12176047383073 -0.008765192704966859 558.5610000002525 
112.12176047383073 -0.008765192704966859 566.8940000002531 
112.12176047383073 -0.008765192704966859 575.2270000002536 
112.12176047383073 -0.008765192704966859 583.5600000002523 
112.12176047383073 -0.008765192704966859 591.893000000251 
112.12176047383073 -0.008765192704966859 600.2260000002516 
112.12176047383073 -0.008765192704966859 608.5590000002521 
112.12176047383073 -0.008765192704966859 616.8920000002508 
112.12176047383073 -0.008765192704966859 625.2250000002496 
112.12176047383073 -0.008765192704966859 633.5580000002501 
112.12176047383073 -0.008765192704966859 641.8910000002506 
112.12176047383073 -0.008765192704966859 650.2240000002494 
112.12176047383073 -0.008765192704966859 658.5570000002481 
112.12176047383073 -0.008765192704966859 666.8900000002486 
112.12176047383073 -0.008765192704966859 675.2230000002492 
112.12176047383073 -0.008765192704966859 683.5560000002479 
112.12176047383073 -0.008765192704966859 691.8890000002466 
112.12176047383073 -0.008765192704966859 700.2220000002471 
112.12176047383073 -0.008765192704966859 708.5550000002477 
112.12176047383073 -0.008765192704966859 716.8880000002464 
112.12176047383073 -0.008765192704966859 725.2210000002451 
112.12176047383073 -0.008765192704966859 733.5540000002457 
112.12176047383073 -0.008765192704966859 741.8870000002462 
112.12176047383073 -0.008765192704966859 750.2200000002449 
112.12176047383073 -0.008765192704966859 758.5530000002436 
112.12176047383073 -0.008765192704966859 766.8860000002442 
112.12176047383073 -0.008765192704966859 775.2190000002447 
112.12176047383073 -0.008765192704966859 783.5520000002434 
112.12176047383073 -0.008765192704966859 791.8850000002421 
112.12176047383073 -0.008765192704966859 800.2180000002427 
112.12176047383073 -0.008765192704966859 808.5510000002432 
112.12176047383073 -0.008765192704966859 816.8840000002419 
112.12176047383073 -0.008765192704966859 825.2170000002407 
112.12176047383073 -0.008765192704966859 833.5500000002412 
112.12176047383073 -0.008765192704966859 841.8830000002417 
112.12176047383073 -0.008765192704966859 850.2160000002405 
112.12176047383073 -0.008765192704966859 858.5490000002392 
112.12176047383073 -0.008765192704966859 866.8820000002397 
112.12176047383073 -0.008765192704966859 875.2150000002403 
112.12176047383073 -0.008765192704966859 883.548000000239 
112.12176047383073 -0.008765192704966859 891.8810000002377 
112.12176047383073 -0.008765192704966859 900.2140000002382 
112.12176047383073 -0.008765192704966859 908.5470000002388 
112.12176047383073 -0.008765192704966859 916.8800000002375 
112.12176047383073 -0.008765192704966859 925.2130000002362 
112.12176047383073 -0.008765192704966859 933.5460000002367 
112.12176047383073 -0.008765192704966859 941.8790000002373 
112.12176047383073 -0.008765192704966859 950.212000000236 
112.12176047383073 -0.008765192704966859 958.5450000002347 
112.12176047383073 -0.008765192704966859 966.8780000002353 
112.12176047383073 -0.008765192704966859 975.2110000002358 
112.12176047383073 -0.008765192704966859 983.5440000002345 
112.12176047383073 -0.008765192704966859 991.8770000002332 
112.12176047383073 -0.008765192704966859 1000.2100000002338 
112.12176047383073 -0.008765192704966859 1008.5430000002343 
112.12176047383073 -0.008765192704966859 1016.876000000233 
112.12176047383073 -0.008765192704966859 1025.2090000002318 
112.12176047383073 -0.008765192704966859 1033.5420000002323 
112.12176047383073 -0.008765192704966859 1041.8750000002328 
112.12176047383073 -0.008765192704966859 1050.2080000002316 
112.12176047383073 -0.008765192704966859 1058.5410000002303 
112.12176047383073 -0.008765192704966859 1066.8740000002308 
112.12176047383073 -0.008765192704966859 1075.2070000002313 
112.12176047383073 -0.008765192704966859 1083.54000000023 
112.12176047383073 -0.008765192704966859 1091.8730000002288 
112.12176047383073 -0.008765192704966859 1100.2060000002293 
112.12176047383073 -0.008765192704966859 1108.5390000002299 
112.12176047383073 -0.008765192704966859 1116.8720000002286 
112.12176047383073 -0.008765192704966859 1125.2050000002273 
112.12176047383073 -0.008765192704966859 1133.5380000002278 
112.12176047383073 -0.008765192704966859 1141.8710000002284 
112.12176047383073 -0.008765192704966859 1150.204000000227 
112.12176047383073 -0.008765192704966859 1158.5370000002258 
112.12176047383073 -0.008765192704966859 1166.8700000002264 
112.12176047383073 -0.008765192704966859 1175.203000000227 
112.12176047383073 -0.008765192704966859 1183.5360000002256 
112.12176047383073 -0.008765192704966859 1191.8690000002243 
112.12176047383073 -0.008765192704966859 1200.2020000002249 
112.12176047383073 -0.008765192704966859 1208.5350000002254 
112.12176047383073 -0.008765192704966859 1216.8680000002241 
112.12176047383073 -0.008765192704966859 1225.2010000002228 
112.12176047383073 -0.008765192704966859 1233.5340000002234 
112.12176047383073 -0.008765192704966859 1241.867000000224 
112.12176047383073 -0.008765192704966859 1250.2000000002226 
112.12176047383073 -0.008765192704966859 1258.5330000002214 
112.12176047383073 -0.008765192704966859 1266.866000000222 
112.12176047383073 -0.008765192704966859 1275.1990000002224 
112.12176047383073 -0.008765192704966859 1283.5320000002212 
112.12176047383073 -0.008765192704966859 1291.8650000002199 
112.12176047383073 -0.008765192704966859 1300.1980000002204 
112.12176047383073 -0.008765192704966859 1308.531000000221 
112.12176047383073 -0.008765192704966859 1316.8640000002197 
112.12176047383073 -0.008765192704966859 1325.1970000002184 
112.12176047383073 -0.008765192704966859 1333.530000000219 
112.12176047383073 -0.008765192704966859 1341.8630000002195 
112.12176047383073 -0.008765192704966859 1350.1960000002182 
112.12176047383073 -0.008765192704966859 1358.529000000217 
112.12176047383073 -0.008765192704966859 1366.8620000002174 
112.12176047383073 -0.008765192704966859 1375.195000000218 
112.12176047383073 -0.008765192704966859 1383.5280000002167 
112.12176047383073 -0.008765192704966859 1391.8610000002154 
112.12176047383073 -0.008765192704966859 1400.194000000216 
112.12176047383073 -0.008765192704966859 1408.5270000002165 
112.12176047383073 -0.008765192704966859 1416.8600000002152 
112.12176047383073 -0.008765192704966859 1425.193000000214 
112.12176047383073 -0.008765192704966859 1433.5260000002145 
112.12176047383073 -0.008765192704966859 1441.859000000215 
112.12176047383073 -0.008765192704966859 1450.1920000002137 
112.12176047383073 -0.008765192704966859 1458.5250000002125 
112.12176047383073 -0.008765192704966859 1466.858000000213 
112.12176047383073 -0.008765192704966859 1475.1910000002135 
112.12176047383073 -0.008765192704966859 1483.5240000002123 
112.12176047383073 -0.008765192704966859 1491.857000000211 
112.12176047383073 -0.008765192704966859 1500.1900000002115 
112.12176047383073 -0.008765192704966859 1508.523000000212 
112.12176047383073 -0.008765192704966859 1516.8560000002108 
112.12176047383073 -0.008765192704966859 1525.1890000002095 
112.12176047383073 -0.008765192704966859 1533.52200000021 
112.12176047383073 -0.008765192704966859 1541.8550000002106 
112.12176047383073 -0.008765192704966859 1550.1880000002093 
112.12176047383073 -0.008765192704966859 1558.521000000208 
112.12176047383073 -0.008765192704966859 1566.8540000002085 
112.12176047383073 -0.008765192704966859 1575.187000000209 
112.12176047383073 -0.008765192704966859 1583.5200000002078 
112.12176047383073 -0.008765192704966859 1591.8530000002065 
112.12176047383073 -0.008765192704966859 1600.186000000207 
112.12176047383073 -0.008765192704966859 1608.5190000002076 
112.12176047383073 -0.008765192704966859 1616.8520000002063 
112.12176047383073 -0.008765192704966859 1625.185000000205 
112.12176047383073 -0.008765192704966859 1633.5180000002056 
112.12176047383073 -0.008765192704966859 1641.851000000206 
112.12176047383073 -0.008765192704966859 1650.1840000002048 
112.12176047383073 -0.008765192704966859 1658.5170000002036 
112.12176047383073 -0.008765192704966859 1666.850000000204 
112.12176047383073 -0.008765192704966859 1675.1830000002046 
112.12176047383073 -0.008765192704966859 1683.5160000002033 
112.12176047383073 -0.008765192704966859 1691.849000000202 
112.12176047383073 -0.008765192704966859 1700.1820000002026 
112.12176047383073 -0.008765192704966859 1708.5150000002031 
112.12176047383073 -0.008765192704966859 1716.8480000002019 
112.12176047383073 -0.008765192704966859 1725.1810000002006 
112.12176047383073 -0.008765192704966859 1733.5140000002011 
112.12176047383073 -0.008765192704966859 1741.8470000002017 
112.12176047383073 -0.008765192704966859 1750.1800000002004 
112.12176047383073 -0.008765192704966859 1758.513000000199 
112.12176047383073 -0.008765192704966859 1766.8460000001996 
112.12176047383073 -0.008765192704966859 1775.1790000002002 
112.12176047383073 -0.008765192704966859 1783.512000000199 
112.12176047383073 -0.008765192704966859 1791.8450000001976 
112.12176047383073 -0.008765192704966859 1800.1780000001982 
112.12176047383073 -0.008765192704966859 1808.5110000001987 
112.12176047383073 -0.008765192704966859 1816.8440000001974 
112.12176047383073 -0.008765192704966859 1825.1770000001961 
112.12176047383073 -0.008765192704966859 1833.5100000001967 
112.12176047383073 -0.008765192704966859 1841.8430000001972 
112.12176047383073 -0.008765192704966859 1850.176000000196 
112.12176047383073 -0.008765192704966859 1858.5090000001946 
112.12176047383073 -0.008765192704966859 1866.8420000001952 
112.12176047383073 -0.008765192704966859 1875.1750000001957 
112.12176047383073 -0.008765192704966859 1883.5080000001944 
112.12176047383073 -0.008765192704966859 1891.8410000001932 
112.12176047383073 -0.008765192704966859 1900.1740000001937 
112.12176047383073 -0.008765192704966859 1908.5070000001942 
112.12176047383073 -0.008765192704966859 1916.840000000193 
112.12176047383073 -0.008765192704966859 1925.1730000001917 
112.12176047383073 -0.008765192704966859 1933.5060000001922 
112.12176047383073 -0.008765192704966859 1941.8390000001928 
112.12176047383073 -0.008765192704966859 1950.1720000001915 
112.12176047383073 -0.008765192704966859 1958.5050000001902 
112.12176047383073 -0.008765192704966859 1966.8380000001907 
112.12176047383073 -0.008765192704966859 1975.1710000001913 
112.12176047383073 -0.008765192704966859 1983.50400000019 
112.12176047383073 -0.008765192704966859 1991.8370000001887 
112.12176047383073 -0.008765192704966859 2000.1700000001892 
112.12176047383073 -0.008765192704966859 2008.5030000001898 
112.12176047383073 -0.008765192704966859 2016.8360000001885 
112.12176047383073 -0.008765192704966859 2025.1690000001872 
112.12176047383073 -0.008765192704966859 2033.5020000001878 
112.12176047383073 -0.008765192704966859 2041.8350000001883 
112.12176047383073 -0.008765192704966859 2050.168000000187 
112.12176047383073 -0.008765192704966859 2058.5010000001857 
112.12176047383073 -0.008765192704966859 2066.8340000001863 
112.12176047383073 -0.008765192704966859 2075.167000000187 
112.12176047383073 -0.008765192704966859 2083.5000000001855 
112.12176047383073 -0.008765192704966859 2091.8330000001843 
112.12176047383073 -0.008765192704966859 2100.166000000185 
112.12176047383073 -0.008765192704966859 2108.4990000001853 
112.12176047383073 -0.008765192704966859 2116.832000000184 
112.12176047383073 -0.008765192704966859 2125.1650000001828 
112.12176047383073 -0.008765192704966859 2133.4980000001833 
112.12176047383073 -0.008765192704966859 2141.831000000184 
112.12176047383073 -0.008765192704966859 2150.1640000001826 
112.12176047383073 -0.008765192704966859 2158.4970000001813 
112.12176047383073 -0.008765192704966859 2166.830000000182 
112.12176047383073 -0.008765192704966859 2175.1630000001824 
112.12176047383073 -0.008765192704966859 2183.496000000181 
112.12176047383073 -0.008765192704966859 2191.82900000018 
112.12176047383073 -0.008765192704966859 2200.1620000001803 
112.12176047383073 -0.008765192704966859 2208.495000000181 
112.12176047383073 -0.008765192704966859 2216.8280000001796 
112.12176047383073 -0.008765192704966859 2225.1610000001783 
112.12176047383073 -0.008765192704966859 2233.494000000179 
112.12176047383073 -0.008765192704966859 2241.8270000001794 
112.12176047383073 -0.008765192704966859 2250.160000000178 
112.12176047383073 -0.008765192704966859 2258.493000000177 
112.12176047383073 -0.008765192704966859 2266.8260000001774 
112.12176047383073 -0.008765192704966859 2275.159000000178 
112.12176047383073 -0.008765192704966859 2283.4920000001766 
112.12176047383073 -0.008765192704966859 2291.8250000001754 
112.12176047383073 -0.008765192704966859 2300.158000000176 
112.12176047383073 -0.008765192704966859 2308.4910000001764 
112.12176047383073 -0.008765192704966859 2316.824000000175 
112.12176047383073 -0.008765192704966859 2325.157000000174 
112.12176047383073 -0.008765192704966859 2333.4900000001744 
112.12176047383073 -0.008765192704966859 2341.823000000175 
112.12176047383073 -0.008765192704966859 2350.1560000001737 
112.12176047383073 -0.008765192704966859 2358.4890000001724 
112.12176047383073 -0.008765192704966859 2366.822000000173 
112.12176047383073 -0.008765192704966859 2375.1550000001735 
112.12176047383073 -0.008765192704966859 2383.488000000172 
112.12176047383073 -0.008765192704966859 2391.821000000171 
112.12176047383073 -0.008765192704966859 2400.1540000001714 
112.12176047383073 -0.008765192704966859 2408.487000000172 
112.12176047383073 -0.008765192704966859 2416.8200000001707 
112.12176047383073 -0.008765192704966859 2425.1530000001694 
112.12176047383073 -0.008765192704966859 2433.48600000017 
112.12176047383073 -0.008765192704966859 2441.8190000001705 
112.12176047383073 -0.008765192704966859 2450.152000000169 
112.12176047383073 -0.008765192704966859 2458.485000000168 
112.12176047383073 -0.008765192704966859 2466.8180000001685 
112.12176047383073 -0.008765192704966859 2475.151000000169 
112.12176047383073 -0.008765192704966859 2483.4840000001677 
112.12176047383073 -0.008765192704966859 2491.8170000001664 
112.12176047383073 -0.008765192704966859 2500.150000000167 
112.12176047383073 -0.008765192704966859 2508.4830000001675 
112.12176047383073 -0.008765192704966859 2516.8160000001662 
112.12176047383073 -0.008765192704966859 2525.149000000165 
112.12176047383073 -0.008765192704966859 2533.4820000001655 
112.12176047383073 -0.008765192704966859 2541.815000000166 
112.12176047383073 -0.008765192704966859 2550.1480000001648 
112.12176047383073 -0.008765192704966859 2558.4810000001635 
112.12176047383073 -0.008765192704966859 2566.814000000164 
112.12176047383073 -0.008765192704966859 2575.1470000001646 
112.12176047383073 -0.008765192704966859 2583.4800000001633 
112.12176047383073 -0.008765192704966859 2591.813000000162 
112.12176047383073 -0.008765192704966859 2600.1460000001625 
112.12176047383073 -0.008765192704966859 2608.479000000163 
112.12176047383073 -0.008765192704966859 2616.812000000162 
112.12176047383073 -0.008765192704966859 2625.1450000001605 
112.12176047383073 -0.008765192704966859 2633.478000000161 
112.12176047383073 -0.008765192704966859 2641.8110000001616 
112.12176047383073 -0.008765192704966859 2650.1440000001603 
112.12176047383073 -0.008765192704966859 2658.477000000159 
112.12176047383073 -0.008765192704966859 2666.8100000001596 
112.12176047383073 -0.008765192704966859 2675.14300000016 
112.12176047383073 -0.008765192704966859 2683.476000000159 
112.12176047383073 -0.008765192704966859 2691.8090000001575 
112.12176047383073 -0.008765192704966859 2700.142000000158 
112.12176047383073 -0.008765192704966859 2708.4750000001586 
112.12176047383073 -0.008765192704966859 2716.8080000001573 
112.12176047383073 -0.008765192704966859 2725.141000000156 
112.12176047383073 -0.008765192704966859 2733.4740000001566 
112.12176047383073 -0.008765192704966859 2741.807000000157 
112.12176047383073 -0.008765192704966859 2750.140000000156 
112.12176047383073 -0.008765192704966859 2758.4730000001546 
112.12176047383073 -0.008765192704966859 2766.806000000155 
112.12176047383073 -0.008765192704966859 2775.1390000001556 
112.12176047383073 -0.008765192704966859 2783.4720000001544 
112.12176047383073 -0.008765192704966859 2791.805000000153 
112.12176047383073 -0.008765192704966859 2800.1380000001536 
112.12176047383073 -0.008765192704966859 2808.471000000154 
112.12176047383073 -0.008765192704966859 2816.804000000153 
112.12176047383073 -0.008765192704966859 2825.1370000001516 
112.12176047383073 -0.008765192704966859 2833.470000000152 
112.12176047383073 -0.008765192704966859 2841.8030000001527 
112.12176047383073 -0.008765192704966859 2850.1360000001514 
112.12176047383073 -0.008765192704966859 2858.46900000015 
112.12176047383073 -0.008765192704966859 2866.8020000001507 
112.12176047383073 -0.008765192704966859 2875.135000000151 
112.12176047383073 -0.008765192704966859 2883.46800000015 
112.12176047383073 -0.008765192704966859 2891.8010000001486 
112.12176047383073 -0.008765192704966859 2900.134000000149 
112.12176047383073 -0.008765192704966859 2908.4670000001497 
112.12176047383073 -0.008765192704966859 2916.8000000001484 
112.12176047383073 -0.008765192704966859 2925.133000000147 
112.12176047383073 -0.008765192704966859 2933.4660000001477 
112.12176047383073 -0.008765192704966859 2941.799000000148 
112.12176047383073 -0.008765192704966859 2950.132000000147 
112.12176047383073 -0.008765192704966859 2958.4650000001457 
112.12176047383073 -0.008765192704966859 2966.798000000146 
112.12176047383073 -0.008765192704966859 2975.1310000001467 
112.12176047383073 -0.008765192704966859 2983.4640000001455 
112.12176047383073 -0.008765192704966859 2991.797000000144 
112.12176047383073 -0.008765192704966859 3000.1300000001447 
112.12176047383073 -0.008765192704966859 3008.4630000001453 
112.12176047383073 -0.008765192704966859 3016.796000000144 
112.12176047383073 -0.008765192704966859 3025.1290000001427 
112.12176047383073 -0.008765192704966859 3033.4620000001432 
112.12176047383073 -0.008765192704966859 3041.795000000144 
112.12176047383073 -0.008765192704966859 3050.1280000001425 
112.12176047383073 -0.008765192704966859 3058.461000000141 
112.12176047383073 -0.008765192704966859 3066.7940000001418 
112.12176047383073 -0.008765192704966859 3075.1270000001423 
112.12176047383073 -0.008765192704966859 3083.460000000141 
112.12176047383073 -0.008765192704966859 3091.7930000001397 
112.12176047383073 -0.008765192704966859 3100.1260000001403 
112.12176047383073 -0.008765192704966859 3108.459000000141 
112.12176047383073 -0.008765192704966859 3116.7920000001395 
112.12176047383073 -0.008765192704966859 3125.1250000001382 
112.12176047383073 -0.008765192704966859 3133.458000000139 
112.12176047383073 -0.008765192704966859 3141.7910000001393 
112.12176047383073 -0.008765192704966859 3150.124000000138 
112.12176047383073 -0.008765192704966859 3158.4570000001368 
112.12176047383073 -0.008765192704966859 3166.7900000001373 
112.12176047383073 -0.008765192704966859 3175.123000000138 
112.12176047383073 -0.008765192704966859 3183.4560000001366 
112.12176047383073 -0.008765192704966859 3191.7890000001353 
112.12176047383073 -0.008765192704966859 3200.122000000136 
112.12176047383073 -0.008765192704966859 3208.4550000001364 
112.12176047383073 -0.008765192704966859 3216.788000000135 
112.12176047383073 -0.008765192704966859 3225.121000000134 
112.12176047383073 -0.008765192704966859 3233.4540000001343 
112.12176047383073 -0.008765192704966859 3241.787000000135 
112.12176047383073 -0.008765192704966859 3250.1200000001336 
112.12176047383073 -0.008765192704966859 3258.4530000001323 
112.12176047383073 -0.008765192704966859 3266.786000000133 
112.12176047383073 -0.008765192704966859 3275.1190000001334 
112.12176047383073 -0.008765192704966859 3283.452000000132 
112.12176047383073 -0.008765192704966859 3291.785000000131 
112.12176047383073 -0.008765192704966859 3300.1180000001314 
112.12176047383073 -0.008765192704966859 3308.451000000132 
112.12176047383073 -0.008765192704966859 3316.7840000001306 
112.12176047383073 -0.008765192704966859 3325.1170000001293 
112.12176047383073 -0.008765192704966859 3333.45000000013 
112.12176047383073 -0.008765192704966859 3341.7830000001304 
112.12176047383073 -0.008765192704966859 3350.116000000129 
112.12176047383073 -0.008765192704966859 3358.449000000128 
112.12176047383073 -0.008765192704966859 3366.7820000001284 
112.12176047383073 -0.008765192704966859 3375.115000000129 
112.12176047383073 -0.008765192704966859 3383.4480000001276 
112.12176047383073 -0.008765192704966859 3391.7810000001264 
112.12176047383073 -0.008765192704966859 3400.114000000127 
112.12176047383073 -0.008765192704966859 3408.4470000001274 
112.12176047383073 -0.008765192704966859 3416.780000000126 
112.12176047383073 -0.008765192704966859 3425.113000000125 
112.12176047383073 -0.008765192704966859 3433.4460000001254 
112.12176047383073 -0.008765192704966859 3441.779000000126 
112.12176047383073 -0.008765192704966859 3450.1120000001247 
112.12176047383073 -0.008765192704966859 3458.4450000001234 
112.12176047383073 -0.008765192704966859 3466.778000000124 
112.12176047383073 -0.008765192704966859 3475.1110000001245 
112.12176047383073 -0.008765192704966859 3483.444000000123 
112.12176047383073 -0.008765192704966859 3491.777000000122 
112.12176047383073 -0.008765192704966859 3500.1100000001225 
112.12176047383073 -0.008765192704966859 3508.443000000123 
112.12176047383073 -0.008765192704966859 3516.7760000001217 
112.12176047383073 -0.008765192704966859 3525.1090000001204 
112.12176047383073 -0.008765192704966859 3533.442000000121 
112.12176047383073 -0.008765192704966859 3541.7750000001215 
112.12176047383073 -0.008765192704966859 3550.1080000001202 
112.12176047383073 -0.008765192704966859 3558.441000000119 
112.12176047383073 -0.008765192704966859 3566.7740000001195 
112.12176047383073 -0.008765192704966859 3575.10700000012 
112.12176047383073 -0.008765192704966859 3583.4400000001187 
112.12176047383073 -0.008765192704966859 3591.7730000001175 
112.12176047383073 -0.008765192704966859 3600.106000000118 
112.12176047383073 -0.008765192704966859 3608.4390000001185 
112.12176047383073 -0.008765192704966859 3616.7720000001173 
112.12176047383073 -0.008765192704966859 3625.105000000116 
112.12176047383073 -0.008765192704966859 3633.4380000001165 
112.12176047383073 -0.008765192704966859 3641.771000000117 
112.12176047383073 -0.008765192704966859 3650.104000000116 
112.12176047383073 -0.008765192704966859 3658.4370000001145 
112.12176047383073 -0.008765192704966859 3666.770000000115 
112.12176047383073 -0.008765192704966859 3675.1030000001156 
112.12176047383073 -0.008765192704966859 3683.4360000001143 
112.12176047383073 -0.008765192704966859 3691.769000000113 
112.12176047383073 -0.008765192704966859 3700.1020000001135 
112.12176047383073 -0.008765192704966859 3708.435000000114 
112.12176047383073 -0.008765192704966859 3716.768000000113 
112.12176047383073 -0.008765192704966859 3725.1010000001115 
112.12176047383073 -0.008765192704966859 3733.434000000112 
112.12176047383073 -0.008765192704966859 3741.7670000001126 
112.12176047383073 -0.008765192704966859 3750.1000000001113 
112.12176047383073 -0.008765192704966859 3758.43300000011 
112.12176047383073 -0.008765192704966859 3766.7660000001106 
112.12176047383073 -0.008765192704966859 3775.099000000111 
112.12176047383073 -0.008765192704966859 3783.43200000011 
112.12176047383073 -0.008765192704966859 3791.7650000001086 
112.12176047383073 -0.008765192704966859 3800.098000000109 
112.12176047383073 -0.008765192704966859 3808.4310000001096 
112.12176047383073 -0.008765192704966859 3816.7640000001084 
112.12176047383073 -0.008765192704966859 3825.097000000107 
112.12176047383073 -0.008765192704966859 3833.4300000001076 
112.12176047383073 -0.008765192704966859 3841.763000000108 
112.12176047383073 -0.008765192704966859 3850.096000000107 
112.12176047383073 -0.008765192704966859 3858.4290000001056 
112.12176047383073 -0.008765192704966859 3866.762000000106 
112.12176047383073 -0.008765192704966859 3875.0950000001067 
112.12176047383073 -0.008765192704966859 3883.4280000001054 
112.12176047383073 -0.008765192704966859 3891.761000000104 
112.12176047383073 -0.008765192704966859 3900.0940000001046 
112.12176047383073 -0.008765192704966859 3908.427000000105 
112.12176047383073 -0.008765192704966859 3916.760000000104 
112.12176047383073 -0.008765192704966859 3925.0930000001026 
112.12176047383073 -0.008765192704966859 3933.426000000103 
112.12176047383073 -0.008765192704966859 3941.7590000001037 
112.12176047383073 -0.008765192704966859 3950.0920000001024 
112.12176047383073 -0.008765192704966859 3958.425000000101 
112.12176047383073 -0.008765192704966859 3966.7580000001017 
112.12176047383073 -0.008765192704966859 3975.091000000102 
112.12176047383073 -0.008765192704966859 3983.424000000101 
112.12176047383073 -0.008765192704966859 3991.7570000000997 
112.12176047383073 -0.008765192704966859 4000.0900000001 
112.12176047383073 -0.008765192704966859 4008.4230000001007 
112.12176047383073 -0.008765192704966859 4016.7560000000994 
112.12176047383073 -0.008765192704966859 4025.089000000098 
112.12176047383073 -0.008765192704966859 4033.4220000000987 
112.12176047383073 -0.008765192704966859 4041.7550000000992 
112.12176047383073 -0.008765192704966859 4050.088000000098 
112.12176047383073 -0.008765192704966859 4058.4210000000967 
112.12176047383073 -0.008765192704966859 4066.754000000097 
112.12176047383073 -0.008765192704966859 4075.0870000000978 
112.12176047383073 -0.008765192704966859 4083.4200000000965 
112.12176047383073 -0.008765192704966859 4091.753000000095 
112.12176047383073 -0.008765192704966859 4100.086000000096 
112.12176047383073 -0.008765192704966859 4108.419000000096 
112.12176047383073 -0.008765192704966859 4116.752000000095 
112.12176047383073 -0.008765192704966859 4125.085000000094 
112.12176047383073 -0.008765192704966859 4133.418000000094 
112.12176047383073 -0.008765192704966859 4141.751000000095 
112.12176047383073 -0.008765192704966859 4150.0840000000935 
112.12176047383073 -0.008765192704966859 4158.417000000092 
112.12176047383073 -0.008765192704966859 4166.750000000093 
112.12176047383073 -0.008765192704966859 4175.083000000093 
112.12176047383073 -0.008765192704966859 4183.416000000092 
112.12176047383073 -0.008765192704966859 4191.749000000091 
112.12176047383073 -0.008765192704966859 4200.082000000091 
112.12176047383073 -0.008765192704966859 4208.415000000092 
112.12176047383073 -0.008765192704966859 4216.7480000000905 
112.12176047383073 -0.008765192704966859 4225.081000000089 
112.12176047383073 -0.008765192704966859 4233.41400000009 
112.12176047383073 -0.008765192704966859 4241.74700000009 
112.12176047383073 -0.008765192704966859 4250.080000000089 
112.12176047383073 -0.008765192704966859 4258.413000000088 
112.12176047383073 -0.008765192704966859 4266.746000000088 
112.12176047383073 -0.008765192704966859 4275.079000000089 
112.12176047383073 -0.008765192704966859 4283.412000000088 
112.12176047383073 -0.008765192704966859 4291.745000000086 
112.12176047383073 -0.008765192704966859 4300.078000000087 
112.12176047383073 -0.008765192704966859 4308.4110000000865 
112.12176047383073 -0.008765192704966859 4316.744000000086 
112.12176047383073 -0.008765192704966859 4325.077000000086 
112.12176047383073 -0.008765192704966859 4333.410000000085 
112.12176047383073 -0.008765192704966859 4341.743000000085 
112.12176047383073 -0.008765192704966859 4350.076000000085 
112.12176047383073 -0.008765192704966859 4358.409000000084 
112.12176047383073 -0.008765192704966859 4366.742000000084 
112.12176047383073 -0.008765192704966859 4375.0750000000835 
112.12176047383073 -0.008765192704966859 4383.408000000083 
112.12176047383073 -0.008765192704966859 4391.741000000083 
112.12176047383073 -0.008765192704966859 4400.074000000082 
112.12176047383073 -0.008765192704966859 4408.407000000082 
112.12176047383073 -0.008765192704966859 4416.740000000082 
112.12176047383073 -0.008765192704966859 4425.073000000081 
112.12176047383073 -0.008765192704966859 4433.406000000081 
112.12176047383073 -0.008765192704966859 4441.7390000000805 
112.12176047383073 -0.008765192704966859 4450.07200000008 
112.12176047383073 -0.008765192704966859 4458.40500000008 
112.12176047383073 -0.008765192704966859 4466.738000000079 
112.12176047383073 -0.008765192704966859 4475.071000000079 
112.12176047383073 -0.008765192704966859 4483.404000000079 
112.12176047383073 -0.008765192704966859 4491.737000000078 
112.12176047383073 -0.008765192704966859 4500.070000000078 
112.12176047383073 -0.008765192704966859 4508.403000000078 
112.12176047383073 -0.008765192704966859 4516.736000000077 
112.12176047383073 -0.008765192704966859 4525.069000000077 
112.12176047383073 -0.008765192704966859 4533.402000000076 
112.12176047383073 -0.008765192704966859 4541.735000000076 
112.12176047383073 -0.008765192704966859 4550.068000000076 
112.12176047383073 -0.008765192704966859 4558.401000000075 
112.12176047383073 -0.008765192704966859 4566.734000000075 
112.12176047383073 -0.008765192704966859 4575.067000000075 
112.12176047383073 -0.008765192704966859 4583.400000000074 
112.12176047383073 -0.008765192704966859 4591.733000000074 
112.12176047383073 -0.008765192704966859 4600.0660000000735 
112.12176047383073 -0.008765192704966859 4608.399000000073 
112.12176047383073 -0.008765192704966859 4616.732000000073 
112.12176047383073 -0.008765192704966859 4625.065000000072 
112.12176047383073 -0.008765192704966859 4633.398000000072 
112.12176047383073 -0.008765192704966859 4641.731000000072 
112.12176047383073 -0.008765192704966859 4650.064000000071 
112.12176047383073 -0.008765192704966859 4658.397000000071 
112.12176047383073 -0.008765192704966859 4666.7300000000705 
112.12176047383073 -0.008765192704966859 4675.06300000007 
112.12176047383073 -0.008765192704966859 4683.39600000007 
112.12176047383073 -0.008765192704966859 4691.729000000069 
112.12176047383073 -0.008765192704966859 4700.062000000069 
112.12176047383073 -0.008765192704966859 4708.395000000069 
112.12176047383073 -0.008765192704966859 4716.728000000068 
112.12176047383073 -0.008765192704966859 4725.061000000068 
112.12176047383073 -0.008765192704966859 4733.3940000000675 
112.12176047383073 -0.008765192704966859 4741.727000000067 
112.12176047383073 -0.008765192704966859 4750.060000000067 
112.12176047383073 -0.008765192704966859 4758.393000000066 
112.12176047383073 -0.008765192704966859 4766.726000000066 
112.12176047383073 -0.008765192704966859 4775.059000000066 
112.12176047383073 -0.008765192704966859 4783.392000000065 
112.12176047383073 -0.008765192704966859 4791.725000000065 
112.12176047383073 -0.008765192704966859 4800.058000000065 
112.12176047383073 -0.008765192704966859 4808.391000000064 
112.12176047383073 -0.008765192704966859 4816.724000000064 
112.12176047383073 -0.008765192704966859 4825.057000000063 
112.12176047383073 -0.008765192704966859 4833.390000000063 
112.12176047383073 -0.008765192704966859 4841.723000000063 
112.12176047383073 -0.008765192704966859 4850.056000000062 
112.12176047383073 -0.008765192704966859 4858.389000000062 
112.12176047383073 -0.008765192704966859 4866.722000000062 
112.12176047383073 -0.008765192704966859 4875.055000000061 
112.12176047383073 -0.008765192704966859 4883.388000000061 
112.12176047383073 -0.008765192704966859 4891.7210000000605 
112.12176047383073 -0.008765192704966859 4900.05400000006 
112.12176047383073 -0.008765192704966859 4908.38700000006 
112.12176047383073 -0.008765192704966859 4916.720000000059 
112.12176047383073 -0.008765192704966859 4925.053000000059 
112.12176047383073 -0.008765192704966859 4933.386000000059 
112.12176047383073 -0.008765192704966859 4941.719000000058 
112.12176047383073 -0.008765192704966859 4950.052000000058 
112.12176047383073 -0.008765192704966859 4958.3850000000575 
112.12176047383073 -0.008765192704966859 4966.718000000057 
112.12176047383073 -0.008765192704966859 4975.051000000057 
112.12176047383073 -0.008765192704966859 4983.384000000056 
112.12176047383073 -0.008765192704966859 4991.717000000056 
112.12176047383073 -0.008765192704966859 5000.050000000056 
112.12176047383073 -0.008765192704966859 5008.383000000055 
112.12176047383073 -0.008765192704966859 5016.716000000055 
112.12176047383073 -0.008765192704966859 5025.049000000055 
112.12176047383073 -0.008765192704966859 5033.382000000054 
112.12176047383073 -0.008765192704966859 5041.715000000054 
112.12176047383073 -0.008765192704966859 5050.048000000053 
112.12176047383073 -0.008765192704966859 5058.381000000053 
112.12176047383073 -0.008765192704966859 5066.714000000053 
112.12176047383073 -0.008765192704966859 5075.047000000052 
112.12176047383073 -0.008765192704966859 5083.380000000052 
112.12176047383073 -0.008765192704966859 5091.713000000052 
112.12176047383073 -0.008765192704966859 5100.046000000051 
112.12176047383073 -0.008765192704966859 5108.379000000051 
112.12176047383073 -0.008765192704966859 5116.7120000000505 
112.12176047383073 -0.008765192704966859 5125.04500000005 
112.12176047383073 -0.008765192704966859 5133.37800000005 
112.12176047383073 -0.008765192704966859 5141.711000000049 
112.12176047383073 -0.008765192704966859 5150.044000000049 
112.12176047383073 -0.008765192704966859 5158.377000000049 
112.12176047383073 -0.008765192704966859 5166.710000000048 
112.12176047383073 -0.008765192704966859 5175.043000000048 
112.12176047383073 -0.008765192704966859 5183.3760000000475 
112.12176047383073 -0.008765192704966859 5191.709000000047 
112.12176047383073 -0.008765192704966859 5200.042000000047 
112.12176047383073 -0.008765192704966859 5208.375000000046 
112.12176047383073 -0.008765192704966859 5216.708000000046 
112.12176047383073 -0.008765192704966859 5225.041000000046 
112.12176047383073 -0.008765192704966859 5233.374000000045 
112.12176047383073 -0.008765192704966859 5241.707000000045 
112.12176047383073 -0.008765192704966859 5250.0400000000445 
112.12176047383073 -0.008765192704966859 5258.373000000044 
112.12176047383073 -0.008765192704966859 5266.706000000044 
112.12176047383073 -0.008765192704966859 5275.039000000043 
112.12176047383073 -0.008765192704966859 5283.372000000043 
112.12176047383073 -0.008765192704966859 5291.705000000043 
112.12176047383073 -0.008765192704966859 5300.038000000042 
112.12176047383073 -0.008765192704966859 5308.371000000042 
112.12176047383073 -0.008765192704966859 5316.704000000042 
112.12176047383073 -0.008765192704966859 5325.037000000041 
112.12176047383073 -0.008765192704966859 5333.370000000041 
112.12176047383073 -0.008765192704966859 5341.70300000004 
112.12176047383073 -0.008765192704966859 5350.03600000004 
112.12176047383073 -0.008765192704966859 5358.36900000004 
112.12176047383073 -0.008765192704966859 5366.702000000039 
112.12176047383073 -0.008765192704966859 5375.035000000039 
112.12176047383073 -0.008765192704966859 5383.368000000039 
112.12176047383073 -0.008765192704966859 5391.701000000038 
112.12176047383073 -0.008765192704966859 5400.034000000038 
112.12176047383073 -0.008765192704966859 5408.3670000000375 
112.12176047383073 -0.008765192704966859 5416.700000000037 
112.12176047383073 -0.008765192704966859 5425.033000000037 
112.12176047383073 -0.008765192704966859 5433.366000000036 
112.12176047383073 -0.008765192704966859 5441.699000000036 
112.12176047383073 -0.008765192704966859 5450.032000000036 
112.12176047383073 -0.008765192704966859 5458.365000000035 
112.12176047383073 -0.008765192704966859 5466.698000000035 
112.12176047383073 -0.008765192704966859 5475.0310000000345 
112.12176047383073 -0.008765192704966859 5483.364000000034 
112.12176047383073 -0.008765192704966859 5491.697000000034 
112.12176047383073 -0.008765192704966859 5500.030000000033 
112.12176047383073 -0.008765192704966859 5508.363000000033 
112.12176047383073 -0.008765192704966859 5516.696000000033 
112.12176047383073 -0.008765192704966859 5525.029000000032 
112.12176047383073 -0.008765192704966859 5533.362000000032 
112.12176047383073 -0.008765192704966859 5541.6950000000315 
112.12176047383073 -0.008765192704966859 5550.028000000031 
112.12176047383073 -0.008765192704966859 5558.361000000031 
112.12176047383073 -0.008765192704966859 5566.69400000003 
112.12176047383073 -0.008765192704966859 5575.02700000003 
112.12176047383073 -0.008765192704966859 5583.36000000003 
112.12176047383073 -0.008765192704966859 5591.693000000029 
112.12176047383073 -0.008765192704966859 5600.026000000029 
112.12176047383073 -0.008765192704966859 5608.359000000029 
112.12176047383073 -0.008765192704966859 5616.692000000028 
112.12176047383073 -0.008765192704966859 5625.025000000028 
112.12176047383073 -0.008765192704966859 5633.3580000000275 
112.12176047383073 -0.008765192704966859 5641.691000000027 
112.12176047383073 -0.008765192704966859 5650.024000000027 
112.12176047383073 -0.008765192704966859 5658.357000000026 
112.12176047383073 -0.008765192704966859 5666.690000000026 
112.12176047383073 -0.008765192704966859 5675.023000000026 
112.12176047383073 -0.008765192704966859 5683.356000000025 
112.12176047383073 -0.008765192704966859 5691.689000000025 
112.12176047383073 -0.008765192704966859 5700.0220000000245 
112.12176047383073 -0.008765192704966859 5708.355000000024 
112.12176047383073 -0.008765192704966859 5716.688000000024 
112.12176047383073 -0.008765192704966859 5725.021000000023 
112.12176047383073 -0.008765192704966859 5733.354000000023 
112.12176047383073 -0.008765192704966859 5741.687000000023 
112.12176047383073 -0.008765192704966859 5750.020000000022 
112.12176047383073 -0.008765192704966859 5758.353000000022 
112.12176047383073 -0.008765192704966859 5766.6860000000215 
112.12176047383073 -0.008765192704966859 5775.019000000021 
112.12176047383073 -0.008765192704966859 5783.352000000021 
112.12176047383073 -0.008765192704966859 5791.68500000002 
112.12176047383073 -0.008765192704966859 5800.01800000002 
112.12176047383073 -0.008765192704966859 5808.35100000002 
112.12176047383073 -0.008765192704966859 5816.684000000019 
112.12176047383073 -0.008765192704966859 5825.017000000019 
112.12176047383073 -0.008765192704966859 5833.350000000019 
112.12176047383073 -0.008765192704966859 5841.683000000018 
112.12176047383073 -0.008765192704966859 5850.016000000018 
112.12176047383073 -0.008765192704966859 5858.349000000017 
112.12176047383073 -0.008765192704966859 5866.682000000017 
112.12176047383073 -0.008765192704966859 5875.015000000017 
112.12176047383073 -0.008765192704966859 5883.348000000016 
112.12176047383073 -0.008765192704966859 5891.681000000016 
112.12176047383073 -0.008765192704966859 5900.014000000016 
112.12176047383073 -0.008765192704966859 5908.347000000015 
112.12176047383073 -0.008765192704966859 5916.680000000015 
112.12176047383073 -0.008765192704966859 5925.0130000000145 
112.12176047383073 -0.008765192704966859 5933.346000000014 
112.12176047383073 -0.008765192704966859 5941.679000000014 
112.12176047383073 -0.008765192704966859 5950.012000000013 
112.12176047383073 -0.008765192704966859 5958.345000000013 
112.12176047383073 -0.008765192704966859 5966.678000000013 
112.12176047383073 -0.008765192704966859 5975.011000000012 
112.12176047383073 -0.008765192704966859 5983.344000000012 
112.12176047383073 -0.008765192704966859 5991.6770000000115 
112.12176047383073 -0.008765192704966859 6000.010000000011 
112.12176047383073 -0.008765192704966859 6008.343000000011 
112.12176047383073 -0.008765192704966859 6016.67600000001 
112.12176047383073 -0.008765192704966859 6025.00900000001 
112.12176047383073 -0.008765192704966859 6033.34200000001 
112.12176047383073 -0.008765192704966859 6041.675000000009 
112.12176047383073 -0.008765192704966859 6050.008000000009 
112.12176047383073 -0.008765192704966859 6058.3410000000085 
112.12176047383073 -0.008765192704966859 6066.674000000008 
112.12176047383073 -0.008765192704966859 6075.007000000008 
112.12176047383073 -0.008765192704966859 6083.340000000007 
112.12176047383073 -0.008765192704966859 6091.673000000007 
112.12176047383073 -0.008765192704966859 6100.006000000007 
112.12176047383073 -0.008765192704966859 6108.339000000006 
112.12176047383073 -0.008765192704966859 6116.672000000006 
112.12176047383073 -0.008765192704966859 6125.005000000006 
112.12176047383073 -0.008765192704966859 6133.338000000005 
112.12176047383073 -0.008765192704966859 6141.671000000005 
112.12176047383073 -0.008765192704966859 6150.004000000004 
112.12176047383073 -0.008765192704966859 6158.337000000004 
112.12176047383073 -0.008765192704966859 6166.670000000004 
112.12176047383073 -0.008765192704966859 6175.003000000003 
112.12176047383073 -0.008765192704966859 6183.336000000003 
112.12176047383073 -0.008765192704966859 6191.669000000003 
112.12176047383073 -0.008765192704966859 6200.002000000002 
112.12176047383073 -0.008765192704966859 6208.335000000002 
112.12176047383073 -0.008765192704966859 6216.6680000000015 
112.12176047383073 -0.008765192704966859 6225.001000000001 
112.12176047383073 -0.008765192704966859 6233.334000000001 
112.12176047383073 -0.008765192704966859 6241.667 
112.12176047383073 -0.008765192704966859 6250.0 
112.12176047383073 -0.008765192704966859 6258.333 
112.12176047383073 -0.008765192704966859 6266.665999999999 
112.12176047383073 -0.008765192704966859 6274.998999999999 
112.12176047383073 -0.008765192704966859 6283.3319999999985 
112.12176047383073 -0.008765192704966859 6291.664999999998 
112.12176047383073 -0.008765192704966859 6299.997999999998 
112.12176047383073 -0.008765192704966859 6308.330999999997 
112.12176047383073 -0.008765192704966859 6316.663999999997 
112.12176047383073 -0.008765192704966859 6324.996999999997 
112.12176047383073 -0.008765192704966859 6333.329999999996 
112.12176047383073 -0.008765192704966859 6341.662999999996 
112.12176047383073 -0.008765192704966859 6349.995999999996 
112.12176047383073 -0.008765192704966859 6358.328999999995 
112.12176047383073 -0.008765192704966859 6366.661999999995 
112.12176047383073 -0.008765192704966859 6374.994999999994 
112.12176047383073 -0.008765192704966859 6383.327999999994 
112.12176047383073 -0.008765192704966859 6391.660999999994 
112.12176047383073 -0.008765192704966859 6399.993999999993 
112.12176047383073 -0.008765192704966859 6408.326999999993 
112.12176047383073 -0.008765192704966859 6416.659999999993 
112.12176047383073 -0.008765192704966859 6424.992999999992 
112.12176047383073 -0.008765192704966859 6433.325999999992 
112.12176047383073 -0.008765192704966859 6441.6589999999915 
112.12176047383073 -0.008765192704966859 6449.991999999991 
112.12176047383073 -0.008765192704966859 6458.324999999991 
112.12176047383073 -0.008765192704966859 6466.65799999999 
112.12176047383073 -0.008765192704966859 6474.99099999999 
112.12176047383073 -0.008765192704966859 6483.32399999999 
112.12176047383073 -0.008765192704966859 6491.656999999989 
112.12176047383073 -0.008765192704966859 6499.989999999989 
112.12176047383073 -0.008765192704966859 6508.3229999999885 
112.12176047383073 -0.008765192704966859 6516.655999999988 
112.12176047383073 -0.008765192704966859 6524.988999999988 
112.12176047383073 -0.008765192704966859 6533.321999999987 
112.12176047383073 -0.008765192704966859 6541.654999999987 
112.12176047383073 -0.008765192704966859 6549.987999999987 
112.12176047383073 -0.008765192704966859 6558.320999999986 
112.12176047383073 -0.008765192704966859 6566.653999999986 
112.12176047383073 -0.008765192704966859 6574.9869999999855 
112.12176047383073 -0.008765192704966859 6583.319999999985 
112.12176047383073 -0.008765192704966859 6591.652999999985 
112.12176047383073 -0.008765192704966859 6599.985999999984 
112.12176047383073 -0.008765192704966859 6608.318999999984 
112.12176047383073 -0.008765192704966859 6616.651999999984 
112.12176047383073 -0.008765192704966859 6624.984999999983 
112.12176047383073 -0.008765192704966859 6633.317999999983 
112.12176047383073 -0.008765192704966859 6641.650999999983 
112.12176047383073 -0.008765192704966859 6649.983999999982 
112.12176047383073 -0.008765192704966859 6658.316999999982 
112.12176047383073 -0.008765192704966859 6666.649999999981 
112.12176047383073 -0.008765192704966859 6674.982999999981 
112.12176047383073 -0.008765192704966859 6683.315999999981 
112.12176047383073 -0.008765192704966859 6691.64899999998 
112.12176047383073 -0.008765192704966859 6699.98199999998 
112.12176047383073 -0.008765192704966859 6708.31499999998 
112.12176047383073 -0.008765192704966859 6716.647999999979 
112.12176047383073 -0.008765192704966859 6724.980999999979 
112.12176047383073 -0.008765192704966859 6733.3139999999785 
112.12176047383073 -0.008765192704966859 6741.646999999978 
112.12176047383073 -0.008765192704966859 6749.979999999978 
112.12176047383073 -0.008765192704966859 6758.312999999977 
112.12176047383073 -0.008765192704966859 6766.645999999977 
112.12176047383073 -0.008765192704966859 6774.978999999977 
112.12176047383073 -0.008765192704966859 6783.311999999976 
112.12176047383073 -0.008765192704966859 6791.644999999976 
112.12176047383073 -0.008765192704966859 6799.9779999999755 
112.12176047383073 -0.008765192704966859 6808.310999999975 
112.12176047383073 -0.008765192704966859 6816.643999999975 
112.12176047383073 -0.008765192704966859 6824.976999999974 
112.12176047383073 -0.008765192704966859 6833.309999999974 
112.12176047383073 -0.008765192704966859 6841.642999999974 
112.12176047383073 -0.008765192704966859 6849.975999999973 
112.12176047383073 -0.008765192704966859 6858.308999999973 
112.12176047383073 -0.008765192704966859 6866.6419999999725 
112.12176047383073 -0.008765192704966859 6874.974999999972 
112.12176047383073 -0.008765192704966859 6883.307999999972 
112.12176047383073 -0.008765192704966859 6891.640999999971 
112.12176047383073 -0.008765192704966859 6899.973999999971 
112.12176047383073 -0.008765192704966859 6908.306999999971 
112.12176047383073 -0.008765192704966859 6916.63999999997 
112.12176047383073 -0.008765192704966859 6924.97299999997 
112.12176047383073 -0.008765192704966859 6933.30599999997 
112.12176047383073 -0.008765192704966859 6941.638999999969 
112.12176047383073 -0.008765192704966859 6949.971999999969 
112.12176047383073 -0.008765192704966859 6958.3049999999685 
112.12176047383073 -0.008765192704966859 6966.637999999968 
112.12176047383073 -0.008765192704966859 6974.970999999968 
112.12176047383073 -0.008765192704966859 6983.303999999967 
112.12176047383073 -0.008765192704966859 6991.636999999967 
112.12176047383073 -0.008765192704966859 6999.969999999967 
112.12176047383073 -0.008765192704966859 7008.302999999966 
112.12176047383073 -0.008765192704966859 7016.635999999966 
112.12176047383073 -0.008765192704966859 7024.9689999999655 
112.12176047383073 -0.008765192704966859 7033.301999999965 
112.12176047383073 -0.008765192704966859 7041.634999999965 
112.12176047383073 -0.008765192704966859 7049.967999999964 
112.12176047383073 -0.008765192704966859 7058.300999999964 
112.12176047383073 -0.008765192704966859 7066.633999999964 
112.12176047383073 -0.008765192704966859 7074.966999999963 
112.12176047383073 -0.008765192704966859 7083.299999999963 
112.12176047383073 -0.008765192704966859 7091.6329999999625 
112.12176047383073 -0.008765192704966859 7099.965999999962 
112.12176047383073 -0.008765192704966859 7108.298999999962 
112.12176047383073 -0.008765192704966859 7116.631999999961 
112.12176047383073 -0.008765192704966859 7124.964999999961 
112.12176047383073 -0.008765192704966859 7133.297999999961 
112.12176047383073 -0.008765192704966859 7141.63099999996 
112.12176047383073 -0.008765192704966859 7149.96399999996 
112.12176047383073 -0.008765192704966859 7158.29699999996 
112.12176047383073 -0.008765192704966859 7166.629999999959 
112.12176047383073 -0.008765192704966859 7174.962999999959 
112.12176047383073 -0.008765192704966859 7183.295999999958 
112.12176047383073 -0.008765192704966859 7191.628999999958 
112.12176047383073 -0.008765192704966859 7199.961999999958 
112.12176047383073 -0.008765192704966859 7208.294999999957 
112.12176047383073 -0.008765192704966859 7216.627999999957 
112.12176047383073 -0.008765192704966859 7224.960999999957 
112.12176047383073 -0.008765192704966859 7233.293999999956 
112.12176047383073 -0.008765192704966859 7241.626999999956 
112.12176047383073 -0.008765192704966859 7249.9599999999555 
112.12176047383073 -0.008765192704966859 7258.292999999955 
112.12176047383073 -0.008765192704966859 7266.625999999955 
112.12176047383073 -0.008765192704966859 7274.958999999954 
112.12176047383073 -0.008765192704966859 7283.291999999954 
112.12176047383073 -0.008765192704966859 7291.624999999954 
112.12176047383073 -0.008765192704966859 7299.957999999953 
112.12176047383073 -0.008765192704966859 7308.290999999953 
112.12176047383073 -0.008765192704966859 7316.6239999999525 
112.12176047383073 -0.008765192704966859 7324.956999999952 
112.12176047383073 -0.008765192704966859 7333.289999999952 
112.12176047383073 -0.008765192704966859 7341.622999999951 
112.12176047383073 -0.008765192704966859 7349.955999999951 
112.12176047383073 -0.008765192704966859 7358.288999999951 
112.12176047383073 -0.008765192704966859 7366.62199999995 
112.12176047383073 -0.008765192704966859 7374.95499999995 
112.12176047383073 -0.008765192704966859 7383.2879999999495 
112.12176047383073 -0.008765192704966859 7391.620999999949 
112.12176047383073 -0.008765192704966859 7399.953999999949 
112.12176047383073 -0.008765192704966859 7408.286999999948 
112.12176047383073 -0.008765192704966859 7416.619999999948 
112.12176047383073 -0.008765192704966859 7424.952999999948 
112.12176047383073 -0.008765192704966859 7433.285999999947 
112.12176047383073 -0.008765192704966859 7441.618999999947 
112.12176047383073 -0.008765192704966859 7449.951999999947 
112.12176047383073 -0.008765192704966859 7458.284999999946 
112.12176047383073 -0.008765192704966859 7466.617999999946 
112.12176047383073 -0.008765192704966859 7474.950999999945 
112.12176047383073 -0.008765192704966859 7483.283999999945 
112.12176047383073 -0.008765192704966859 7491.616999999945 
112.12176047383073 -0.008765192704966859 7499.949999999944 
112.12176047383073 -0.008765192704966859 7508.282999999944 
112.12176047383073 -0.008765192704966859 7516.615999999944 
112.12176047383073 -0.008765192704966859 7524.948999999943 
112.12176047383073 -0.008765192704966859 7533.281999999943 
112.12176047383073 -0.008765192704966859 7541.6149999999425 
112.12176047383073 -0.008765192704966859 7549.947999999942 
112.12176047383073 -0.008765192704966859 7558.280999999942 
112.12176047383073 -0.008765192704966859 7566.613999999941 
112.12176047383073 -0.008765192704966859 7574.946999999941 
112.12176047383073 -0.008765192704966859 7583.279999999941 
112.12176047383073 -0.008765192704966859 7591.61299999994 
112.12176047383073 -0.008765192704966859 7599.94599999994 
112.12176047383073 -0.008765192704966859 7608.2789999999395 
112.12176047383073 -0.008765192704966859 7616.611999999939 
112.12176047383073 -0.008765192704966859 7624.944999999939 
112.12176047383073 -0.008765192704966859 7633.277999999938 
112.12176047383073 -0.008765192704966859 7641.610999999938 
112.12176047383073 -0.008765192704966859 7649.943999999938 
112.12176047383073 -0.008765192704966859 7658.276999999937 
112.12176047383073 -0.008765192704966859 7666.609999999937 
112.12176047383073 -0.008765192704966859 7674.942999999937 
112.12176047383073 -0.008765192704966859 7683.275999999936 
112.12176047383073 -0.008765192704966859 7691.608999999936 
112.12176047383073 -0.008765192704966859 7699.941999999935 
112.12176047383073 -0.008765192704966859 7708.274999999935 
112.12176047383073 -0.008765192704966859 7716.607999999935 
112.12176047383073 -0.008765192704966859 7724.940999999934 
112.12176047383073 -0.008765192704966859 7733.273999999934 
112.12176047383073 -0.008765192704966859 7741.606999999934 
112.12176047383073 -0.008765192704966859 7749.939999999933 
112.12176047383073 -0.008765192704966859 7758.272999999933 
112.12176047383073 -0.008765192704966859 7766.6059999999325 
112.12176047383073 -0.008765192704966859 7774.938999999932 
112.12176047383073 -0.008765192704966859 7783.271999999932 
112.12176047383073 -0.008765192704966859 7791.604999999931 
112.12176047383073 -0.008765192704966859 7799.937999999931 
112.12176047383073 -0.008765192704966859 7808.270999999931 
112.12176047383073 -0.008765192704966859 7816.60399999993 
112.12176047383073 -0.008765192704966859 7824.93699999993 
112.12176047383073 -0.008765192704966859 7833.2699999999295 
112.12176047383073 -0.008765192704966859 7841.602999999929 
112.12176047383073 -0.008765192704966859 7849.935999999929 
112.12176047383073 -0.008765192704966859 7858.268999999928 
112.12176047383073 -0.008765192704966859 7866.601999999928 
112.12176047383073 -0.008765192704966859 7874.934999999928 
112.12176047383073 -0.008765192704966859 7883.267999999927 
112.12176047383073 -0.008765192704966859 7891.600999999927 
112.12176047383073 -0.008765192704966859 7899.9339999999265 
112.12176047383073 -0.008765192704966859 7908.266999999926 
112.12176047383073 -0.008765192704966859 7916.599999999926 
112.12176047383073 -0.008765192704966859 7924.932999999925 
112.12176047383073 -0.008765192704966859 7933.265999999925 
112.12176047383073 -0.008765192704966859 7941.598999999925 
112.12176047383073 -0.008765192704966859 7949.931999999924 
112.12176047383073 -0.008765192704966859 7958.264999999924 
112.12176047383073 -0.008765192704966859 7966.597999999924 
112.12176047383073 -0.008765192704966859 7974.930999999923 
112.12176047383073 -0.008765192704966859 7983.263999999923 
112.12176047383073 -0.008765192704966859 7991.596999999922 
112.12176047383073 -0.008765192704966859 7999.929999999922 
112.12176047383073 -0.008765192704966859 8008.262999999922 
112.12176047383073 -0.008765192704966859 8016.595999999921 
112.12176047383073 -0.008765192704966859 8024.928999999921 
112.12176047383073 -0.008765192704966859 8033.261999999921 
112.12176047383073 -0.008765192704966859 8041.59499999992 
112.12176047383073 -0.008765192704966859 8049.92799999992 
112.12176047383073 -0.008765192704966859 8058.2609999999195 
112.12176047383073 -0.008765192704966859 8066.593999999919 
112.12176047383073 -0.008765192704966859 8074.926999999919 
112.12176047383073 -0.008765192704966859 8083.259999999918 
112.12176047383073 -0.008765192704966859 8091.592999999918 
112.12176047383073 -0.008765192704966859 8099.925999999918 
112.12176047383073 -0.008765192704966859 8108.258999999917 
112.12176047383073 -0.008765192704966859 8116.591999999917 
112.12176047383073 -0.008765192704966859 8124.9249999999165 
112.12176047383073 -0.008765192704966859 8133.257999999916 
112.12176047383073 -0.008765192704966859 8141.590999999916 
112.12176047383073 -0.008765192704966859 8149.923999999915 
112.12176047383073 -0.008765192704966859 8158.256999999915 
112.12176047383073 -0.008765192704966859 8166.589999999915 
112.12176047383073 -0.008765192704966859 8174.922999999914 
112.12176047383073 -0.008765192704966859 8183.255999999914 
112.12176047383073 -0.008765192704966859 8191.5889999999135 
112.12176047383073 -0.008765192704966859 8199.921999999913 
112.12176047383073 -0.008765192704966859 8208.254999999914 
112.12176047383073 -0.008765192704966859 8216.587999999912 
112.12176047383073 -0.008765192704966859 8224.920999999911 
112.12176047383073 -0.008765192704966859 8233.253999999912 
112.12176047383073 -0.008765192704966859 8241.586999999912 
112.12176047383073 -0.008765192704966859 8249.919999999911 
112.12176047383073 -0.008765192704966859 8258.25299999991 
112.12176047383073 -0.008765192704966859 8266.58599999991 
112.12176047383073 -0.008765192704966859 8274.91899999991 
112.12176047383073 -0.008765192704966859 8283.25199999991 
112.12176047383073 -0.008765192704966859 8291.584999999908 
112.12176047383073 -0.008765192704966859 8299.917999999909 
112.12176047383073 -0.008765192704966859 8308.25099999991 
112.12176047383073 -0.008765192704966859 8316.583999999908 
112.12176047383073 -0.008765192704966859 8324.916999999907 
112.12176047383073 -0.008765192704966859 8333.249999999907 
112.12176047383073 -0.008765192704966859 8341.582999999908 
112.12176047383073 -0.008765192704966859 8349.915999999906 
112.12176047383073 -0.008765192704966859 8358.248999999905 
112.12176047383073 -0.008765192704966859 8366.581999999906 
112.12176047383073 -0.008765192704966859 8374.914999999906 
112.12176047383073 -0.008765192704966859 8383.247999999905 
112.12176047383073 -0.008765192704966859 8391.580999999904 
112.12176047383073 -0.008765192704966859 8399.913999999904 
112.12176047383073 -0.008765192704966859 8408.246999999905 
112.12176047383073 -0.008765192704966859 8416.579999999904 
112.12176047383073 -0.008765192704966859 8424.912999999902 
112.12176047383073 -0.008765192704966859 8433.245999999903 
112.12176047383073 -0.008765192704966859 8441.578999999903 
112.12176047383073 -0.008765192704966859 8449.911999999902 
112.12176047383073 -0.008765192704966859 8458.2449999999 
112.12176047383073 -0.008765192704966859 8466.577999999901 
112.12176047383073 -0.008765192704966859 8474.910999999902 
112.12176047383073 -0.008765192704966859 8483.2439999999 
112.12176047383073 -0.008765192704966859 8491.5769999999 
112.12176047383073 -0.008765192704966859 8499.9099999999 
112.12176047383073 -0.008765192704966859 8508.2429999999 
112.12176047383073 -0.008765192704966859 8516.575999999899 
112.12176047383073 -0.008765192704966859 8524.908999999898 
112.12176047383073 -0.008765192704966859 8533.241999999898 
112.12176047383073 -0.008765192704966859 8541.574999999899 
112.12176047383073 -0.008765192704966859 8549.907999999898 
112.12176047383073 -0.008765192704966859 8558.240999999896 
112.12176047383073 -0.008765192704966859 8566.573999999897 
112.12176047383073 -0.008765192704966859 8574.906999999897 
112.12176047383073 -0.008765192704966859 8583.239999999896 
112.12176047383073 -0.008765192704966859 8591.572999999895 
112.12176047383073 -0.008765192704966859 8599.905999999895 
112.12176047383073 -0.008765192704966859 8608.238999999896 
112.12176047383073 -0.008765192704966859 8616.571999999895 
112.12176047383073 -0.008765192704966859 8624.904999999893 
112.12176047383073 -0.008765192704966859 8633.237999999894 
112.12176047383073 -0.008765192704966859 8641.570999999894 
112.12176047383073 -0.008765192704966859 8649.903999999893 
112.12176047383073 -0.008765192704966859 8658.236999999892 
112.12176047383073 -0.008765192704966859 8666.569999999892 
112.12176047383073 -0.008765192704966859 8674.902999999893 
112.12176047383073 -0.008765192704966859 8683.235999999892 
112.12176047383073 -0.008765192704966859 8691.56899999989 
112.12176047383073 -0.008765192704966859 8699.90199999989 
112.12176047383073 -0.008765192704966859 8708.234999999891 
112.12176047383073 -0.008765192704966859 8716.56799999989 
112.12176047383073 -0.008765192704966859 8724.900999999889 
112.12176047383073 -0.008765192704966859 8733.23399999989 
112.12176047383073 -0.008765192704966859 8741.56699999989 
112.12176047383073 -0.008765192704966859 8749.899999999889 
112.12176047383073 -0.008765192704966859 8758.232999999887 
112.12176047383073 -0.008765192704966859 8766.565999999888 
112.12176047383073 -0.008765192704966859 8774.898999999888 
112.12176047383073 -0.008765192704966859 8783.231999999887 
112.12176047383073 -0.008765192704966859 8791.564999999886 
112.12176047383073 -0.008765192704966859 8799.897999999886 
112.12176047383073 -0.008765192704966859 8808.230999999887 
112.12176047383073 -0.008765192704966859 8816.563999999886 
112.12176047383073 -0.008765192704966859 8824.896999999884 
112.12176047383073 -0.008765192704966859 8833.229999999885 
112.12176047383073 -0.008765192704966859 8841.562999999886 
112.12176047383073 -0.008765192704966859 8849.895999999884 
112.12176047383073 -0.008765192704966859 8858.228999999883 
112.12176047383073 -0.008765192704966859 8866.561999999883 
112.12176047383073 -0.008765192704966859 8874.894999999884 
112.12176047383073 -0.008765192704966859 8883.227999999883 
112.12176047383073 -0.008765192704966859 8891.560999999881 
112.12176047383073 -0.008765192704966859 8899.893999999882 
112.12176047383073 -0.008765192704966859 8908.226999999883 
112.12176047383073 -0.008765192704966859 8916.559999999881 
112.12176047383073 -0.008765192704966859 8924.89299999988 
112.12176047383073 -0.008765192704966859 8933.22599999988 
112.12176047383073 -0.008765192704966859 8941.558999999881 
112.12176047383073 -0.008765192704966859 8949.89199999988 
112.12176047383073 -0.008765192704966859 8958.224999999878 
112.12176047383073 -0.008765192704966859 8966.557999999879 
112.12176047383073 -0.008765192704966859 8974.89099999988 
112.12176047383073 -0.008765192704966859 8983.223999999878 
112.12176047383073 -0.008765192704966859 8991.556999999877 
112.12176047383073 -0.008765192704966859 8999.889999999878 
112.12176047383073 -0.008765192704966859 9008.222999999878 
112.12176047383073 -0.008765192704966859 9016.555999999877 
112.12176047383073 -0.008765192704966859 9024.888999999876 
112.12176047383073 -0.008765192704966859 9033.221999999876 
112.12176047383073 -0.008765192704966859 9041.554999999877 
112.12176047383073 -0.008765192704966859 9049.887999999875 
112.12176047383073 -0.008765192704966859 9058.220999999874 
112.12176047383073 -0.008765192704966859 9066.553999999875 
112.12176047383073 -0.008765192704966859 9074.886999999875 
112.12176047383073 -0.008765192704966859 9083.219999999874 
112.12176047383073 -0.008765192704966859 9091.552999999873 
112.12176047383073 -0.008765192704966859 9099.885999999873 
112.12176047383073 -0.008765192704966859 9108.218999999874 
112.12176047383073 -0.008765192704966859 9116.551999999872 
112.12176047383073 -0.008765192704966859 9124.884999999871 
112.12176047383073 -0.008765192704966859 9133.217999999872 
112.12176047383073 -0.008765192704966859 9141.550999999872 
112.12176047383073 -0.008765192704966859 9149.88399999987 
112.12176047383073 -0.008765192704966859 9158.21699999987 
112.12176047383073 -0.008765192704966859 9166.54999999987 
112.12176047383073 -0.008765192704966859 9174.88299999987 
112.12176047383073 -0.008765192704966859 9183.21599999987 
112.12176047383073 -0.008765192704966859 9191.548999999868 
112.12176047383073 -0.008765192704966859 9199.881999999869 
112.12176047383073 -0.008765192704966859 9208.21499999987 
112.12176047383073 -0.008765192704966859 9216.547999999868 
112.12176047383073 -0.008765192704966859 9224.880999999867 
112.12176047383073 -0.008765192704966859 9233.213999999867 
112.12176047383073 -0.008765192704966859 9241.546999999868 
112.12176047383073 -0.008765192704966859 9249.879999999866 
112.12176047383073 -0.008765192704966859 9258.212999999865 
112.12176047383073 -0.008765192704966859 9266.545999999866 
112.12176047383073 -0.008765192704966859 9274.878999999866 
112.12176047383073 -0.008765192704966859 9283.211999999865 
112.12176047383073 -0.008765192704966859 9291.544999999864 
112.12176047383073 -0.008765192704966859 9299.877999999864 
112.12176047383073 -0.008765192704966859 9308.210999999865 
112.12176047383073 -0.008765192704966859 9316.543999999863 
112.12176047383073 -0.008765192704966859 9324.876999999862 
112.12176047383073 -0.008765192704966859 9333.209999999863 
112.12176047383073 -0.008765192704966859 9341.542999999863 
112.12176047383073 -0.008765192704966859 9349.875999999862 
112.12176047383073 -0.008765192704966859 9358.20899999986 
112.12176047383073 -0.008765192704966859 9366.541999999861 
112.12176047383073 -0.008765192704966859 9374.874999999862 
112.12176047383073 -0.008765192704966859 9383.20799999986 
112.12176047383073 -0.008765192704966859 9391.54099999986 
112.12176047383073 -0.008765192704966859 9399.87399999986 
112.12176047383073 -0.008765192704966859 9408.20699999986 
112.12176047383073 -0.008765192704966859 9416.539999999859 
112.12176047383073 -0.008765192704966859 9424.872999999858 
112.12176047383073 -0.008765192704966859 9433.205999999858 
112.12176047383073 -0.008765192704966859 9441.538999999859 
112.12176047383073 -0.008765192704966859 9449.871999999858 
112.12176047383073 -0.008765192704966859 9458.204999999856 
112.12176047383073 -0.008765192704966859 9466.537999999857 
112.12176047383073 -0.008765192704966859 9474.870999999857 
112.12176047383073 -0.008765192704966859 9483.203999999856 
112.12176047383073 -0.008765192704966859 9491.536999999855 
112.12176047383073 -0.008765192704966859 9499.869999999855 
112.12176047383073 -0.008765192704966859 9508.202999999856 
112.12176047383073 -0.008765192704966859 9516.535999999855 
112.12176047383073 -0.008765192704966859 9524.868999999853 
112.12176047383073 -0.008765192704966859 9533.201999999854 
112.12176047383073 -0.008765192704966859 9541.534999999854 
112.12176047383073 -0.008765192704966859 9549.867999999853 
112.12176047383073 -0.008765192704966859 9558.200999999852 
112.12176047383073 -0.008765192704966859 9566.533999999852 
112.12176047383073 -0.008765192704966859 9574.866999999853 
112.12176047383073 -0.008765192704966859 9583.199999999852 
112.12176047383073 -0.008765192704966859 9591.53299999985 
112.12176047383073 -0.008765192704966859 9599.86599999985 
112.12176047383073 -0.008765192704966859 9608.198999999851 
112.12176047383073 -0.008765192704966859 9616.53199999985 
112.12176047383073 -0.008765192704966859 9624.864999999849 
112.12176047383073 -0.008765192704966859 9633.19799999985 
112.12176047383073 -0.008765192704966859 9641.53099999985 
112.12176047383073 -0.008765192704966859 9649.863999999849 
112.12176047383073 -0.008765192704966859 9658.196999999847 
112.12176047383073 -0.008765192704966859 9666.529999999848 
112.12176047383073 -0.008765192704966859 9674.862999999848 
112.12176047383073 -0.008765192704966859 9683.195999999847 
112.12176047383073 -0.008765192704966859 9691.528999999846 
112.12176047383073 -0.008765192704966859 9699.861999999846 
112.12176047383073 -0.008765192704966859 9708.194999999847 
112.12176047383073 -0.008765192704966859 9716.527999999846 
112.12176047383073 -0.008765192704966859 9724.860999999844 
112.12176047383073 -0.008765192704966859 9733.193999999845 
112.12176047383073 -0.008765192704966859 9741.526999999845 
112.12176047383073 -0.008765192704966859 9749.859999999844 
112.12176047383073 -0.008765192704966859 9758.192999999843 
112.12176047383073 -0.008765192704966859 9766.525999999843 
112.12176047383073 -0.008765192704966859 9774.858999999844 
112.12176047383073 -0.008765192704966859 9783.191999999843 
112.12176047383073 -0.008765192704966859 9791.524999999841 
112.12176047383073 -0.008765192704966859 9799.857999999842 
112.12176047383073 -0.008765192704966859 9808.190999999842 
112.12176047383073 -0.008765192704966859 9816.523999999841 
112.12176047383073 -0.008765192704966859 9824.85699999984 
112.12176047383073 -0.008765192704966859 9833.18999999984 
112.12176047383073 -0.008765192704966859 9841.522999999841 
112.12176047383073 -0.008765192704966859 9849.85599999984 
112.12176047383073 -0.008765192704966859 9858.188999999838 
112.12176047383073 -0.008765192704966859 9866.521999999839 
112.12176047383073 -0.008765192704966859 9874.85499999984 
112.12176047383073 -0.008765192704966859 9883.187999999838 
112.12176047383073 -0.008765192704966859 9891.520999999837 
112.12176047383073 -0.008765192704966859 9899.853999999837 
112.12176047383073 -0.008765192704966859 9908.186999999838 
112.12176047383073 -0.008765192704966859 9916.519999999837 
112.12176047383073 -0.008765192704966859 9924.852999999835 
112.12176047383073 -0.008765192704966859 9933.185999999836 
112.12176047383073 -0.008765192704966859 9941.518999999837 
112.12176047383073 -0.008765192704966859 9949.851999999835 
112.12176047383073 -0.008765192704966859 9958.184999999834 
112.12176047383073 -0.008765192704966859 9966.517999999835 
112.12176047383073 -0.008765192704966859 9974.850999999835 
112.12176047383073 -0.008765192704966859 9983.183999999834 
112.12176047383073 -0.008765192704966859 9991.516999999832 
112.12176047383073 -0.008765192704966859 9999.849999999833 
112.12176047383073 -0.008765192704966859 10008.182999999834 
112.12176047383073 -0.008765192704966859 10016.515999999832 
112.12176047383073 -0.008765192704966859 10024.848999999831 
112.12176047383073 -0.008765192704966859 10033.181999999832 
112.12176047383073 -0.008765192704966859 10041.514999999832 
112.12176047383073 -0.008765192704966859 10049.84799999983 
112.12176047383073 -0.008765192704966859 10058.18099999983 
112.12176047383073 -0.008765192704966859 10066.51399999983 
112.12176047383073 -0.008765192704966859 10074.84699999983 
112.12176047383073 -0.008765192704966859 10083.17999999983 
112.12176047383073 -0.008765192704966859 10091.512999999828 
112.12176047383073 -0.008765192704966859 10099.845999999829 
112.12176047383073 -0.008765192704966859 10108.17899999983 
112.12176047383073 -0.008765192704966859 10116.511999999828 
112.12176047383073 -0.008765192704966859 10124.844999999827 
112.12176047383073 -0.008765192704966859 10133.177999999827 
112.12176047383073 -0.008765192704966859 10141.510999999828 
112.12176047383073 -0.008765192704966859 10149.843999999826 
112.12176047383073 -0.008765192704966859 10158.176999999825 
112.12176047383073 -0.008765192704966859 10166.509999999826 
112.12176047383073 -0.008765192704966859 10174.842999999826 
112.12176047383073 -0.008765192704966859 10183.175999999825 
112.12176047383073 -0.008765192704966859 10191.508999999824 
112.12176047383073 -0.008765192704966859 10199.841999999824 
112.12176047383073 -0.008765192704966859 10208.174999999825 
112.12176047383073 -0.008765192704966859 10216.507999999823 
112.12176047383073 -0.008765192704966859 10224.840999999822 
112.12176047383073 -0.008765192704966859 10233.173999999823 
112.12176047383073 -0.008765192704966859 10241.506999999823 
112.12176047383073 -0.008765192704966859 10249.839999999822 
112.12176047383073 -0.008765192704966859 10258.17299999982 
112.12176047383073 -0.008765192704966859 10266.505999999821 
112.12176047383073 -0.008765192704966859 10274.838999999822 
112.12176047383073 -0.008765192704966859 10283.17199999982 
112.12176047383073 -0.008765192704966859 10291.50499999982 
112.12176047383073 -0.008765192704966859 10299.83799999982 
112.12176047383073 -0.008765192704966859 10308.17099999982 
112.12176047383073 -0.008765192704966859 10316.503999999819 
112.12176047383073 -0.008765192704966859 10324.836999999818 
112.12176047383073 -0.008765192704966859 10333.169999999818 
112.12176047383073 -0.008765192704966859 10341.502999999819 
112.12176047383073 -0.008765192704966859 10349.835999999817 
112.12176047383073 -0.008765192704966859 10358.168999999816 
112.12176047383073 -0.008765192704966859 10366.501999999817 
112.12176047383073 -0.008765192704966859 10374.834999999817 
112.12176047383073 -0.008765192704966859 10383.167999999816 
112.12176047383073 -0.008765192704966859 10391.500999999815 
112.12176047383073 -0.008765192704966859 10399.833999999815 
112.12176047383073 -0.008765192704966859 10408.166999999816 
112.12176047383073 -0.008765192704966859 10416.499999999814 
112.12176047383073 -0.008765192704966859 10424.832999999813 
112.12176047383073 -0.008765192704966859 10433.165999999814 
112.12176047383073 -0.008765192704966859 10441.498999999814 
112.12176047383073 -0.008765192704966859 10449.831999999813 
112.12176047383073 -0.008765192704966859 10458.164999999812 
112.12176047383073 -0.008765192704966859 10466.497999999812 
112.12176047383073 -0.008765192704966859 10474.830999999813 
112.12176047383073 -0.008765192704966859 10483.163999999811 
112.12176047383073 -0.008765192704966859 10491.49699999981 
112.12176047383073 -0.008765192704966859 10499.82999999981 
112.12176047383073 -0.008765192704966859 10508.162999999811 
112.12176047383073 -0.008765192704966859 10516.49599999981 
112.12176047383073 -0.008765192704966859 10524.828999999809 
112.12176047383073 -0.008765192704966859 10533.16199999981 
112.12176047383073 -0.008765192704966859 10541.49499999981 
112.12176047383073 -0.008765192704966859 10549.827999999809 
112.12176047383073 -0.008765192704966859 10558.160999999807 
112.12176047383073 -0.008765192704966859 10566.493999999808 
112.12176047383073 -0.008765192704966859 10574.826999999808 
112.12176047383073 -0.008765192704966859 10583.159999999807 
112.12176047383073 -0.008765192704966859 10591.492999999806 
112.12176047383073 -0.008765192704966859 10599.825999999806 
112.12176047383073 -0.008765192704966859 10608.158999999807 
112.12176047383073 -0.008765192704966859 10616.491999999806 
112.12176047383073 -0.008765192704966859 10624.824999999804 
112.12176047383073 -0.008765192704966859 10633.157999999805 
112.12176047383073 -0.008765192704966859 10641.490999999805 
112.12176047383073 -0.008765192704966859 10649.823999999804 
112.12176047383073 -0.008765192704966859 10658.156999999803 
112.12176047383073 -0.008765192704966859 10666.489999999803 
112.12176047383073 -0.008765192704966859 10674.822999999804 
112.12176047383073 -0.008765192704966859 10683.155999999803 
112.12176047383073 -0.008765192704966859 10691.488999999801 
112.12176047383073 -0.008765192704966859 10699.821999999802 
112.12176047383073 -0.008765192704966859 10708.154999999802 
112.12176047383073 -0.008765192704966859 10716.487999999801 
112.12176047383073 -0.008765192704966859 10724.8209999998 
112.12176047383073 -0.008765192704966859 10733.1539999998 
112.12176047383073 -0.008765192704966859 10741.4869999998 
112.12176047383073 -0.008765192704966859 10749.8199999998 
112.12176047383073 -0.008765192704966859 10758.152999999798 
112.12176047383073 -0.008765192704966859 10766.485999999799 
112.12176047383073 -0.008765192704966859 10774.8189999998 
112.12176047383073 -0.008765192704966859 10783.151999999798 
112.12176047383073 -0.008765192704966859 10791.484999999797 
112.12176047383073 -0.008765192704966859 10799.817999999797 
112.12176047383073 -0.008765192704966859 10808.150999999798 
112.12176047383073 -0.008765192704966859 10816.483999999797 
112.12176047383073 -0.008765192704966859 10824.816999999795 
112.12176047383073 -0.008765192704966859 10833.149999999796 
112.12176047383073 -0.008765192704966859 10841.482999999796 
112.12176047383073 -0.008765192704966859 10849.815999999795 
112.12176047383073 -0.008765192704966859 10858.148999999794 
112.12176047383073 -0.008765192704966859 10866.481999999794 
112.12176047383073 -0.008765192704966859 10874.814999999795 
112.12176047383073 -0.008765192704966859 10883.147999999794 
112.12176047383073 -0.008765192704966859 10891.480999999792 
112.12176047383073 -0.008765192704966859 10899.813999999793 
112.12176047383073 -0.008765192704966859 10908.146999999793 
112.12176047383073 -0.008765192704966859 10916.479999999792 
112.12176047383073 -0.008765192704966859 10924.812999999791 
112.12176047383073 -0.008765192704966859 10933.145999999791 
112.12176047383073 -0.008765192704966859 10941.478999999792 
112.12176047383073 -0.008765192704966859 10949.81199999979 
112.12176047383073 -0.008765192704966859 10958.14499999979 
112.12176047383073 -0.008765192704966859 10966.47799999979 
112.12176047383073 -0.008765192704966859 10974.81099999979 
112.12176047383073 -0.008765192704966859 10983.14399999979 
112.12176047383073 -0.008765192704966859 10991.476999999788 
112.12176047383073 -0.008765192704966859 10999.809999999788 
112.12176047383073 -0.008765192704966859 11008.142999999789 
112.12176047383073 -0.008765192704966859 11016.475999999788 
112.12176047383073 -0.008765192704966859 11024.808999999786 
112.12176047383073 -0.008765192704966859 11033.141999999787 
112.12176047383073 -0.008765192704966859 11041.474999999788 
112.12176047383073 -0.008765192704966859 11049.807999999786 
112.12176047383073 -0.008765192704966859 11058.140999999785 
112.12176047383073 -0.008765192704966859 11066.473999999786 
112.12176047383073 -0.008765192704966859 11074.806999999786 
112.12176047383073 -0.008765192704966859 11083.139999999785 
112.12176047383073 -0.008765192704966859 11091.472999999783 
112.12176047383073 -0.008765192704966859 11099.805999999784 
112.12176047383073 -0.008765192704966859 11108.138999999785 
112.12176047383073 -0.008765192704966859 11116.471999999783 
112.12176047383073 -0.008765192704966859 11124.804999999782 
112.12176047383073 -0.008765192704966859 11133.137999999783 
112.12176047383073 -0.008765192704966859 11141.470999999783 
112.12176047383073 -0.008765192704966859 11149.803999999782 
112.12176047383073 -0.008765192704966859 11158.13699999978 
112.12176047383073 -0.008765192704966859 11166.469999999781 
112.12176047383073 -0.008765192704966859 11174.802999999782 
112.12176047383073 -0.008765192704966859 11183.13599999978 
112.12176047383073 -0.008765192704966859 11191.468999999779 
112.12176047383073 -0.008765192704966859 11199.80199999978 
112.12176047383073 -0.008765192704966859 11208.13499999978 
112.12176047383073 -0.008765192704966859 11216.467999999779 
112.12176047383073 -0.008765192704966859 11224.800999999778 
112.12176047383073 -0.008765192704966859 11233.133999999778 
112.12176047383073 -0.008765192704966859 11241.466999999779 
112.12176047383073 -0.008765192704966859 11249.799999999777 
112.12176047383073 -0.008765192704966859 11258.132999999776 
112.12176047383073 -0.008765192704966859 11266.465999999777 
112.12176047383073 -0.008765192704966859 11274.798999999777 
112.12176047383073 -0.008765192704966859 11283.131999999776 
112.12176047383073 -0.008765192704966859 11291.464999999775 
112.12176047383073 -0.008765192704966859 11299.797999999775 
112.12176047383073 -0.008765192704966859 11308.130999999776 
112.12176047383073 -0.008765192704966859 11316.463999999774 
112.12176047383073 -0.008765192704966859 11324.796999999773 
112.12176047383073 -0.008765192704966859 11333.129999999774 
112.12176047383073 -0.008765192704966859 11341.462999999774 
112.12176047383073 -0.008765192704966859 11349.795999999773 
112.12176047383073 -0.008765192704966859 11358.128999999772 
112.12176047383073 -0.008765192704966859 11366.461999999772 
112.12176047383073 -0.008765192704966859 11374.794999999773 
112.12176047383073 -0.008765192704966859 11383.127999999771 
112.12176047383073 -0.008765192704966859 11391.46099999977 
112.12176047383073 -0.008765192704966859 11399.79399999977 
112.12176047383073 -0.008765192704966859 11408.126999999771 
112.12176047383073 -0.008765192704966859 11416.45999999977 
112.12176047383073 -0.008765192704966859 11424.792999999769 
112.12176047383073 -0.008765192704966859 11433.12599999977 
112.12176047383073 -0.008765192704966859 11441.45899999977 
112.12176047383073 -0.008765192704966859 11449.791999999768 
112.12176047383073 -0.008765192704966859 11458.124999999767 
112.12176047383073 -0.008765192704966859 11466.457999999768 
112.12176047383073 -0.008765192704966859 11474.790999999768 
112.12176047383073 -0.008765192704966859 11483.123999999767 
112.12176047383073 -0.008765192704966859 11491.456999999766 
112.12176047383073 -0.008765192704966859 11499.789999999766 
112.12176047383073 -0.008765192704966859 11508.122999999767 
112.12176047383073 -0.008765192704966859 11516.455999999765 
112.12176047383073 -0.008765192704966859 11524.788999999764 
112.12176047383073 -0.008765192704966859 11533.121999999765 
112.12176047383073 -0.008765192704966859 11541.454999999765 
112.12176047383073 -0.008765192704966859 11549.787999999764 
112.12176047383073 -0.008765192704966859 11558.120999999763 
112.12176047383073 -0.008765192704966859 11566.453999999763 
112.12176047383073 -0.008765192704966859 11574.786999999764 
112.12176047383073 -0.008765192704966859 11583.119999999763 
112.12176047383073 -0.008765192704966859 11591.452999999761 
112.12176047383073 -0.008765192704966859 11599.785999999762 
112.12176047383073 -0.008765192704966859 11608.118999999762 
112.12176047383073 -0.008765192704966859 11616.451999999761 
112.12176047383073 -0.008765192704966859 11624.78499999976 
112.12176047383073 -0.008765192704966859 11633.11799999976 
112.12176047383073 -0.008765192704966859 11641.45099999976 
112.12176047383073 -0.008765192704966859 11649.78399999976 
112.12176047383073 -0.008765192704966859 11658.116999999758 
112.12176047383073 -0.008765192704966859 11666.449999999759 
112.12176047383073 -0.008765192704966859 11674.78299999976 
112.12176047383073 -0.008765192704966859 11683.115999999758 
112.12176047383073 -0.008765192704966859 11691.448999999757 
112.12176047383073 -0.008765192704966859 11699.781999999757 
112.12176047383073 -0.008765192704966859 11708.114999999758 
112.12176047383073 -0.008765192704966859 11716.447999999757 
112.12176047383073 -0.008765192704966859 11724.780999999755 
112.12176047383073 -0.008765192704966859 11733.113999999756 
112.12176047383073 -0.008765192704966859 11741.446999999756 
112.12176047383073 -0.008765192704966859 11749.779999999755 
112.12176047383073 -0.008765192704966859 11758.112999999754 
112.12176047383073 -0.008765192704966859 11766.445999999754 
112.12176047383073 -0.008765192704966859 11774.778999999755 
112.12176047383073 -0.008765192704966859 11783.111999999754 
112.12176047383073 -0.008765192704966859 11791.444999999752 
112.12176047383073 -0.008765192704966859 11799.777999999753 
112.12176047383073 -0.008765192704966859 11808.110999999753 
112.12176047383073 -0.008765192704966859 11816.443999999752 
112.12176047383073 -0.008765192704966859 11824.77699999975 
112.12176047383073 -0.008765192704966859 11833.109999999751 
112.12176047383073 -0.008765192704966859 11841.442999999752 
112.12176047383073 -0.008765192704966859 11849.77599999975 
112.12176047383073 -0.008765192704966859 11858.10899999975 
112.12176047383073 -0.008765192704966859 11866.44199999975 
112.12176047383073 -0.008765192704966859 11874.77499999975 
112.12176047383073 -0.008765192704966859 11883.10799999975 
112.12176047383073 -0.008765192704966859 11891.440999999748 
112.12176047383073 -0.008765192704966859 11899.773999999748 
112.12176047383073 -0.008765192704966859 11908.106999999749 
112.12176047383073 -0.008765192704966859 11916.439999999748 
112.12176047383073 -0.008765192704966859 11924.772999999746 
112.12176047383073 -0.008765192704966859 11933.105999999747 
112.12176047383073 -0.008765192704966859 11941.438999999747 
112.12176047383073 -0.008765192704966859 11949.771999999746 
112.12176047383073 -0.008765192704966859 11958.104999999745 
112.12176047383073 -0.008765192704966859 11966.437999999745 
112.12176047383073 -0.008765192704966859 11974.770999999746 
112.12176047383073 -0.008765192704966859 11983.103999999745 
112.12176047383073 -0.008765192704966859 11991.436999999743 
112.12176047383073 -0.008765192704966859 11999.769999999744 
112.12176047383073 -0.008765192704966859 12008.102999999744 
112.12176047383073 -0.008765192704966859 12016.435999999743 
112.12176047383073 -0.008765192704966859 12024.768999999742 
112.12176047383073 -0.008765192704966859 12033.101999999742 
112.12176047383073 -0.008765192704966859 12041.434999999743 
112.12176047383073 -0.008765192704966859 12049.767999999742 
112.12176047383073 -0.008765192704966859 12058.10099999974 
112.12176047383073 -0.008765192704966859 12066.433999999741 
112.12176047383073 -0.008765192704966859 12074.766999999742 
112.12176047383073 -0.008765192704966859 12083.09999999974 
112.12176047383073 -0.008765192704966859 12091.432999999739 
112.12176047383073 -0.008765192704966859 12099.76599999974 
112.12176047383073 -0.008765192704966859 12108.09899999974 
112.12176047383073 -0.008765192704966859 12116.431999999739 
112.12176047383073 -0.008765192704966859 12124.764999999737 
112.12176047383073 -0.008765192704966859 12133.097999999738 
112.12176047383073 -0.008765192704966859 12141.430999999739 
112.12176047383073 -0.008765192704966859 12149.763999999737 
112.12176047383073 -0.008765192704966859 12158.096999999736 
112.12176047383073 -0.008765192704966859 12166.429999999737 
112.12176047383073 -0.008765192704966859 12174.762999999737 
112.12176047383073 -0.008765192704966859 12183.095999999736 
112.12176047383073 -0.008765192704966859 12191.428999999735 
112.12176047383073 -0.008765192704966859 12199.761999999735 
112.12176047383073 -0.008765192704966859 12208.094999999736 
112.12176047383073 -0.008765192704966859 12216.427999999734 
112.12176047383073 -0.008765192704966859 12224.760999999733 
112.12176047383073 -0.008765192704966859 12233.093999999734 
112.12176047383073 -0.008765192704966859 12241.426999999734 
112.12176047383073 -0.008765192704966859 12249.759999999733 
112.12176047383073 -0.008765192704966859 12258.092999999732 
112.12176047383073 -0.008765192704966859 12266.425999999732 
112.12176047383073 -0.008765192704966859 12274.758999999733 
112.12176047383073 -0.008765192704966859 12283.091999999731 
112.12176047383073 -0.008765192704966859 12291.42499999973 
112.12176047383073 -0.008765192704966859 12299.75799999973 
112.12176047383073 -0.008765192704966859 12308.090999999731 
112.12176047383073 -0.008765192704966859 12316.42399999973 
112.12176047383073 -0.008765192704966859 12324.756999999729 
112.12176047383073 -0.008765192704966859 12333.08999999973 
112.12176047383073 -0.008765192704966859 12341.42299999973 
112.12176047383073 -0.008765192704966859 12349.755999999728 
112.12176047383073 -0.008765192704966859 12358.088999999727 
112.12176047383073 -0.008765192704966859 12366.421999999728 
112.12176047383073 -0.008765192704966859 12374.754999999728 
112.12176047383073 -0.008765192704966859 12383.087999999727 
112.12176047383073 -0.008765192704966859 12391.420999999726 
112.12176047383073 -0.008765192704966859 12399.753999999726 
112.12176047383073 -0.008765192704966859 12408.086999999727 
112.12176047383073 -0.008765192704966859 12416.419999999725 
112.12176047383073 -0.008765192704966859 12424.752999999724 
112.12176047383073 -0.008765192704966859 12433.085999999725 
112.12176047383073 -0.008765192704966859 12441.418999999725 
112.12176047383073 -0.008765192704966859 12449.751999999724 
112.12176047383073 -0.008765192704966859 12458.084999999723 
112.12176047383073 -0.008765192704966859 12466.417999999723 
112.12176047383073 -0.008765192704966859 12474.750999999724 
112.12176047383073 -0.008765192704966859 12483.083999999722 
112.12176047383073 -0.008765192704966859 12491.416999999721 
112.12176047383073 -0.008765192704966859 12499.749999999722 
