1501 
22.29222023848687 37.96980689278399 0.2500000002783054 
22.29222023848687 37.96980689278399 8.583000000278844 
22.29222023848687 37.96980689278399 16.916000000277563 
22.29222023848687 37.96980689278399 25.249000000276283 
22.29222023848687 37.96980689278399 33.58200000027682 
22.29222023848687 37.96980689278399 41.91500000027736 
22.29222023848687 37.96980689278399 50.24800000027608 
22.29222023848687 37.96980689278399 58.5810000002748 
22.29222023848687 37.96980689278399 66.91400000027534 
22.29222023848687 37.96980689278399 75.24700000027588 
22.29222023848687 37.96980689278399 83.5800000002746 
22.29222023848687 37.96980689278399 91.91300000027331 
22.29222023848687 37.96980689278399 100.24600000027385 
22.29222023848687 37.96980689278399 108.57900000027439 
22.29222023848687 37.96980689278399 116.91200000027311 
22.29222023848687 37.96980689278399 125.24500000027183 
22.29222023848687 37.96980689278399 133.57800000027237 
22.29222023848687 37.96980689278399 141.9110000002729 
22.29222023848687 37.96980689278399 150.24400000027163 
22.29222023848687 37.96980689278399 158.57700000027035 
22.29222023848687 37.96980689278399 166.91000000027088 
22.29222023848687 37.96980689278399 175.24300000027142 
22.29222023848687 37.96980689278399 183.57600000027014 
22.29222023848687 37.96980689278399 191.90900000026886 
22.29222023848687 37.96980689278399 200.2420000002694 
22.29222023848687 37.96980689278399 208.57500000026994 
22.29222023848687 37.96980689278399 216.90800000026866 
22.29222023848687 37.96980689278399 225.24100000026738 
22.29222023848687 37.96980689278399 233.57400000026792 
22.29222023848687 37.96980689278399 241.90700000026845 
22.29222023848687 37.96980689278399 250.24000000026717 
22.29222023848687 37.96980689278399 258.5730000002659 
22.29222023848687 37.96980689278399 266.90600000026643 
22.29222023848687 37.96980689278399 275.23900000026697 
22.29222023848687 37.96980689278399 283.5720000002657 
22.29222023848687 37.96980689278399 291.9050000002644 
22.29222023848687 37.96980689278399 300.23800000026495 
22.29222023848687 37.96980689278399 308.5710000002655 
22.29222023848687 37.96980689278399 316.9040000002642 
22.29222023848687 37.96980689278399 325.2370000002629 
22.29222023848687 37.96980689278399 333.57000000026346 
22.29222023848687 37.96980689278399 341.903000000264 
22.29222023848687 37.96980689278399 350.2360000002627 
22.29222023848687 37.96980689278399 358.56900000026144 
22.29222023848687 37.96980689278399 366.902000000262 
22.29222023848687 37.96980689278399 375.2350000002625 
22.29222023848687 37.96980689278399 383.56800000026124 
22.29222023848687 37.96980689278399 391.90100000025996 
22.29222023848687 37.96980689278399 400.2340000002605 
22.29222023848687 37.96980689278399 408.56700000026103 
22.29222023848687 37.96980689278399 416.90000000025975 
22.29222023848687 37.96980689278399 425.23300000025847 
22.29222023848687 37.96980689278399 433.566000000259 
22.29222023848687 37.96980689278399 441.89900000025955 
22.29222023848687 37.96980689278399 450.23200000025827 
22.29222023848687 37.96980689278399 458.565000000257 
22.29222023848687 37.96980689278399 466.8980000002575 
22.29222023848687 37.96980689278399 475.23100000025806 
22.29222023848687 37.96980689278399 483.5640000002568 
22.29222023848687 37.96980689278399 491.8970000002555 
22.29222023848687 37.96980689278399 500.23000000025604 
22.29222023848687 37.96980689278399 508.5630000002566 
22.29222023848687 37.96980689278399 516.8960000002553 
22.29222023848687 37.96980689278399 525.229000000254 
22.29222023848687 37.96980689278399 533.5620000002546 
22.29222023848687 37.96980689278399 541.8950000002551 
22.29222023848687 37.96980689278399 550.2280000002538 
22.29222023848687 37.96980689278399 558.5610000002525 
22.29222023848687 37.96980689278399 566.8940000002531 
22.29222023848687 37.96980689278399 575.2270000002536 
22.29222023848687 37.96980689278399 583.5600000002523 
22.29222023848687 37.96980689278399 591.893000000251 
22.29222023848687 37.96980689278399 600.2260000002516 
22.29222023848687 37.96980689278399 608.5590000002521 
22.29222023848687 37.96980689278399 616.8920000002508 
22.29222023848687 37.96980689278399 625.2250000002496 
22.29222023848687 37.96980689278399 633.5580000002501 
22.29222023848687 37.96980689278399 641.8910000002506 
22.29222023848687 37.96980689278399 650.2240000002494 
22.29222023848687 37.96980689278399 658.5570000002481 
22.29222023848687 37.96980689278399 666.8900000002486 
22.29222023848687 37.96980689278399 675.2230000002492 
22.29222023848687 37.96980689278399 683.5560000002479 
22.29222023848687 37.96980689278399 691.8890000002466 
22.29222023848687 37.96980689278399 700.2220000002471 
22.29222023848687 37.96980689278399 708.5550000002477 
22.29222023848687 37.96980689278399 716.8880000002464 
22.29222023848687 37.96980689278399 725.2210000002451 
22.29222023848687 37.96980689278399 733.5540000002457 
22.29222023848687 37.96980689278399 741.8870000002462 
22.29222023848687 37.96980689278399 750.2200000002449 
22.29222023848687 37.96980689278399 758.5530000002436 
22.29222023848687 37.96980689278399 766.8860000002442 
22.29222023848687 37.96980689278399 775.2190000002447 
22.29222023848687 37.96980689278399 783.5520000002434 
22.29222023848687 37.96980689278399 791.8850000002421 
22.29222023848687 37.96980689278399 800.2180000002427 
22.29222023848687 37.96980689278399 808.5510000002432 
22.29222023848687 37.96980689278399 816.8840000002419 
22.29222023848687 37.96980689278399 825.2170000002407 
22.29222023848687 37.96980689278399 833.5500000002412 
22.29222023848687 37.96980689278399 841.8830000002417 
22.29222023848687 37.96980689278399 850.2160000002405 
22.29222023848687 37.96980689278399 858.5490000002392 
22.29222023848687 37.96980689278399 866.8820000002397 
22.29222023848687 37.96980689278399 875.2150000002403 
22.29222023848687 37.96980689278399 883.548000000239 
22.29222023848687 37.96980689278399 891.8810000002377 
22.29222023848687 37.96980689278399 900.2140000002382 
22.29222023848687 37.96980689278399 908.5470000002388 
22.29222023848687 37.96980689278399 916.8800000002375 
22.29222023848687 37.96980689278399 925.2130000002362 
22.29222023848687 37.96980689278399 933.5460000002367 
22.29222023848687 37.96980689278399 941.8790000002373 
22.29222023848687 37.96980689278399 950.212000000236 
22.29222023848687 37.96980689278399 958.5450000002347 
22.29222023848687 37.96980689278399 966.8780000002353 
22.29222023848687 37.96980689278399 975.2110000002358 
22.29222023848687 37.96980689278399 983.5440000002345 
22.29222023848687 37.96980689278399 991.8770000002332 
22.29222023848687 37.96980689278399 1000.2100000002338 
22.29222023848687 37.96980689278399 1008.5430000002343 
22.29222023848687 37.96980689278399 1016.876000000233 
22.29222023848687 37.96980689278399 1025.2090000002318 
22.29222023848687 37.96980689278399 1033.5420000002323 
22.29222023848687 37.96980689278399 1041.8750000002328 
22.29222023848687 37.96980689278399 1050.2080000002316 
22.29222023848687 37.96980689278399 1058.5410000002303 
22.29222023848687 37.96980689278399 1066.8740000002308 
22.29222023848687 37.96980689278399 1075.2070000002313 
22.29222023848687 37.96980689278399 1083.54000000023 
22.29222023848687 37.96980689278399 1091.8730000002288 
22.29222023848687 37.96980689278399 1100.2060000002293 
22.29222023848687 37.96980689278399 1108.5390000002299 
22.29222023848687 37.96980689278399 1116.8720000002286 
22.29222023848687 37.96980689278399 1125.2050000002273 
22.29222023848687 37.96980689278399 1133.5380000002278 
22.29222023848687 37.96980689278399 1141.8710000002284 
22.29222023848687 37.96980689278399 1150.204000000227 
22.29222023848687 37.96980689278399 1158.5370000002258 
22.29222023848687 37.96980689278399 1166.8700000002264 
22.29222023848687 37.96980689278399 1175.203000000227 
22.29222023848687 37.96980689278399 1183.5360000002256 
22.29222023848687 37.96980689278399 1191.8690000002243 
22.29222023848687 37.96980689278399 1200.2020000002249 
22.29222023848687 37.96980689278399 1208.5350000002254 
22.29222023848687 37.96980689278399 1216.8680000002241 
22.29222023848687 37.96980689278399 1225.2010000002228 
22.29222023848687 37.96980689278399 1233.5340000002234 
22.29222023848687 37.96980689278399 1241.867000000224 
22.29222023848687 37.96980689278399 1250.2000000002226 
22.29222023848687 37.96980689278399 1258.5330000002214 
22.29222023848687 37.96980689278399 1266.866000000222 
22.29222023848687 37.96980689278399 1275.1990000002224 
22.29222023848687 37.96980689278399 1283.5320000002212 
22.29222023848687 37.96980689278399 1291.8650000002199 
22.29222023848687 37.96980689278399 1300.1980000002204 
22.29222023848687 37.96980689278399 1308.531000000221 
22.29222023848687 37.96980689278399 1316.8640000002197 
22.29222023848687 37.96980689278399 1325.1970000002184 
22.29222023848687 37.96980689278399 1333.530000000219 
22.29222023848687 37.96980689278399 1341.8630000002195 
22.29222023848687 37.96980689278399 1350.1960000002182 
22.29222023848687 37.96980689278399 1358.529000000217 
22.29222023848687 37.96980689278399 1366.8620000002174 
22.29222023848687 37.96980689278399 1375.195000000218 
22.29222023848687 37.96980689278399 1383.5280000002167 
22.29222023848687 37.96980689278399 1391.8610000002154 
22.29222023848687 37.96980689278399 1400.194000000216 
22.29222023848687 37.96980689278399 1408.5270000002165 
22.29222023848687 37.96980689278399 1416.8600000002152 
22.29222023848687 37.96980689278399 1425.193000000214 
22.29222023848687 37.96980689278399 1433.5260000002145 
22.29222023848687 37.96980689278399 1441.859000000215 
22.29222023848687 37.96980689278399 1450.1920000002137 
22.29222023848687 37.96980689278399 1458.5250000002125 
22.29222023848687 37.96980689278399 1466.858000000213 
22.29222023848687 37.96980689278399 1475.1910000002135 
22.29222023848687 37.96980689278399 1483.5240000002123 
22.29222023848687 37.96980689278399 1491.857000000211 
22.29222023848687 37.96980689278399 1500.1900000002115 
22.29222023848687 37.96980689278399 1508.523000000212 
22.29222023848687 37.96980689278399 1516.8560000002108 
22.29222023848687 37.96980689278399 1525.1890000002095 
22.29222023848687 37.96980689278399 1533.52200000021 
22.29222023848687 37.96980689278399 1541.8550000002106 
22.29222023848687 37.96980689278399 1550.1880000002093 
22.29222023848687 37.96980689278399 1558.521000000208 
22.29222023848687 37.96980689278399 1566.8540000002085 
22.29222023848687 37.96980689278399 1575.187000000209 
22.29222023848687 37.96980689278399 1583.5200000002078 
22.29222023848687 37.96980689278399 1591.8530000002065 
22.29222023848687 37.96980689278399 1600.186000000207 
22.29222023848687 37.96980689278399 1608.5190000002076 
22.29222023848687 37.96980689278399 1616.8520000002063 
22.29222023848687 37.96980689278399 1625.185000000205 
22.29222023848687 37.96980689278399 1633.5180000002056 
22.29222023848687 37.96980689278399 1641.851000000206 
22.29222023848687 37.96980689278399 1650.1840000002048 
22.29222023848687 37.96980689278399 1658.5170000002036 
22.29222023848687 37.96980689278399 1666.850000000204 
22.29222023848687 37.96980689278399 1675.1830000002046 
22.29222023848687 37.96980689278399 1683.5160000002033 
22.29222023848687 37.96980689278399 1691.849000000202 
22.29222023848687 37.96980689278399 1700.1820000002026 
22.29222023848687 37.96980689278399 1708.5150000002031 
22.29222023848687 37.96980689278399 1716.8480000002019 
22.29222023848687 37.96980689278399 1725.1810000002006 
22.29222023848687 37.96980689278399 1733.5140000002011 
22.29222023848687 37.96980689278399 1741.8470000002017 
22.29222023848687 37.96980689278399 1750.1800000002004 
22.29222023848687 37.96980689278399 1758.513000000199 
22.29222023848687 37.96980689278399 1766.8460000001996 
22.29222023848687 37.96980689278399 1775.1790000002002 
22.29222023848687 37.96980689278399 1783.512000000199 
22.29222023848687 37.96980689278399 1791.8450000001976 
22.29222023848687 37.96980689278399 1800.1780000001982 
22.29222023848687 37.96980689278399 1808.5110000001987 
22.29222023848687 37.96980689278399 1816.8440000001974 
22.29222023848687 37.96980689278399 1825.1770000001961 
22.29222023848687 37.96980689278399 1833.5100000001967 
22.29222023848687 37.96980689278399 1841.8430000001972 
22.29222023848687 37.96980689278399 1850.176000000196 
22.29222023848687 37.96980689278399 1858.5090000001946 
22.29222023848687 37.96980689278399 1866.8420000001952 
22.29222023848687 37.96980689278399 1875.1750000001957 
22.29222023848687 37.96980689278399 1883.5080000001944 
22.29222023848687 37.96980689278399 1891.8410000001932 
22.29222023848687 37.96980689278399 1900.1740000001937 
22.29222023848687 37.96980689278399 1908.5070000001942 
22.29222023848687 37.96980689278399 1916.840000000193 
22.29222023848687 37.96980689278399 1925.1730000001917 
22.29222023848687 37.96980689278399 1933.5060000001922 
22.29222023848687 37.96980689278399 1941.8390000001928 
22.29222023848687 37.96980689278399 1950.1720000001915 
22.29222023848687 37.96980689278399 1958.5050000001902 
22.29222023848687 37.96980689278399 1966.8380000001907 
22.29222023848687 37.96980689278399 1975.1710000001913 
22.29222023848687 37.96980689278399 1983.50400000019 
22.29222023848687 37.96980689278399 1991.8370000001887 
22.29222023848687 37.96980689278399 2000.1700000001892 
22.29222023848687 37.96980689278399 2008.5030000001898 
22.29222023848687 37.96980689278399 2016.8360000001885 
22.29222023848687 37.96980689278399 2025.1690000001872 
22.29222023848687 37.96980689278399 2033.5020000001878 
22.29222023848687 37.96980689278399 2041.8350000001883 
22.29222023848687 37.96980689278399 2050.168000000187 
22.29222023848687 37.96980689278399 2058.5010000001857 
22.29222023848687 37.96980689278399 2066.8340000001863 
22.29222023848687 37.96980689278399 2075.167000000187 
22.29222023848687 37.96980689278399 2083.5000000001855 
22.29222023848687 37.96980689278399 2091.8330000001843 
22.29222023848687 37.96980689278399 2100.166000000185 
22.29222023848687 37.96980689278399 2108.4990000001853 
22.29222023848687 37.96980689278399 2116.832000000184 
22.29222023848687 37.96980689278399 2125.1650000001828 
22.29222023848687 37.96980689278399 2133.4980000001833 
22.29222023848687 37.96980689278399 2141.831000000184 
22.29222023848687 37.96980689278399 2150.1640000001826 
22.29222023848687 37.96980689278399 2158.4970000001813 
22.29222023848687 37.96980689278399 2166.830000000182 
22.29222023848687 37.96980689278399 2175.1630000001824 
22.29222023848687 37.96980689278399 2183.496000000181 
22.29222023848687 37.96980689278399 2191.82900000018 
22.29222023848687 37.96980689278399 2200.1620000001803 
22.29222023848687 37.96980689278399 2208.495000000181 
22.29222023848687 37.96980689278399 2216.8280000001796 
22.29222023848687 37.96980689278399 2225.1610000001783 
22.29222023848687 37.96980689278399 2233.494000000179 
22.29222023848687 37.96980689278399 2241.8270000001794 
22.29222023848687 37.96980689278399 2250.160000000178 
22.29222023848687 37.96980689278399 2258.493000000177 
22.29222023848687 37.96980689278399 2266.8260000001774 
22.29222023848687 37.96980689278399 2275.159000000178 
22.29222023848687 37.96980689278399 2283.4920000001766 
22.29222023848687 37.96980689278399 2291.8250000001754 
22.29222023848687 37.96980689278399 2300.158000000176 
22.29222023848687 37.96980689278399 2308.4910000001764 
22.29222023848687 37.96980689278399 2316.824000000175 
22.29222023848687 37.96980689278399 2325.157000000174 
22.29222023848687 37.96980689278399 2333.4900000001744 
22.29222023848687 37.96980689278399 2341.823000000175 
22.29222023848687 37.96980689278399 2350.1560000001737 
22.29222023848687 37.96980689278399 2358.4890000001724 
22.29222023848687 37.96980689278399 2366.822000000173 
22.29222023848687 37.96980689278399 2375.1550000001735 
22.29222023848687 37.96980689278399 2383.488000000172 
22.29222023848687 37.96980689278399 2391.821000000171 
22.29222023848687 37.96980689278399 2400.1540000001714 
22.29222023848687 37.96980689278399 2408.487000000172 
22.29222023848687 37.96980689278399 2416.8200000001707 
22.29222023848687 37.96980689278399 2425.1530000001694 
22.29222023848687 37.96980689278399 2433.48600000017 
22.29222023848687 37.96980689278399 2441.8190000001705 
22.29222023848687 37.96980689278399 2450.152000000169 
22.29222023848687 37.96980689278399 2458.485000000168 
22.29222023848687 37.96980689278399 2466.8180000001685 
22.29222023848687 37.96980689278399 2475.151000000169 
22.29222023848687 37.96980689278399 2483.4840000001677 
22.29222023848687 37.96980689278399 2491.8170000001664 
22.29222023848687 37.96980689278399 2500.150000000167 
22.29222023848687 37.96980689278399 2508.4830000001675 
22.29222023848687 37.96980689278399 2516.8160000001662 
22.29222023848687 37.96980689278399 2525.149000000165 
22.29222023848687 37.96980689278399 2533.4820000001655 
22.29222023848687 37.96980689278399 2541.815000000166 
22.29222023848687 37.96980689278399 2550.1480000001648 
22.29222023848687 37.96980689278399 2558.4810000001635 
22.29222023848687 37.96980689278399 2566.814000000164 
22.29222023848687 37.96980689278399 2575.1470000001646 
22.29222023848687 37.96980689278399 2583.4800000001633 
22.29222023848687 37.96980689278399 2591.813000000162 
22.29222023848687 37.96980689278399 2600.1460000001625 
22.29222023848687 37.96980689278399 2608.479000000163 
22.29222023848687 37.96980689278399 2616.812000000162 
22.29222023848687 37.96980689278399 2625.1450000001605 
22.29222023848687 37.96980689278399 2633.478000000161 
22.29222023848687 37.96980689278399 2641.8110000001616 
22.29222023848687 37.96980689278399 2650.1440000001603 
22.29222023848687 37.96980689278399 2658.477000000159 
22.29222023848687 37.96980689278399 2666.8100000001596 
22.29222023848687 37.96980689278399 2675.14300000016 
22.29222023848687 37.96980689278399 2683.476000000159 
22.29222023848687 37.96980689278399 2691.8090000001575 
22.29222023848687 37.96980689278399 2700.142000000158 
22.29222023848687 37.96980689278399 2708.4750000001586 
22.29222023848687 37.96980689278399 2716.8080000001573 
22.29222023848687 37.96980689278399 2725.141000000156 
22.29222023848687 37.96980689278399 2733.4740000001566 
22.29222023848687 37.96980689278399 2741.807000000157 
22.29222023848687 37.96980689278399 2750.140000000156 
22.29222023848687 37.96980689278399 2758.4730000001546 
22.29222023848687 37.96980689278399 2766.806000000155 
22.29222023848687 37.96980689278399 2775.1390000001556 
22.29222023848687 37.96980689278399 2783.4720000001544 
22.29222023848687 37.96980689278399 2791.805000000153 
22.29222023848687 37.96980689278399 2800.1380000001536 
22.29222023848687 37.96980689278399 2808.471000000154 
22.29222023848687 37.96980689278399 2816.804000000153 
22.29222023848687 37.96980689278399 2825.1370000001516 
22.29222023848687 37.96980689278399 2833.470000000152 
22.29222023848687 37.96980689278399 2841.8030000001527 
22.29222023848687 37.96980689278399 2850.1360000001514 
22.29222023848687 37.96980689278399 2858.46900000015 
22.29222023848687 37.96980689278399 2866.8020000001507 
22.29222023848687 37.96980689278399 2875.135000000151 
22.29222023848687 37.96980689278399 2883.46800000015 
22.29222023848687 37.96980689278399 2891.8010000001486 
22.29222023848687 37.96980689278399 2900.134000000149 
22.29222023848687 37.96980689278399 2908.4670000001497 
22.29222023848687 37.96980689278399 2916.8000000001484 
22.29222023848687 37.96980689278399 2925.133000000147 
22.29222023848687 37.96980689278399 2933.4660000001477 
22.29222023848687 37.96980689278399 2941.799000000148 
22.29222023848687 37.96980689278399 2950.132000000147 
22.29222023848687 37.96980689278399 2958.4650000001457 
22.29222023848687 37.96980689278399 2966.798000000146 
22.29222023848687 37.96980689278399 2975.1310000001467 
22.29222023848687 37.96980689278399 2983.4640000001455 
22.29222023848687 37.96980689278399 2991.797000000144 
22.29222023848687 37.96980689278399 3000.1300000001447 
22.29222023848687 37.96980689278399 3008.4630000001453 
22.29222023848687 37.96980689278399 3016.796000000144 
22.29222023848687 37.96980689278399 3025.1290000001427 
22.29222023848687 37.96980689278399 3033.4620000001432 
22.29222023848687 37.96980689278399 3041.795000000144 
22.29222023848687 37.96980689278399 3050.1280000001425 
22.29222023848687 37.96980689278399 3058.461000000141 
22.29222023848687 37.96980689278399 3066.7940000001418 
22.29222023848687 37.96980689278399 3075.1270000001423 
22.29222023848687 37.96980689278399 3083.460000000141 
22.29222023848687 37.96980689278399 3091.7930000001397 
22.29222023848687 37.96980689278399 3100.1260000001403 
22.29222023848687 37.96980689278399 3108.459000000141 
22.29222023848687 37.96980689278399 3116.7920000001395 
22.29222023848687 37.96980689278399 3125.1250000001382 
22.29222023848687 37.96980689278399 3133.458000000139 
22.29222023848687 37.96980689278399 3141.7910000001393 
22.29222023848687 37.96980689278399 3150.124000000138 
22.29222023848687 37.96980689278399 3158.4570000001368 
22.29222023848687 37.96980689278399 3166.7900000001373 
22.29222023848687 37.96980689278399 3175.123000000138 
22.29222023848687 37.96980689278399 3183.4560000001366 
22.29222023848687 37.96980689278399 3191.7890000001353 
22.29222023848687 37.96980689278399 3200.122000000136 
22.29222023848687 37.96980689278399 3208.4550000001364 
22.29222023848687 37.96980689278399 3216.788000000135 
22.29222023848687 37.96980689278399 3225.121000000134 
22.29222023848687 37.96980689278399 3233.4540000001343 
22.29222023848687 37.96980689278399 3241.787000000135 
22.29222023848687 37.96980689278399 3250.1200000001336 
22.29222023848687 37.96980689278399 3258.4530000001323 
22.29222023848687 37.96980689278399 3266.786000000133 
22.29222023848687 37.96980689278399 3275.1190000001334 
22.29222023848687 37.96980689278399 3283.452000000132 
22.29222023848687 37.96980689278399 3291.785000000131 
22.29222023848687 37.96980689278399 3300.1180000001314 
22.29222023848687 37.96980689278399 3308.451000000132 
22.29222023848687 37.96980689278399 3316.7840000001306 
22.29222023848687 37.96980689278399 3325.1170000001293 
22.29222023848687 37.96980689278399 3333.45000000013 
22.29222023848687 37.96980689278399 3341.7830000001304 
22.29222023848687 37.96980689278399 3350.116000000129 
22.29222023848687 37.96980689278399 3358.449000000128 
22.29222023848687 37.96980689278399 3366.7820000001284 
22.29222023848687 37.96980689278399 3375.115000000129 
22.29222023848687 37.96980689278399 3383.4480000001276 
22.29222023848687 37.96980689278399 3391.7810000001264 
22.29222023848687 37.96980689278399 3400.114000000127 
22.29222023848687 37.96980689278399 3408.4470000001274 
22.29222023848687 37.96980689278399 3416.780000000126 
22.29222023848687 37.96980689278399 3425.113000000125 
22.29222023848687 37.96980689278399 3433.4460000001254 
22.29222023848687 37.96980689278399 3441.779000000126 
22.29222023848687 37.96980689278399 3450.1120000001247 
22.29222023848687 37.96980689278399 3458.4450000001234 
22.29222023848687 37.96980689278399 3466.778000000124 
22.29222023848687 37.96980689278399 3475.1110000001245 
22.29222023848687 37.96980689278399 3483.444000000123 
22.29222023848687 37.96980689278399 3491.777000000122 
22.29222023848687 37.96980689278399 3500.1100000001225 
22.29222023848687 37.96980689278399 3508.443000000123 
22.29222023848687 37.96980689278399 3516.7760000001217 
22.29222023848687 37.96980689278399 3525.1090000001204 
22.29222023848687 37.96980689278399 3533.442000000121 
22.29222023848687 37.96980689278399 3541.7750000001215 
22.29222023848687 37.96980689278399 3550.1080000001202 
22.29222023848687 37.96980689278399 3558.441000000119 
22.29222023848687 37.96980689278399 3566.7740000001195 
22.29222023848687 37.96980689278399 3575.10700000012 
22.29222023848687 37.96980689278399 3583.4400000001187 
22.29222023848687 37.96980689278399 3591.7730000001175 
22.29222023848687 37.96980689278399 3600.106000000118 
22.29222023848687 37.96980689278399 3608.4390000001185 
22.29222023848687 37.96980689278399 3616.7720000001173 
22.29222023848687 37.96980689278399 3625.105000000116 
22.29222023848687 37.96980689278399 3633.4380000001165 
22.29222023848687 37.96980689278399 3641.771000000117 
22.29222023848687 37.96980689278399 3650.104000000116 
22.29222023848687 37.96980689278399 3658.4370000001145 
22.29222023848687 37.96980689278399 3666.770000000115 
22.29222023848687 37.96980689278399 3675.1030000001156 
22.29222023848687 37.96980689278399 3683.4360000001143 
22.29222023848687 37.96980689278399 3691.769000000113 
22.29222023848687 37.96980689278399 3700.1020000001135 
22.29222023848687 37.96980689278399 3708.435000000114 
22.29222023848687 37.96980689278399 3716.768000000113 
22.29222023848687 37.96980689278399 3725.1010000001115 
22.29222023848687 37.96980689278399 3733.434000000112 
22.29222023848687 37.96980689278399 3741.7670000001126 
22.29222023848687 37.96980689278399 3750.1000000001113 
22.29222023848687 37.96980689278399 3758.43300000011 
22.29222023848687 37.96980689278399 3766.7660000001106 
22.29222023848687 37.96980689278399 3775.099000000111 
22.29222023848687 37.96980689278399 3783.43200000011 
22.29222023848687 37.96980689278399 3791.7650000001086 
22.29222023848687 37.96980689278399 3800.098000000109 
22.29222023848687 37.96980689278399 3808.4310000001096 
22.29222023848687 37.96980689278399 3816.7640000001084 
22.29222023848687 37.96980689278399 3825.097000000107 
22.29222023848687 37.96980689278399 3833.4300000001076 
22.29222023848687 37.96980689278399 3841.763000000108 
22.29222023848687 37.96980689278399 3850.096000000107 
22.29222023848687 37.96980689278399 3858.4290000001056 
22.29222023848687 37.96980689278399 3866.762000000106 
22.29222023848687 37.96980689278399 3875.0950000001067 
22.29222023848687 37.96980689278399 3883.4280000001054 
22.29222023848687 37.96980689278399 3891.761000000104 
22.29222023848687 37.96980689278399 3900.0940000001046 
22.29222023848687 37.96980689278399 3908.427000000105 
22.29222023848687 37.96980689278399 3916.760000000104 
22.29222023848687 37.96980689278399 3925.0930000001026 
22.29222023848687 37.96980689278399 3933.426000000103 
22.29222023848687 37.96980689278399 3941.7590000001037 
22.29222023848687 37.96980689278399 3950.0920000001024 
22.29222023848687 37.96980689278399 3958.425000000101 
22.29222023848687 37.96980689278399 3966.7580000001017 
22.29222023848687 37.96980689278399 3975.091000000102 
22.29222023848687 37.96980689278399 3983.424000000101 
22.29222023848687 37.96980689278399 3991.7570000000997 
22.29222023848687 37.96980689278399 4000.0900000001 
22.29222023848687 37.96980689278399 4008.4230000001007 
22.29222023848687 37.96980689278399 4016.7560000000994 
22.29222023848687 37.96980689278399 4025.089000000098 
22.29222023848687 37.96980689278399 4033.4220000000987 
22.29222023848687 37.96980689278399 4041.7550000000992 
22.29222023848687 37.96980689278399 4050.088000000098 
22.29222023848687 37.96980689278399 4058.4210000000967 
22.29222023848687 37.96980689278399 4066.754000000097 
22.29222023848687 37.96980689278399 4075.0870000000978 
22.29222023848687 37.96980689278399 4083.4200000000965 
22.29222023848687 37.96980689278399 4091.753000000095 
22.29222023848687 37.96980689278399 4100.086000000096 
22.29222023848687 37.96980689278399 4108.419000000096 
22.29222023848687 37.96980689278399 4116.752000000095 
22.29222023848687 37.96980689278399 4125.085000000094 
22.29222023848687 37.96980689278399 4133.418000000094 
22.29222023848687 37.96980689278399 4141.751000000095 
22.29222023848687 37.96980689278399 4150.0840000000935 
22.29222023848687 37.96980689278399 4158.417000000092 
22.29222023848687 37.96980689278399 4166.750000000093 
22.29222023848687 37.96980689278399 4175.083000000093 
22.29222023848687 37.96980689278399 4183.416000000092 
22.29222023848687 37.96980689278399 4191.749000000091 
22.29222023848687 37.96980689278399 4200.082000000091 
22.29222023848687 37.96980689278399 4208.415000000092 
22.29222023848687 37.96980689278399 4216.7480000000905 
22.29222023848687 37.96980689278399 4225.081000000089 
22.29222023848687 37.96980689278399 4233.41400000009 
22.29222023848687 37.96980689278399 4241.74700000009 
22.29222023848687 37.96980689278399 4250.080000000089 
22.29222023848687 37.96980689278399 4258.413000000088 
22.29222023848687 37.96980689278399 4266.746000000088 
22.29222023848687 37.96980689278399 4275.079000000089 
22.29222023848687 37.96980689278399 4283.412000000088 
22.29222023848687 37.96980689278399 4291.745000000086 
22.29222023848687 37.96980689278399 4300.078000000087 
22.29222023848687 37.96980689278399 4308.4110000000865 
22.29222023848687 37.96980689278399 4316.744000000086 
22.29222023848687 37.96980689278399 4325.077000000086 
22.29222023848687 37.96980689278399 4333.410000000085 
22.29222023848687 37.96980689278399 4341.743000000085 
22.29222023848687 37.96980689278399 4350.076000000085 
22.29222023848687 37.96980689278399 4358.409000000084 
22.29222023848687 37.96980689278399 4366.742000000084 
22.29222023848687 37.96980689278399 4375.0750000000835 
22.29222023848687 37.96980689278399 4383.408000000083 
22.29222023848687 37.96980689278399 4391.741000000083 
22.29222023848687 37.96980689278399 4400.074000000082 
22.29222023848687 37.96980689278399 4408.407000000082 
22.29222023848687 37.96980689278399 4416.740000000082 
22.29222023848687 37.96980689278399 4425.073000000081 
22.29222023848687 37.96980689278399 4433.406000000081 
22.29222023848687 37.96980689278399 4441.7390000000805 
22.29222023848687 37.96980689278399 4450.07200000008 
22.29222023848687 37.96980689278399 4458.40500000008 
22.29222023848687 37.96980689278399 4466.738000000079 
22.29222023848687 37.96980689278399 4475.071000000079 
22.29222023848687 37.96980689278399 4483.404000000079 
22.29222023848687 37.96980689278399 4491.737000000078 
22.29222023848687 37.96980689278399 4500.070000000078 
22.29222023848687 37.96980689278399 4508.403000000078 
22.29222023848687 37.96980689278399 4516.736000000077 
22.29222023848687 37.96980689278399 4525.069000000077 
22.29222023848687 37.96980689278399 4533.402000000076 
22.29222023848687 37.96980689278399 4541.735000000076 
22.29222023848687 37.96980689278399 4550.068000000076 
22.29222023848687 37.96980689278399 4558.401000000075 
22.29222023848687 37.96980689278399 4566.734000000075 
22.29222023848687 37.96980689278399 4575.067000000075 
22.29222023848687 37.96980689278399 4583.400000000074 
22.29222023848687 37.96980689278399 4591.733000000074 
22.29222023848687 37.96980689278399 4600.0660000000735 
22.29222023848687 37.96980689278399 4608.399000000073 
22.29222023848687 37.96980689278399 4616.732000000073 
22.29222023848687 37.96980689278399 4625.065000000072 
22.29222023848687 37.96980689278399 4633.398000000072 
22.29222023848687 37.96980689278399 4641.731000000072 
22.29222023848687 37.96980689278399 4650.064000000071 
22.29222023848687 37.96980689278399 4658.397000000071 
22.29222023848687 37.96980689278399 4666.7300000000705 
22.29222023848687 37.96980689278399 4675.06300000007 
22.29222023848687 37.96980689278399 4683.39600000007 
22.29222023848687 37.96980689278399 4691.729000000069 
22.29222023848687 37.96980689278399 4700.062000000069 
22.29222023848687 37.96980689278399 4708.395000000069 
22.29222023848687 37.96980689278399 4716.728000000068 
22.29222023848687 37.96980689278399 4725.061000000068 
22.29222023848687 37.96980689278399 4733.3940000000675 
22.29222023848687 37.96980689278399 4741.727000000067 
22.29222023848687 37.96980689278399 4750.060000000067 
22.29222023848687 37.96980689278399 4758.393000000066 
22.29222023848687 37.96980689278399 4766.726000000066 
22.29222023848687 37.96980689278399 4775.059000000066 
22.29222023848687 37.96980689278399 4783.392000000065 
22.29222023848687 37.96980689278399 4791.725000000065 
22.29222023848687 37.96980689278399 4800.058000000065 
22.29222023848687 37.96980689278399 4808.391000000064 
22.29222023848687 37.96980689278399 4816.724000000064 
22.29222023848687 37.96980689278399 4825.057000000063 
22.29222023848687 37.96980689278399 4833.390000000063 
22.29222023848687 37.96980689278399 4841.723000000063 
22.29222023848687 37.96980689278399 4850.056000000062 
22.29222023848687 37.96980689278399 4858.389000000062 
22.29222023848687 37.96980689278399 4866.722000000062 
22.29222023848687 37.96980689278399 4875.055000000061 
22.29222023848687 37.96980689278399 4883.388000000061 
22.29222023848687 37.96980689278399 4891.7210000000605 
22.29222023848687 37.96980689278399 4900.05400000006 
22.29222023848687 37.96980689278399 4908.38700000006 
22.29222023848687 37.96980689278399 4916.720000000059 
22.29222023848687 37.96980689278399 4925.053000000059 
22.29222023848687 37.96980689278399 4933.386000000059 
22.29222023848687 37.96980689278399 4941.719000000058 
22.29222023848687 37.96980689278399 4950.052000000058 
22.29222023848687 37.96980689278399 4958.3850000000575 
22.29222023848687 37.96980689278399 4966.718000000057 
22.29222023848687 37.96980689278399 4975.051000000057 
22.29222023848687 37.96980689278399 4983.384000000056 
22.29222023848687 37.96980689278399 4991.717000000056 
22.29222023848687 37.96980689278399 5000.050000000056 
22.29222023848687 37.96980689278399 5008.383000000055 
22.29222023848687 37.96980689278399 5016.716000000055 
22.29222023848687 37.96980689278399 5025.049000000055 
22.29222023848687 37.96980689278399 5033.382000000054 
22.29222023848687 37.96980689278399 5041.715000000054 
22.29222023848687 37.96980689278399 5050.048000000053 
22.29222023848687 37.96980689278399 5058.381000000053 
22.29222023848687 37.96980689278399 5066.714000000053 
22.29222023848687 37.96980689278399 5075.047000000052 
22.29222023848687 37.96980689278399 5083.380000000052 
22.29222023848687 37.96980689278399 5091.713000000052 
22.29222023848687 37.96980689278399 5100.046000000051 
22.29222023848687 37.96980689278399 5108.379000000051 
22.29222023848687 37.96980689278399 5116.7120000000505 
22.29222023848687 37.96980689278399 5125.04500000005 
22.29222023848687 37.96980689278399 5133.37800000005 
22.29222023848687 37.96980689278399 5141.711000000049 
22.29222023848687 37.96980689278399 5150.044000000049 
22.29222023848687 37.96980689278399 5158.377000000049 
22.29222023848687 37.96980689278399 5166.710000000048 
22.29222023848687 37.96980689278399 5175.043000000048 
22.29222023848687 37.96980689278399 5183.3760000000475 
22.29222023848687 37.96980689278399 5191.709000000047 
22.29222023848687 37.96980689278399 5200.042000000047 
22.29222023848687 37.96980689278399 5208.375000000046 
22.29222023848687 37.96980689278399 5216.708000000046 
22.29222023848687 37.96980689278399 5225.041000000046 
22.29222023848687 37.96980689278399 5233.374000000045 
22.29222023848687 37.96980689278399 5241.707000000045 
22.29222023848687 37.96980689278399 5250.0400000000445 
22.29222023848687 37.96980689278399 5258.373000000044 
22.29222023848687 37.96980689278399 5266.706000000044 
22.29222023848687 37.96980689278399 5275.039000000043 
22.29222023848687 37.96980689278399 5283.372000000043 
22.29222023848687 37.96980689278399 5291.705000000043 
22.29222023848687 37.96980689278399 5300.038000000042 
22.29222023848687 37.96980689278399 5308.371000000042 
22.29222023848687 37.96980689278399 5316.704000000042 
22.29222023848687 37.96980689278399 5325.037000000041 
22.29222023848687 37.96980689278399 5333.370000000041 
22.29222023848687 37.96980689278399 5341.70300000004 
22.29222023848687 37.96980689278399 5350.03600000004 
22.29222023848687 37.96980689278399 5358.36900000004 
22.29222023848687 37.96980689278399 5366.702000000039 
22.29222023848687 37.96980689278399 5375.035000000039 
22.29222023848687 37.96980689278399 5383.368000000039 
22.29222023848687 37.96980689278399 5391.701000000038 
22.29222023848687 37.96980689278399 5400.034000000038 
22.29222023848687 37.96980689278399 5408.3670000000375 
22.29222023848687 37.96980689278399 5416.700000000037 
22.29222023848687 37.96980689278399 5425.033000000037 
22.29222023848687 37.96980689278399 5433.366000000036 
22.29222023848687 37.96980689278399 5441.699000000036 
22.29222023848687 37.96980689278399 5450.032000000036 
22.29222023848687 37.96980689278399 5458.365000000035 
22.29222023848687 37.96980689278399 5466.698000000035 
22.29222023848687 37.96980689278399 5475.0310000000345 
22.29222023848687 37.96980689278399 5483.364000000034 
22.29222023848687 37.96980689278399 5491.697000000034 
22.29222023848687 37.96980689278399 5500.030000000033 
22.29222023848687 37.96980689278399 5508.363000000033 
22.29222023848687 37.96980689278399 5516.696000000033 
22.29222023848687 37.96980689278399 5525.029000000032 
22.29222023848687 37.96980689278399 5533.362000000032 
22.29222023848687 37.96980689278399 5541.6950000000315 
22.29222023848687 37.96980689278399 5550.028000000031 
22.29222023848687 37.96980689278399 5558.361000000031 
22.29222023848687 37.96980689278399 5566.69400000003 
22.29222023848687 37.96980689278399 5575.02700000003 
22.29222023848687 37.96980689278399 5583.36000000003 
22.29222023848687 37.96980689278399 5591.693000000029 
22.29222023848687 37.96980689278399 5600.026000000029 
22.29222023848687 37.96980689278399 5608.359000000029 
22.29222023848687 37.96980689278399 5616.692000000028 
22.29222023848687 37.96980689278399 5625.025000000028 
22.29222023848687 37.96980689278399 5633.3580000000275 
22.29222023848687 37.96980689278399 5641.691000000027 
22.29222023848687 37.96980689278399 5650.024000000027 
22.29222023848687 37.96980689278399 5658.357000000026 
22.29222023848687 37.96980689278399 5666.690000000026 
22.29222023848687 37.96980689278399 5675.023000000026 
22.29222023848687 37.96980689278399 5683.356000000025 
22.29222023848687 37.96980689278399 5691.689000000025 
22.29222023848687 37.96980689278399 5700.0220000000245 
22.29222023848687 37.96980689278399 5708.355000000024 
22.29222023848687 37.96980689278399 5716.688000000024 
22.29222023848687 37.96980689278399 5725.021000000023 
22.29222023848687 37.96980689278399 5733.354000000023 
22.29222023848687 37.96980689278399 5741.687000000023 
22.29222023848687 37.96980689278399 5750.020000000022 
22.29222023848687 37.96980689278399 5758.353000000022 
22.29222023848687 37.96980689278399 5766.6860000000215 
22.29222023848687 37.96980689278399 5775.019000000021 
22.29222023848687 37.96980689278399 5783.352000000021 
22.29222023848687 37.96980689278399 5791.68500000002 
22.29222023848687 37.96980689278399 5800.01800000002 
22.29222023848687 37.96980689278399 5808.35100000002 
22.29222023848687 37.96980689278399 5816.684000000019 
22.29222023848687 37.96980689278399 5825.017000000019 
22.29222023848687 37.96980689278399 5833.350000000019 
22.29222023848687 37.96980689278399 5841.683000000018 
22.29222023848687 37.96980689278399 5850.016000000018 
22.29222023848687 37.96980689278399 5858.349000000017 
22.29222023848687 37.96980689278399 5866.682000000017 
22.29222023848687 37.96980689278399 5875.015000000017 
22.29222023848687 37.96980689278399 5883.348000000016 
22.29222023848687 37.96980689278399 5891.681000000016 
22.29222023848687 37.96980689278399 5900.014000000016 
22.29222023848687 37.96980689278399 5908.347000000015 
22.29222023848687 37.96980689278399 5916.680000000015 
22.29222023848687 37.96980689278399 5925.0130000000145 
22.29222023848687 37.96980689278399 5933.346000000014 
22.29222023848687 37.96980689278399 5941.679000000014 
22.29222023848687 37.96980689278399 5950.012000000013 
22.29222023848687 37.96980689278399 5958.345000000013 
22.29222023848687 37.96980689278399 5966.678000000013 
22.29222023848687 37.96980689278399 5975.011000000012 
22.29222023848687 37.96980689278399 5983.344000000012 
22.29222023848687 37.96980689278399 5991.6770000000115 
22.29222023848687 37.96980689278399 6000.010000000011 
22.29222023848687 37.96980689278399 6008.343000000011 
22.29222023848687 37.96980689278399 6016.67600000001 
22.29222023848687 37.96980689278399 6025.00900000001 
22.29222023848687 37.96980689278399 6033.34200000001 
22.29222023848687 37.96980689278399 6041.675000000009 
22.29222023848687 37.96980689278399 6050.008000000009 
22.29222023848687 37.96980689278399 6058.3410000000085 
22.29222023848687 37.96980689278399 6066.674000000008 
22.29222023848687 37.96980689278399 6075.007000000008 
22.29222023848687 37.96980689278399 6083.340000000007 
22.29222023848687 37.96980689278399 6091.673000000007 
22.29222023848687 37.96980689278399 6100.006000000007 
22.29222023848687 37.96980689278399 6108.339000000006 
22.29222023848687 37.96980689278399 6116.672000000006 
22.29222023848687 37.96980689278399 6125.005000000006 
22.29222023848687 37.96980689278399 6133.338000000005 
22.29222023848687 37.96980689278399 6141.671000000005 
22.29222023848687 37.96980689278399 6150.004000000004 
22.29222023848687 37.96980689278399 6158.337000000004 
22.29222023848687 37.96980689278399 6166.670000000004 
22.29222023848687 37.96980689278399 6175.003000000003 
22.29222023848687 37.96980689278399 6183.336000000003 
22.29222023848687 37.96980689278399 6191.669000000003 
22.29222023848687 37.96980689278399 6200.002000000002 
22.29222023848687 37.96980689278399 6208.335000000002 
22.29222023848687 37.96980689278399 6216.6680000000015 
22.29222023848687 37.96980689278399 6225.001000000001 
22.29222023848687 37.96980689278399 6233.334000000001 
22.29222023848687 37.96980689278399 6241.667 
22.29222023848687 37.96980689278399 6250.0 
22.29222023848687 37.96980689278399 6258.333 
22.29222023848687 37.96980689278399 6266.665999999999 
22.29222023848687 37.96980689278399 6274.998999999999 
22.29222023848687 37.96980689278399 6283.3319999999985 
22.29222023848687 37.96980689278399 6291.664999999998 
22.29222023848687 37.96980689278399 6299.997999999998 
22.29222023848687 37.96980689278399 6308.330999999997 
22.29222023848687 37.96980689278399 6316.663999999997 
22.29222023848687 37.96980689278399 6324.996999999997 
22.29222023848687 37.96980689278399 6333.329999999996 
22.29222023848687 37.96980689278399 6341.662999999996 
22.29222023848687 37.96980689278399 6349.995999999996 
22.29222023848687 37.96980689278399 6358.328999999995 
22.29222023848687 37.96980689278399 6366.661999999995 
22.29222023848687 37.96980689278399 6374.994999999994 
22.29222023848687 37.96980689278399 6383.327999999994 
22.29222023848687 37.96980689278399 6391.660999999994 
22.29222023848687 37.96980689278399 6399.993999999993 
22.29222023848687 37.96980689278399 6408.326999999993 
22.29222023848687 37.96980689278399 6416.659999999993 
22.29222023848687 37.96980689278399 6424.992999999992 
22.29222023848687 37.96980689278399 6433.325999999992 
22.29222023848687 37.96980689278399 6441.6589999999915 
22.29222023848687 37.96980689278399 6449.991999999991 
22.29222023848687 37.96980689278399 6458.324999999991 
22.29222023848687 37.96980689278399 6466.65799999999 
22.29222023848687 37.96980689278399 6474.99099999999 
22.29222023848687 37.96980689278399 6483.32399999999 
22.29222023848687 37.96980689278399 6491.656999999989 
22.29222023848687 37.96980689278399 6499.989999999989 
22.29222023848687 37.96980689278399 6508.3229999999885 
22.29222023848687 37.96980689278399 6516.655999999988 
22.29222023848687 37.96980689278399 6524.988999999988 
22.29222023848687 37.96980689278399 6533.321999999987 
22.29222023848687 37.96980689278399 6541.654999999987 
22.29222023848687 37.96980689278399 6549.987999999987 
22.29222023848687 37.96980689278399 6558.320999999986 
22.29222023848687 37.96980689278399 6566.653999999986 
22.29222023848687 37.96980689278399 6574.9869999999855 
22.29222023848687 37.96980689278399 6583.319999999985 
22.29222023848687 37.96980689278399 6591.652999999985 
22.29222023848687 37.96980689278399 6599.985999999984 
22.29222023848687 37.96980689278399 6608.318999999984 
22.29222023848687 37.96980689278399 6616.651999999984 
22.29222023848687 37.96980689278399 6624.984999999983 
22.29222023848687 37.96980689278399 6633.317999999983 
22.29222023848687 37.96980689278399 6641.650999999983 
22.29222023848687 37.96980689278399 6649.983999999982 
22.29222023848687 37.96980689278399 6658.316999999982 
22.29222023848687 37.96980689278399 6666.649999999981 
22.29222023848687 37.96980689278399 6674.982999999981 
22.29222023848687 37.96980689278399 6683.315999999981 
22.29222023848687 37.96980689278399 6691.64899999998 
22.29222023848687 37.96980689278399 6699.98199999998 
22.29222023848687 37.96980689278399 6708.31499999998 
22.29222023848687 37.96980689278399 6716.647999999979 
22.29222023848687 37.96980689278399 6724.980999999979 
22.29222023848687 37.96980689278399 6733.3139999999785 
22.29222023848687 37.96980689278399 6741.646999999978 
22.29222023848687 37.96980689278399 6749.979999999978 
22.29222023848687 37.96980689278399 6758.312999999977 
22.29222023848687 37.96980689278399 6766.645999999977 
22.29222023848687 37.96980689278399 6774.978999999977 
22.29222023848687 37.96980689278399 6783.311999999976 
22.29222023848687 37.96980689278399 6791.644999999976 
22.29222023848687 37.96980689278399 6799.9779999999755 
22.29222023848687 37.96980689278399 6808.310999999975 
22.29222023848687 37.96980689278399 6816.643999999975 
22.29222023848687 37.96980689278399 6824.976999999974 
22.29222023848687 37.96980689278399 6833.309999999974 
22.29222023848687 37.96980689278399 6841.642999999974 
22.29222023848687 37.96980689278399 6849.975999999973 
22.29222023848687 37.96980689278399 6858.308999999973 
22.29222023848687 37.96980689278399 6866.6419999999725 
22.29222023848687 37.96980689278399 6874.974999999972 
22.29222023848687 37.96980689278399 6883.307999999972 
22.29222023848687 37.96980689278399 6891.640999999971 
22.29222023848687 37.96980689278399 6899.973999999971 
22.29222023848687 37.96980689278399 6908.306999999971 
22.29222023848687 37.96980689278399 6916.63999999997 
22.29222023848687 37.96980689278399 6924.97299999997 
22.29222023848687 37.96980689278399 6933.30599999997 
22.29222023848687 37.96980689278399 6941.638999999969 
22.29222023848687 37.96980689278399 6949.971999999969 
22.29222023848687 37.96980689278399 6958.3049999999685 
22.29222023848687 37.96980689278399 6966.637999999968 
22.29222023848687 37.96980689278399 6974.970999999968 
22.29222023848687 37.96980689278399 6983.303999999967 
22.29222023848687 37.96980689278399 6991.636999999967 
22.29222023848687 37.96980689278399 6999.969999999967 
22.29222023848687 37.96980689278399 7008.302999999966 
22.29222023848687 37.96980689278399 7016.635999999966 
22.29222023848687 37.96980689278399 7024.9689999999655 
22.29222023848687 37.96980689278399 7033.301999999965 
22.29222023848687 37.96980689278399 7041.634999999965 
22.29222023848687 37.96980689278399 7049.967999999964 
22.29222023848687 37.96980689278399 7058.300999999964 
22.29222023848687 37.96980689278399 7066.633999999964 
22.29222023848687 37.96980689278399 7074.966999999963 
22.29222023848687 37.96980689278399 7083.299999999963 
22.29222023848687 37.96980689278399 7091.6329999999625 
22.29222023848687 37.96980689278399 7099.965999999962 
22.29222023848687 37.96980689278399 7108.298999999962 
22.29222023848687 37.96980689278399 7116.631999999961 
22.29222023848687 37.96980689278399 7124.964999999961 
22.29222023848687 37.96980689278399 7133.297999999961 
22.29222023848687 37.96980689278399 7141.63099999996 
22.29222023848687 37.96980689278399 7149.96399999996 
22.29222023848687 37.96980689278399 7158.29699999996 
22.29222023848687 37.96980689278399 7166.629999999959 
22.29222023848687 37.96980689278399 7174.962999999959 
22.29222023848687 37.96980689278399 7183.295999999958 
22.29222023848687 37.96980689278399 7191.628999999958 
22.29222023848687 37.96980689278399 7199.961999999958 
22.29222023848687 37.96980689278399 7208.294999999957 
22.29222023848687 37.96980689278399 7216.627999999957 
22.29222023848687 37.96980689278399 7224.960999999957 
22.29222023848687 37.96980689278399 7233.293999999956 
22.29222023848687 37.96980689278399 7241.626999999956 
22.29222023848687 37.96980689278399 7249.9599999999555 
22.29222023848687 37.96980689278399 7258.292999999955 
22.29222023848687 37.96980689278399 7266.625999999955 
22.29222023848687 37.96980689278399 7274.958999999954 
22.29222023848687 37.96980689278399 7283.291999999954 
22.29222023848687 37.96980689278399 7291.624999999954 
22.29222023848687 37.96980689278399 7299.957999999953 
22.29222023848687 37.96980689278399 7308.290999999953 
22.29222023848687 37.96980689278399 7316.6239999999525 
22.29222023848687 37.96980689278399 7324.956999999952 
22.29222023848687 37.96980689278399 7333.289999999952 
22.29222023848687 37.96980689278399 7341.622999999951 
22.29222023848687 37.96980689278399 7349.955999999951 
22.29222023848687 37.96980689278399 7358.288999999951 
22.29222023848687 37.96980689278399 7366.62199999995 
22.29222023848687 37.96980689278399 7374.95499999995 
22.29222023848687 37.96980689278399 7383.2879999999495 
22.29222023848687 37.96980689278399 7391.620999999949 
22.29222023848687 37.96980689278399 7399.953999999949 
22.29222023848687 37.96980689278399 7408.286999999948 
22.29222023848687 37.96980689278399 7416.619999999948 
22.29222023848687 37.96980689278399 7424.952999999948 
22.29222023848687 37.96980689278399 7433.285999999947 
22.29222023848687 37.96980689278399 7441.618999999947 
22.29222023848687 37.96980689278399 7449.951999999947 
22.29222023848687 37.96980689278399 7458.284999999946 
22.29222023848687 37.96980689278399 7466.617999999946 
22.29222023848687 37.96980689278399 7474.950999999945 
22.29222023848687 37.96980689278399 7483.283999999945 
22.29222023848687 37.96980689278399 7491.616999999945 
22.29222023848687 37.96980689278399 7499.949999999944 
22.29222023848687 37.96980689278399 7508.282999999944 
22.29222023848687 37.96980689278399 7516.615999999944 
22.29222023848687 37.96980689278399 7524.948999999943 
22.29222023848687 37.96980689278399 7533.281999999943 
22.29222023848687 37.96980689278399 7541.6149999999425 
22.29222023848687 37.96980689278399 7549.947999999942 
22.29222023848687 37.96980689278399 7558.280999999942 
22.29222023848687 37.96980689278399 7566.613999999941 
22.29222023848687 37.96980689278399 7574.946999999941 
22.29222023848687 37.96980689278399 7583.279999999941 
22.29222023848687 37.96980689278399 7591.61299999994 
22.29222023848687 37.96980689278399 7599.94599999994 
22.29222023848687 37.96980689278399 7608.2789999999395 
22.29222023848687 37.96980689278399 7616.611999999939 
22.29222023848687 37.96980689278399 7624.944999999939 
22.29222023848687 37.96980689278399 7633.277999999938 
22.29222023848687 37.96980689278399 7641.610999999938 
22.29222023848687 37.96980689278399 7649.943999999938 
22.29222023848687 37.96980689278399 7658.276999999937 
22.29222023848687 37.96980689278399 7666.609999999937 
22.29222023848687 37.96980689278399 7674.942999999937 
22.29222023848687 37.96980689278399 7683.275999999936 
22.29222023848687 37.96980689278399 7691.608999999936 
22.29222023848687 37.96980689278399 7699.941999999935 
22.29222023848687 37.96980689278399 7708.274999999935 
22.29222023848687 37.96980689278399 7716.607999999935 
22.29222023848687 37.96980689278399 7724.940999999934 
22.29222023848687 37.96980689278399 7733.273999999934 
22.29222023848687 37.96980689278399 7741.606999999934 
22.29222023848687 37.96980689278399 7749.939999999933 
22.29222023848687 37.96980689278399 7758.272999999933 
22.29222023848687 37.96980689278399 7766.6059999999325 
22.29222023848687 37.96980689278399 7774.938999999932 
22.29222023848687 37.96980689278399 7783.271999999932 
22.29222023848687 37.96980689278399 7791.604999999931 
22.29222023848687 37.96980689278399 7799.937999999931 
22.29222023848687 37.96980689278399 7808.270999999931 
22.29222023848687 37.96980689278399 7816.60399999993 
22.29222023848687 37.96980689278399 7824.93699999993 
22.29222023848687 37.96980689278399 7833.2699999999295 
22.29222023848687 37.96980689278399 7841.602999999929 
22.29222023848687 37.96980689278399 7849.935999999929 
22.29222023848687 37.96980689278399 7858.268999999928 
22.29222023848687 37.96980689278399 7866.601999999928 
22.29222023848687 37.96980689278399 7874.934999999928 
22.29222023848687 37.96980689278399 7883.267999999927 
22.29222023848687 37.96980689278399 7891.600999999927 
22.29222023848687 37.96980689278399 7899.9339999999265 
22.29222023848687 37.96980689278399 7908.266999999926 
22.29222023848687 37.96980689278399 7916.599999999926 
22.29222023848687 37.96980689278399 7924.932999999925 
22.29222023848687 37.96980689278399 7933.265999999925 
22.29222023848687 37.96980689278399 7941.598999999925 
22.29222023848687 37.96980689278399 7949.931999999924 
22.29222023848687 37.96980689278399 7958.264999999924 
22.29222023848687 37.96980689278399 7966.597999999924 
22.29222023848687 37.96980689278399 7974.930999999923 
22.29222023848687 37.96980689278399 7983.263999999923 
22.29222023848687 37.96980689278399 7991.596999999922 
22.29222023848687 37.96980689278399 7999.929999999922 
22.29222023848687 37.96980689278399 8008.262999999922 
22.29222023848687 37.96980689278399 8016.595999999921 
22.29222023848687 37.96980689278399 8024.928999999921 
22.29222023848687 37.96980689278399 8033.261999999921 
22.29222023848687 37.96980689278399 8041.59499999992 
22.29222023848687 37.96980689278399 8049.92799999992 
22.29222023848687 37.96980689278399 8058.2609999999195 
22.29222023848687 37.96980689278399 8066.593999999919 
22.29222023848687 37.96980689278399 8074.926999999919 
22.29222023848687 37.96980689278399 8083.259999999918 
22.29222023848687 37.96980689278399 8091.592999999918 
22.29222023848687 37.96980689278399 8099.925999999918 
22.29222023848687 37.96980689278399 8108.258999999917 
22.29222023848687 37.96980689278399 8116.591999999917 
22.29222023848687 37.96980689278399 8124.9249999999165 
22.29222023848687 37.96980689278399 8133.257999999916 
22.29222023848687 37.96980689278399 8141.590999999916 
22.29222023848687 37.96980689278399 8149.923999999915 
22.29222023848687 37.96980689278399 8158.256999999915 
22.29222023848687 37.96980689278399 8166.589999999915 
22.29222023848687 37.96980689278399 8174.922999999914 
22.29222023848687 37.96980689278399 8183.255999999914 
22.29222023848687 37.96980689278399 8191.5889999999135 
22.29222023848687 37.96980689278399 8199.921999999913 
22.29222023848687 37.96980689278399 8208.254999999914 
22.29222023848687 37.96980689278399 8216.587999999912 
22.29222023848687 37.96980689278399 8224.920999999911 
22.29222023848687 37.96980689278399 8233.253999999912 
22.29222023848687 37.96980689278399 8241.586999999912 
22.29222023848687 37.96980689278399 8249.919999999911 
22.29222023848687 37.96980689278399 8258.25299999991 
22.29222023848687 37.96980689278399 8266.58599999991 
22.29222023848687 37.96980689278399 8274.91899999991 
22.29222023848687 37.96980689278399 8283.25199999991 
22.29222023848687 37.96980689278399 8291.584999999908 
22.29222023848687 37.96980689278399 8299.917999999909 
22.29222023848687 37.96980689278399 8308.25099999991 
22.29222023848687 37.96980689278399 8316.583999999908 
22.29222023848687 37.96980689278399 8324.916999999907 
22.29222023848687 37.96980689278399 8333.249999999907 
22.29222023848687 37.96980689278399 8341.582999999908 
22.29222023848687 37.96980689278399 8349.915999999906 
22.29222023848687 37.96980689278399 8358.248999999905 
22.29222023848687 37.96980689278399 8366.581999999906 
22.29222023848687 37.96980689278399 8374.914999999906 
22.29222023848687 37.96980689278399 8383.247999999905 
22.29222023848687 37.96980689278399 8391.580999999904 
22.29222023848687 37.96980689278399 8399.913999999904 
22.29222023848687 37.96980689278399 8408.246999999905 
22.29222023848687 37.96980689278399 8416.579999999904 
22.29222023848687 37.96980689278399 8424.912999999902 
22.29222023848687 37.96980689278399 8433.245999999903 
22.29222023848687 37.96980689278399 8441.578999999903 
22.29222023848687 37.96980689278399 8449.911999999902 
22.29222023848687 37.96980689278399 8458.2449999999 
22.29222023848687 37.96980689278399 8466.577999999901 
22.29222023848687 37.96980689278399 8474.910999999902 
22.29222023848687 37.96980689278399 8483.2439999999 
22.29222023848687 37.96980689278399 8491.5769999999 
22.29222023848687 37.96980689278399 8499.9099999999 
22.29222023848687 37.96980689278399 8508.2429999999 
22.29222023848687 37.96980689278399 8516.575999999899 
22.29222023848687 37.96980689278399 8524.908999999898 
22.29222023848687 37.96980689278399 8533.241999999898 
22.29222023848687 37.96980689278399 8541.574999999899 
22.29222023848687 37.96980689278399 8549.907999999898 
22.29222023848687 37.96980689278399 8558.240999999896 
22.29222023848687 37.96980689278399 8566.573999999897 
22.29222023848687 37.96980689278399 8574.906999999897 
22.29222023848687 37.96980689278399 8583.239999999896 
22.29222023848687 37.96980689278399 8591.572999999895 
22.29222023848687 37.96980689278399 8599.905999999895 
22.29222023848687 37.96980689278399 8608.238999999896 
22.29222023848687 37.96980689278399 8616.571999999895 
22.29222023848687 37.96980689278399 8624.904999999893 
22.29222023848687 37.96980689278399 8633.237999999894 
22.29222023848687 37.96980689278399 8641.570999999894 
22.29222023848687 37.96980689278399 8649.903999999893 
22.29222023848687 37.96980689278399 8658.236999999892 
22.29222023848687 37.96980689278399 8666.569999999892 
22.29222023848687 37.96980689278399 8674.902999999893 
22.29222023848687 37.96980689278399 8683.235999999892 
22.29222023848687 37.96980689278399 8691.56899999989 
22.29222023848687 37.96980689278399 8699.90199999989 
22.29222023848687 37.96980689278399 8708.234999999891 
22.29222023848687 37.96980689278399 8716.56799999989 
22.29222023848687 37.96980689278399 8724.900999999889 
22.29222023848687 37.96980689278399 8733.23399999989 
22.29222023848687 37.96980689278399 8741.56699999989 
22.29222023848687 37.96980689278399 8749.899999999889 
22.29222023848687 37.96980689278399 8758.232999999887 
22.29222023848687 37.96980689278399 8766.565999999888 
22.29222023848687 37.96980689278399 8774.898999999888 
22.29222023848687 37.96980689278399 8783.231999999887 
22.29222023848687 37.96980689278399 8791.564999999886 
22.29222023848687 37.96980689278399 8799.897999999886 
22.29222023848687 37.96980689278399 8808.230999999887 
22.29222023848687 37.96980689278399 8816.563999999886 
22.29222023848687 37.96980689278399 8824.896999999884 
22.29222023848687 37.96980689278399 8833.229999999885 
22.29222023848687 37.96980689278399 8841.562999999886 
22.29222023848687 37.96980689278399 8849.895999999884 
22.29222023848687 37.96980689278399 8858.228999999883 
22.29222023848687 37.96980689278399 8866.561999999883 
22.29222023848687 37.96980689278399 8874.894999999884 
22.29222023848687 37.96980689278399 8883.227999999883 
22.29222023848687 37.96980689278399 8891.560999999881 
22.29222023848687 37.96980689278399 8899.893999999882 
22.29222023848687 37.96980689278399 8908.226999999883 
22.29222023848687 37.96980689278399 8916.559999999881 
22.29222023848687 37.96980689278399 8924.89299999988 
22.29222023848687 37.96980689278399 8933.22599999988 
22.29222023848687 37.96980689278399 8941.558999999881 
22.29222023848687 37.96980689278399 8949.89199999988 
22.29222023848687 37.96980689278399 8958.224999999878 
22.29222023848687 37.96980689278399 8966.557999999879 
22.29222023848687 37.96980689278399 8974.89099999988 
22.29222023848687 37.96980689278399 8983.223999999878 
22.29222023848687 37.96980689278399 8991.556999999877 
22.29222023848687 37.96980689278399 8999.889999999878 
22.29222023848687 37.96980689278399 9008.222999999878 
22.29222023848687 37.96980689278399 9016.555999999877 
22.29222023848687 37.96980689278399 9024.888999999876 
22.29222023848687 37.96980689278399 9033.221999999876 
22.29222023848687 37.96980689278399 9041.554999999877 
22.29222023848687 37.96980689278399 9049.887999999875 
22.29222023848687 37.96980689278399 9058.220999999874 
22.29222023848687 37.96980689278399 9066.553999999875 
22.29222023848687 37.96980689278399 9074.886999999875 
22.29222023848687 37.96980689278399 9083.219999999874 
22.29222023848687 37.96980689278399 9091.552999999873 
22.29222023848687 37.96980689278399 9099.885999999873 
22.29222023848687 37.96980689278399 9108.218999999874 
22.29222023848687 37.96980689278399 9116.551999999872 
22.29222023848687 37.96980689278399 9124.884999999871 
22.29222023848687 37.96980689278399 9133.217999999872 
22.29222023848687 37.96980689278399 9141.550999999872 
22.29222023848687 37.96980689278399 9149.88399999987 
22.29222023848687 37.96980689278399 9158.21699999987 
22.29222023848687 37.96980689278399 9166.54999999987 
22.29222023848687 37.96980689278399 9174.88299999987 
22.29222023848687 37.96980689278399 9183.21599999987 
22.29222023848687 37.96980689278399 9191.548999999868 
22.29222023848687 37.96980689278399 9199.881999999869 
22.29222023848687 37.96980689278399 9208.21499999987 
22.29222023848687 37.96980689278399 9216.547999999868 
22.29222023848687 37.96980689278399 9224.880999999867 
22.29222023848687 37.96980689278399 9233.213999999867 
22.29222023848687 37.96980689278399 9241.546999999868 
22.29222023848687 37.96980689278399 9249.879999999866 
22.29222023848687 37.96980689278399 9258.212999999865 
22.29222023848687 37.96980689278399 9266.545999999866 
22.29222023848687 37.96980689278399 9274.878999999866 
22.29222023848687 37.96980689278399 9283.211999999865 
22.29222023848687 37.96980689278399 9291.544999999864 
22.29222023848687 37.96980689278399 9299.877999999864 
22.29222023848687 37.96980689278399 9308.210999999865 
22.29222023848687 37.96980689278399 9316.543999999863 
22.29222023848687 37.96980689278399 9324.876999999862 
22.29222023848687 37.96980689278399 9333.209999999863 
22.29222023848687 37.96980689278399 9341.542999999863 
22.29222023848687 37.96980689278399 9349.875999999862 
22.29222023848687 37.96980689278399 9358.20899999986 
22.29222023848687 37.96980689278399 9366.541999999861 
22.29222023848687 37.96980689278399 9374.874999999862 
22.29222023848687 37.96980689278399 9383.20799999986 
22.29222023848687 37.96980689278399 9391.54099999986 
22.29222023848687 37.96980689278399 9399.87399999986 
22.29222023848687 37.96980689278399 9408.20699999986 
22.29222023848687 37.96980689278399 9416.539999999859 
22.29222023848687 37.96980689278399 9424.872999999858 
22.29222023848687 37.96980689278399 9433.205999999858 
22.29222023848687 37.96980689278399 9441.538999999859 
22.29222023848687 37.96980689278399 9449.871999999858 
22.29222023848687 37.96980689278399 9458.204999999856 
22.29222023848687 37.96980689278399 9466.537999999857 
22.29222023848687 37.96980689278399 9474.870999999857 
22.29222023848687 37.96980689278399 9483.203999999856 
22.29222023848687 37.96980689278399 9491.536999999855 
22.29222023848687 37.96980689278399 9499.869999999855 
22.29222023848687 37.96980689278399 9508.202999999856 
22.29222023848687 37.96980689278399 9516.535999999855 
22.29222023848687 37.96980689278399 9524.868999999853 
22.29222023848687 37.96980689278399 9533.201999999854 
22.29222023848687 37.96980689278399 9541.534999999854 
22.29222023848687 37.96980689278399 9549.867999999853 
22.29222023848687 37.96980689278399 9558.200999999852 
22.29222023848687 37.96980689278399 9566.533999999852 
22.29222023848687 37.96980689278399 9574.866999999853 
22.29222023848687 37.96980689278399 9583.199999999852 
22.29222023848687 37.96980689278399 9591.53299999985 
22.29222023848687 37.96980689278399 9599.86599999985 
22.29222023848687 37.96980689278399 9608.198999999851 
22.29222023848687 37.96980689278399 9616.53199999985 
22.29222023848687 37.96980689278399 9624.864999999849 
22.29222023848687 37.96980689278399 9633.19799999985 
22.29222023848687 37.96980689278399 9641.53099999985 
22.29222023848687 37.96980689278399 9649.863999999849 
22.29222023848687 37.96980689278399 9658.196999999847 
22.29222023848687 37.96980689278399 9666.529999999848 
22.29222023848687 37.96980689278399 9674.862999999848 
22.29222023848687 37.96980689278399 9683.195999999847 
22.29222023848687 37.96980689278399 9691.528999999846 
22.29222023848687 37.96980689278399 9699.861999999846 
22.29222023848687 37.96980689278399 9708.194999999847 
22.29222023848687 37.96980689278399 9716.527999999846 
22.29222023848687 37.96980689278399 9724.860999999844 
22.29222023848687 37.96980689278399 9733.193999999845 
22.29222023848687 37.96980689278399 9741.526999999845 
22.29222023848687 37.96980689278399 9749.859999999844 
22.29222023848687 37.96980689278399 9758.192999999843 
22.29222023848687 37.96980689278399 9766.525999999843 
22.29222023848687 37.96980689278399 9774.858999999844 
22.29222023848687 37.96980689278399 9783.191999999843 
22.29222023848687 37.96980689278399 9791.524999999841 
22.29222023848687 37.96980689278399 9799.857999999842 
22.29222023848687 37.96980689278399 9808.190999999842 
22.29222023848687 37.96980689278399 9816.523999999841 
22.29222023848687 37.96980689278399 9824.85699999984 
22.29222023848687 37.96980689278399 9833.18999999984 
22.29222023848687 37.96980689278399 9841.522999999841 
22.29222023848687 37.96980689278399 9849.85599999984 
22.29222023848687 37.96980689278399 9858.188999999838 
22.29222023848687 37.96980689278399 9866.521999999839 
22.29222023848687 37.96980689278399 9874.85499999984 
22.29222023848687 37.96980689278399 9883.187999999838 
22.29222023848687 37.96980689278399 9891.520999999837 
22.29222023848687 37.96980689278399 9899.853999999837 
22.29222023848687 37.96980689278399 9908.186999999838 
22.29222023848687 37.96980689278399 9916.519999999837 
22.29222023848687 37.96980689278399 9924.852999999835 
22.29222023848687 37.96980689278399 9933.185999999836 
22.29222023848687 37.96980689278399 9941.518999999837 
22.29222023848687 37.96980689278399 9949.851999999835 
22.29222023848687 37.96980689278399 9958.184999999834 
22.29222023848687 37.96980689278399 9966.517999999835 
22.29222023848687 37.96980689278399 9974.850999999835 
22.29222023848687 37.96980689278399 9983.183999999834 
22.29222023848687 37.96980689278399 9991.516999999832 
22.29222023848687 37.96980689278399 9999.849999999833 
22.29222023848687 37.96980689278399 10008.182999999834 
22.29222023848687 37.96980689278399 10016.515999999832 
22.29222023848687 37.96980689278399 10024.848999999831 
22.29222023848687 37.96980689278399 10033.181999999832 
22.29222023848687 37.96980689278399 10041.514999999832 
22.29222023848687 37.96980689278399 10049.84799999983 
22.29222023848687 37.96980689278399 10058.18099999983 
22.29222023848687 37.96980689278399 10066.51399999983 
22.29222023848687 37.96980689278399 10074.84699999983 
22.29222023848687 37.96980689278399 10083.17999999983 
22.29222023848687 37.96980689278399 10091.512999999828 
22.29222023848687 37.96980689278399 10099.845999999829 
22.29222023848687 37.96980689278399 10108.17899999983 
22.29222023848687 37.96980689278399 10116.511999999828 
22.29222023848687 37.96980689278399 10124.844999999827 
22.29222023848687 37.96980689278399 10133.177999999827 
22.29222023848687 37.96980689278399 10141.510999999828 
22.29222023848687 37.96980689278399 10149.843999999826 
22.29222023848687 37.96980689278399 10158.176999999825 
22.29222023848687 37.96980689278399 10166.509999999826 
22.29222023848687 37.96980689278399 10174.842999999826 
22.29222023848687 37.96980689278399 10183.175999999825 
22.29222023848687 37.96980689278399 10191.508999999824 
22.29222023848687 37.96980689278399 10199.841999999824 
22.29222023848687 37.96980689278399 10208.174999999825 
22.29222023848687 37.96980689278399 10216.507999999823 
22.29222023848687 37.96980689278399 10224.840999999822 
22.29222023848687 37.96980689278399 10233.173999999823 
22.29222023848687 37.96980689278399 10241.506999999823 
22.29222023848687 37.96980689278399 10249.839999999822 
22.29222023848687 37.96980689278399 10258.17299999982 
22.29222023848687 37.96980689278399 10266.505999999821 
22.29222023848687 37.96980689278399 10274.838999999822 
22.29222023848687 37.96980689278399 10283.17199999982 
22.29222023848687 37.96980689278399 10291.50499999982 
22.29222023848687 37.96980689278399 10299.83799999982 
22.29222023848687 37.96980689278399 10308.17099999982 
22.29222023848687 37.96980689278399 10316.503999999819 
22.29222023848687 37.96980689278399 10324.836999999818 
22.29222023848687 37.96980689278399 10333.169999999818 
22.29222023848687 37.96980689278399 10341.502999999819 
22.29222023848687 37.96980689278399 10349.835999999817 
22.29222023848687 37.96980689278399 10358.168999999816 
22.29222023848687 37.96980689278399 10366.501999999817 
22.29222023848687 37.96980689278399 10374.834999999817 
22.29222023848687 37.96980689278399 10383.167999999816 
22.29222023848687 37.96980689278399 10391.500999999815 
22.29222023848687 37.96980689278399 10399.833999999815 
22.29222023848687 37.96980689278399 10408.166999999816 
22.29222023848687 37.96980689278399 10416.499999999814 
22.29222023848687 37.96980689278399 10424.832999999813 
22.29222023848687 37.96980689278399 10433.165999999814 
22.29222023848687 37.96980689278399 10441.498999999814 
22.29222023848687 37.96980689278399 10449.831999999813 
22.29222023848687 37.96980689278399 10458.164999999812 
22.29222023848687 37.96980689278399 10466.497999999812 
22.29222023848687 37.96980689278399 10474.830999999813 
22.29222023848687 37.96980689278399 10483.163999999811 
22.29222023848687 37.96980689278399 10491.49699999981 
22.29222023848687 37.96980689278399 10499.82999999981 
22.29222023848687 37.96980689278399 10508.162999999811 
22.29222023848687 37.96980689278399 10516.49599999981 
22.29222023848687 37.96980689278399 10524.828999999809 
22.29222023848687 37.96980689278399 10533.16199999981 
22.29222023848687 37.96980689278399 10541.49499999981 
22.29222023848687 37.96980689278399 10549.827999999809 
22.29222023848687 37.96980689278399 10558.160999999807 
22.29222023848687 37.96980689278399 10566.493999999808 
22.29222023848687 37.96980689278399 10574.826999999808 
22.29222023848687 37.96980689278399 10583.159999999807 
22.29222023848687 37.96980689278399 10591.492999999806 
22.29222023848687 37.96980689278399 10599.825999999806 
22.29222023848687 37.96980689278399 10608.158999999807 
22.29222023848687 37.96980689278399 10616.491999999806 
22.29222023848687 37.96980689278399 10624.824999999804 
22.29222023848687 37.96980689278399 10633.157999999805 
22.29222023848687 37.96980689278399 10641.490999999805 
22.29222023848687 37.96980689278399 10649.823999999804 
22.29222023848687 37.96980689278399 10658.156999999803 
22.29222023848687 37.96980689278399 10666.489999999803 
22.29222023848687 37.96980689278399 10674.822999999804 
22.29222023848687 37.96980689278399 10683.155999999803 
22.29222023848687 37.96980689278399 10691.488999999801 
22.29222023848687 37.96980689278399 10699.821999999802 
22.29222023848687 37.96980689278399 10708.154999999802 
22.29222023848687 37.96980689278399 10716.487999999801 
22.29222023848687 37.96980689278399 10724.8209999998 
22.29222023848687 37.96980689278399 10733.1539999998 
22.29222023848687 37.96980689278399 10741.4869999998 
22.29222023848687 37.96980689278399 10749.8199999998 
22.29222023848687 37.96980689278399 10758.152999999798 
22.29222023848687 37.96980689278399 10766.485999999799 
22.29222023848687 37.96980689278399 10774.8189999998 
22.29222023848687 37.96980689278399 10783.151999999798 
22.29222023848687 37.96980689278399 10791.484999999797 
22.29222023848687 37.96980689278399 10799.817999999797 
22.29222023848687 37.96980689278399 10808.150999999798 
22.29222023848687 37.96980689278399 10816.483999999797 
22.29222023848687 37.96980689278399 10824.816999999795 
22.29222023848687 37.96980689278399 10833.149999999796 
22.29222023848687 37.96980689278399 10841.482999999796 
22.29222023848687 37.96980689278399 10849.815999999795 
22.29222023848687 37.96980689278399 10858.148999999794 
22.29222023848687 37.96980689278399 10866.481999999794 
22.29222023848687 37.96980689278399 10874.814999999795 
22.29222023848687 37.96980689278399 10883.147999999794 
22.29222023848687 37.96980689278399 10891.480999999792 
22.29222023848687 37.96980689278399 10899.813999999793 
22.29222023848687 37.96980689278399 10908.146999999793 
22.29222023848687 37.96980689278399 10916.479999999792 
22.29222023848687 37.96980689278399 10924.812999999791 
22.29222023848687 37.96980689278399 10933.145999999791 
22.29222023848687 37.96980689278399 10941.478999999792 
22.29222023848687 37.96980689278399 10949.81199999979 
22.29222023848687 37.96980689278399 10958.14499999979 
22.29222023848687 37.96980689278399 10966.47799999979 
22.29222023848687 37.96980689278399 10974.81099999979 
22.29222023848687 37.96980689278399 10983.14399999979 
22.29222023848687 37.96980689278399 10991.476999999788 
22.29222023848687 37.96980689278399 10999.809999999788 
22.29222023848687 37.96980689278399 11008.142999999789 
22.29222023848687 37.96980689278399 11016.475999999788 
22.29222023848687 37.96980689278399 11024.808999999786 
22.29222023848687 37.96980689278399 11033.141999999787 
22.29222023848687 37.96980689278399 11041.474999999788 
22.29222023848687 37.96980689278399 11049.807999999786 
22.29222023848687 37.96980689278399 11058.140999999785 
22.29222023848687 37.96980689278399 11066.473999999786 
22.29222023848687 37.96980689278399 11074.806999999786 
22.29222023848687 37.96980689278399 11083.139999999785 
22.29222023848687 37.96980689278399 11091.472999999783 
22.29222023848687 37.96980689278399 11099.805999999784 
22.29222023848687 37.96980689278399 11108.138999999785 
22.29222023848687 37.96980689278399 11116.471999999783 
22.29222023848687 37.96980689278399 11124.804999999782 
22.29222023848687 37.96980689278399 11133.137999999783 
22.29222023848687 37.96980689278399 11141.470999999783 
22.29222023848687 37.96980689278399 11149.803999999782 
22.29222023848687 37.96980689278399 11158.13699999978 
22.29222023848687 37.96980689278399 11166.469999999781 
22.29222023848687 37.96980689278399 11174.802999999782 
22.29222023848687 37.96980689278399 11183.13599999978 
22.29222023848687 37.96980689278399 11191.468999999779 
22.29222023848687 37.96980689278399 11199.80199999978 
22.29222023848687 37.96980689278399 11208.13499999978 
22.29222023848687 37.96980689278399 11216.467999999779 
22.29222023848687 37.96980689278399 11224.800999999778 
22.29222023848687 37.96980689278399 11233.133999999778 
22.29222023848687 37.96980689278399 11241.466999999779 
22.29222023848687 37.96980689278399 11249.799999999777 
22.29222023848687 37.96980689278399 11258.132999999776 
22.29222023848687 37.96980689278399 11266.465999999777 
22.29222023848687 37.96980689278399 11274.798999999777 
22.29222023848687 37.96980689278399 11283.131999999776 
22.29222023848687 37.96980689278399 11291.464999999775 
22.29222023848687 37.96980689278399 11299.797999999775 
22.29222023848687 37.96980689278399 11308.130999999776 
22.29222023848687 37.96980689278399 11316.463999999774 
22.29222023848687 37.96980689278399 11324.796999999773 
22.29222023848687 37.96980689278399 11333.129999999774 
22.29222023848687 37.96980689278399 11341.462999999774 
22.29222023848687 37.96980689278399 11349.795999999773 
22.29222023848687 37.96980689278399 11358.128999999772 
22.29222023848687 37.96980689278399 11366.461999999772 
22.29222023848687 37.96980689278399 11374.794999999773 
22.29222023848687 37.96980689278399 11383.127999999771 
22.29222023848687 37.96980689278399 11391.46099999977 
22.29222023848687 37.96980689278399 11399.79399999977 
22.29222023848687 37.96980689278399 11408.126999999771 
22.29222023848687 37.96980689278399 11416.45999999977 
22.29222023848687 37.96980689278399 11424.792999999769 
22.29222023848687 37.96980689278399 11433.12599999977 
22.29222023848687 37.96980689278399 11441.45899999977 
22.29222023848687 37.96980689278399 11449.791999999768 
22.29222023848687 37.96980689278399 11458.124999999767 
22.29222023848687 37.96980689278399 11466.457999999768 
22.29222023848687 37.96980689278399 11474.790999999768 
22.29222023848687 37.96980689278399 11483.123999999767 
22.29222023848687 37.96980689278399 11491.456999999766 
22.29222023848687 37.96980689278399 11499.789999999766 
22.29222023848687 37.96980689278399 11508.122999999767 
22.29222023848687 37.96980689278399 11516.455999999765 
22.29222023848687 37.96980689278399 11524.788999999764 
22.29222023848687 37.96980689278399 11533.121999999765 
22.29222023848687 37.96980689278399 11541.454999999765 
22.29222023848687 37.96980689278399 11549.787999999764 
22.29222023848687 37.96980689278399 11558.120999999763 
22.29222023848687 37.96980689278399 11566.453999999763 
22.29222023848687 37.96980689278399 11574.786999999764 
22.29222023848687 37.96980689278399 11583.119999999763 
22.29222023848687 37.96980689278399 11591.452999999761 
22.29222023848687 37.96980689278399 11599.785999999762 
22.29222023848687 37.96980689278399 11608.118999999762 
22.29222023848687 37.96980689278399 11616.451999999761 
22.29222023848687 37.96980689278399 11624.78499999976 
22.29222023848687 37.96980689278399 11633.11799999976 
22.29222023848687 37.96980689278399 11641.45099999976 
22.29222023848687 37.96980689278399 11649.78399999976 
22.29222023848687 37.96980689278399 11658.116999999758 
22.29222023848687 37.96980689278399 11666.449999999759 
22.29222023848687 37.96980689278399 11674.78299999976 
22.29222023848687 37.96980689278399 11683.115999999758 
22.29222023848687 37.96980689278399 11691.448999999757 
22.29222023848687 37.96980689278399 11699.781999999757 
22.29222023848687 37.96980689278399 11708.114999999758 
22.29222023848687 37.96980689278399 11716.447999999757 
22.29222023848687 37.96980689278399 11724.780999999755 
22.29222023848687 37.96980689278399 11733.113999999756 
22.29222023848687 37.96980689278399 11741.446999999756 
22.29222023848687 37.96980689278399 11749.779999999755 
22.29222023848687 37.96980689278399 11758.112999999754 
22.29222023848687 37.96980689278399 11766.445999999754 
22.29222023848687 37.96980689278399 11774.778999999755 
22.29222023848687 37.96980689278399 11783.111999999754 
22.29222023848687 37.96980689278399 11791.444999999752 
22.29222023848687 37.96980689278399 11799.777999999753 
22.29222023848687 37.96980689278399 11808.110999999753 
22.29222023848687 37.96980689278399 11816.443999999752 
22.29222023848687 37.96980689278399 11824.77699999975 
22.29222023848687 37.96980689278399 11833.109999999751 
22.29222023848687 37.96980689278399 11841.442999999752 
22.29222023848687 37.96980689278399 11849.77599999975 
22.29222023848687 37.96980689278399 11858.10899999975 
22.29222023848687 37.96980689278399 11866.44199999975 
22.29222023848687 37.96980689278399 11874.77499999975 
22.29222023848687 37.96980689278399 11883.10799999975 
22.29222023848687 37.96980689278399 11891.440999999748 
22.29222023848687 37.96980689278399 11899.773999999748 
22.29222023848687 37.96980689278399 11908.106999999749 
22.29222023848687 37.96980689278399 11916.439999999748 
22.29222023848687 37.96980689278399 11924.772999999746 
22.29222023848687 37.96980689278399 11933.105999999747 
22.29222023848687 37.96980689278399 11941.438999999747 
22.29222023848687 37.96980689278399 11949.771999999746 
22.29222023848687 37.96980689278399 11958.104999999745 
22.29222023848687 37.96980689278399 11966.437999999745 
22.29222023848687 37.96980689278399 11974.770999999746 
22.29222023848687 37.96980689278399 11983.103999999745 
22.29222023848687 37.96980689278399 11991.436999999743 
22.29222023848687 37.96980689278399 11999.769999999744 
22.29222023848687 37.96980689278399 12008.102999999744 
22.29222023848687 37.96980689278399 12016.435999999743 
22.29222023848687 37.96980689278399 12024.768999999742 
22.29222023848687 37.96980689278399 12033.101999999742 
22.29222023848687 37.96980689278399 12041.434999999743 
22.29222023848687 37.96980689278399 12049.767999999742 
22.29222023848687 37.96980689278399 12058.10099999974 
22.29222023848687 37.96980689278399 12066.433999999741 
22.29222023848687 37.96980689278399 12074.766999999742 
22.29222023848687 37.96980689278399 12083.09999999974 
22.29222023848687 37.96980689278399 12091.432999999739 
22.29222023848687 37.96980689278399 12099.76599999974 
22.29222023848687 37.96980689278399 12108.09899999974 
22.29222023848687 37.96980689278399 12116.431999999739 
22.29222023848687 37.96980689278399 12124.764999999737 
22.29222023848687 37.96980689278399 12133.097999999738 
22.29222023848687 37.96980689278399 12141.430999999739 
22.29222023848687 37.96980689278399 12149.763999999737 
22.29222023848687 37.96980689278399 12158.096999999736 
22.29222023848687 37.96980689278399 12166.429999999737 
22.29222023848687 37.96980689278399 12174.762999999737 
22.29222023848687 37.96980689278399 12183.095999999736 
22.29222023848687 37.96980689278399 12191.428999999735 
22.29222023848687 37.96980689278399 12199.761999999735 
22.29222023848687 37.96980689278399 12208.094999999736 
22.29222023848687 37.96980689278399 12216.427999999734 
22.29222023848687 37.96980689278399 12224.760999999733 
22.29222023848687 37.96980689278399 12233.093999999734 
22.29222023848687 37.96980689278399 12241.426999999734 
22.29222023848687 37.96980689278399 12249.759999999733 
22.29222023848687 37.96980689278399 12258.092999999732 
22.29222023848687 37.96980689278399 12266.425999999732 
22.29222023848687 37.96980689278399 12274.758999999733 
22.29222023848687 37.96980689278399 12283.091999999731 
22.29222023848687 37.96980689278399 12291.42499999973 
22.29222023848687 37.96980689278399 12299.75799999973 
22.29222023848687 37.96980689278399 12308.090999999731 
22.29222023848687 37.96980689278399 12316.42399999973 
22.29222023848687 37.96980689278399 12324.756999999729 
22.29222023848687 37.96980689278399 12333.08999999973 
22.29222023848687 37.96980689278399 12341.42299999973 
22.29222023848687 37.96980689278399 12349.755999999728 
22.29222023848687 37.96980689278399 12358.088999999727 
22.29222023848687 37.96980689278399 12366.421999999728 
22.29222023848687 37.96980689278399 12374.754999999728 
22.29222023848687 37.96980689278399 12383.087999999727 
22.29222023848687 37.96980689278399 12391.420999999726 
22.29222023848687 37.96980689278399 12399.753999999726 
22.29222023848687 37.96980689278399 12408.086999999727 
22.29222023848687 37.96980689278399 12416.419999999725 
22.29222023848687 37.96980689278399 12424.752999999724 
22.29222023848687 37.96980689278399 12433.085999999725 
22.29222023848687 37.96980689278399 12441.418999999725 
22.29222023848687 37.96980689278399 12449.751999999724 
22.29222023848687 37.96980689278399 12458.084999999723 
22.29222023848687 37.96980689278399 12466.417999999723 
22.29222023848687 37.96980689278399 12474.750999999724 
22.29222023848687 37.96980689278399 12483.083999999722 
22.29222023848687 37.96980689278399 12491.416999999721 
22.29222023848687 37.96980689278399 12499.749999999722 
