1501 
44.21915905548153 75.94837897827294 0.2500000002783054 
44.21915905548153 75.94837897827294 8.583000000278844 
44.21915905548153 75.94837897827294 16.916000000277563 
44.21915905548153 75.94837897827294 25.249000000276283 
44.21915905548153 75.94837897827294 33.58200000027682 
44.21915905548153 75.94837897827294 41.91500000027736 
44.21915905548153 75.94837897827294 50.24800000027608 
44.21915905548153 75.94837897827294 58.5810000002748 
44.21915905548153 75.94837897827294 66.91400000027534 
44.21915905548153 75.94837897827294 75.24700000027588 
44.21915905548153 75.94837897827294 83.5800000002746 
44.21915905548153 75.94837897827294 91.91300000027331 
44.21915905548153 75.94837897827294 100.24600000027385 
44.21915905548153 75.94837897827294 108.57900000027439 
44.21915905548153 75.94837897827294 116.91200000027311 
44.21915905548153 75.94837897827294 125.24500000027183 
44.21915905548153 75.94837897827294 133.57800000027237 
44.21915905548153 75.94837897827294 141.9110000002729 
44.21915905548153 75.94837897827294 150.24400000027163 
44.21915905548153 75.94837897827294 158.57700000027035 
44.21915905548153 75.94837897827294 166.91000000027088 
44.21915905548153 75.94837897827294 175.24300000027142 
44.21915905548153 75.94837897827294 183.57600000027014 
44.21915905548153 75.94837897827294 191.90900000026886 
44.21915905548153 75.94837897827294 200.2420000002694 
44.21915905548153 75.94837897827294 208.57500000026994 
44.21915905548153 75.94837897827294 216.90800000026866 
44.21915905548153 75.94837897827294 225.24100000026738 
44.21915905548153 75.94837897827294 233.57400000026792 
44.21915905548153 75.94837897827294 241.90700000026845 
44.21915905548153 75.94837897827294 250.24000000026717 
44.21915905548153 75.94837897827294 258.5730000002659 
44.21915905548153 75.94837897827294 266.90600000026643 
44.21915905548153 75.94837897827294 275.23900000026697 
44.21915905548153 75.94837897827294 283.5720000002657 
44.21915905548153 75.94837897827294 291.9050000002644 
44.21915905548153 75.94837897827294 300.23800000026495 
44.21915905548153 75.94837897827294 308.5710000002655 
44.21915905548153 75.94837897827294 316.9040000002642 
44.21915905548153 75.94837897827294 325.2370000002629 
44.21915905548153 75.94837897827294 333.57000000026346 
44.21915905548153 75.94837897827294 341.903000000264 
44.21915905548153 75.94837897827294 350.2360000002627 
44.21915905548153 75.94837897827294 358.56900000026144 
44.21915905548153 75.94837897827294 366.902000000262 
44.21915905548153 75.94837897827294 375.2350000002625 
44.21915905548153 75.94837897827294 383.56800000026124 
44.21915905548153 75.94837897827294 391.90100000025996 
44.21915905548153 75.94837897827294 400.2340000002605 
44.21915905548153 75.94837897827294 408.56700000026103 
44.21915905548153 75.94837897827294 416.90000000025975 
44.21915905548153 75.94837897827294 425.23300000025847 
44.21915905548153 75.94837897827294 433.566000000259 
44.21915905548153 75.94837897827294 441.89900000025955 
44.21915905548153 75.94837897827294 450.23200000025827 
44.21915905548153 75.94837897827294 458.565000000257 
44.21915905548153 75.94837897827294 466.8980000002575 
44.21915905548153 75.94837897827294 475.23100000025806 
44.21915905548153 75.94837897827294 483.5640000002568 
44.21915905548153 75.94837897827294 491.8970000002555 
44.21915905548153 75.94837897827294 500.23000000025604 
44.21915905548153 75.94837897827294 508.5630000002566 
44.21915905548153 75.94837897827294 516.8960000002553 
44.21915905548153 75.94837897827294 525.229000000254 
44.21915905548153 75.94837897827294 533.5620000002546 
44.21915905548153 75.94837897827294 541.8950000002551 
44.21915905548153 75.94837897827294 550.2280000002538 
44.21915905548153 75.94837897827294 558.5610000002525 
44.21915905548153 75.94837897827294 566.8940000002531 
44.21915905548153 75.94837897827294 575.2270000002536 
44.21915905548153 75.94837897827294 583.5600000002523 
44.21915905548153 75.94837897827294 591.893000000251 
44.21915905548153 75.94837897827294 600.2260000002516 
44.21915905548153 75.94837897827294 608.5590000002521 
44.21915905548153 75.94837897827294 616.8920000002508 
44.21915905548153 75.94837897827294 625.2250000002496 
44.21915905548153 75.94837897827294 633.5580000002501 
44.21915905548153 75.94837897827294 641.8910000002506 
44.21915905548153 75.94837897827294 650.2240000002494 
44.21915905548153 75.94837897827294 658.5570000002481 
44.21915905548153 75.94837897827294 666.8900000002486 
44.21915905548153 75.94837897827294 675.2230000002492 
44.21915905548153 75.94837897827294 683.5560000002479 
44.21915905548153 75.94837897827294 691.8890000002466 
44.21915905548153 75.94837897827294 700.2220000002471 
44.21915905548153 75.94837897827294 708.5550000002477 
44.21915905548153 75.94837897827294 716.8880000002464 
44.21915905548153 75.94837897827294 725.2210000002451 
44.21915905548153 75.94837897827294 733.5540000002457 
44.21915905548153 75.94837897827294 741.8870000002462 
44.21915905548153 75.94837897827294 750.2200000002449 
44.21915905548153 75.94837897827294 758.5530000002436 
44.21915905548153 75.94837897827294 766.8860000002442 
44.21915905548153 75.94837897827294 775.2190000002447 
44.21915905548153 75.94837897827294 783.5520000002434 
44.21915905548153 75.94837897827294 791.8850000002421 
44.21915905548153 75.94837897827294 800.2180000002427 
44.21915905548153 75.94837897827294 808.5510000002432 
44.21915905548153 75.94837897827294 816.8840000002419 
44.21915905548153 75.94837897827294 825.2170000002407 
44.21915905548153 75.94837897827294 833.5500000002412 
44.21915905548153 75.94837897827294 841.8830000002417 
44.21915905548153 75.94837897827294 850.2160000002405 
44.21915905548153 75.94837897827294 858.5490000002392 
44.21915905548153 75.94837897827294 866.8820000002397 
44.21915905548153 75.94837897827294 875.2150000002403 
44.21915905548153 75.94837897827294 883.548000000239 
44.21915905548153 75.94837897827294 891.8810000002377 
44.21915905548153 75.94837897827294 900.2140000002382 
44.21915905548153 75.94837897827294 908.5470000002388 
44.21915905548153 75.94837897827294 916.8800000002375 
44.21915905548153 75.94837897827294 925.2130000002362 
44.21915905548153 75.94837897827294 933.5460000002367 
44.21915905548153 75.94837897827294 941.8790000002373 
44.21915905548153 75.94837897827294 950.212000000236 
44.21915905548153 75.94837897827294 958.5450000002347 
44.21915905548153 75.94837897827294 966.8780000002353 
44.21915905548153 75.94837897827294 975.2110000002358 
44.21915905548153 75.94837897827294 983.5440000002345 
44.21915905548153 75.94837897827294 991.8770000002332 
44.21915905548153 75.94837897827294 1000.2100000002338 
44.21915905548153 75.94837897827294 1008.5430000002343 
44.21915905548153 75.94837897827294 1016.876000000233 
44.21915905548153 75.94837897827294 1025.2090000002318 
44.21915905548153 75.94837897827294 1033.5420000002323 
44.21915905548153 75.94837897827294 1041.8750000002328 
44.21915905548153 75.94837897827294 1050.2080000002316 
44.21915905548153 75.94837897827294 1058.5410000002303 
44.21915905548153 75.94837897827294 1066.8740000002308 
44.21915905548153 75.94837897827294 1075.2070000002313 
44.21915905548153 75.94837897827294 1083.54000000023 
44.21915905548153 75.94837897827294 1091.8730000002288 
44.21915905548153 75.94837897827294 1100.2060000002293 
44.21915905548153 75.94837897827294 1108.5390000002299 
44.21915905548153 75.94837897827294 1116.8720000002286 
44.21915905548153 75.94837897827294 1125.2050000002273 
44.21915905548153 75.94837897827294 1133.5380000002278 
44.21915905548153 75.94837897827294 1141.8710000002284 
44.21915905548153 75.94837897827294 1150.204000000227 
44.21915905548153 75.94837897827294 1158.5370000002258 
44.21915905548153 75.94837897827294 1166.8700000002264 
44.21915905548153 75.94837897827294 1175.203000000227 
44.21915905548153 75.94837897827294 1183.5360000002256 
44.21915905548153 75.94837897827294 1191.8690000002243 
44.21915905548153 75.94837897827294 1200.2020000002249 
44.21915905548153 75.94837897827294 1208.5350000002254 
44.21915905548153 75.94837897827294 1216.8680000002241 
44.21915905548153 75.94837897827294 1225.2010000002228 
44.21915905548153 75.94837897827294 1233.5340000002234 
44.21915905548153 75.94837897827294 1241.867000000224 
44.21915905548153 75.94837897827294 1250.2000000002226 
44.21915905548153 75.94837897827294 1258.5330000002214 
44.21915905548153 75.94837897827294 1266.866000000222 
44.21915905548153 75.94837897827294 1275.1990000002224 
44.21915905548153 75.94837897827294 1283.5320000002212 
44.21915905548153 75.94837897827294 1291.8650000002199 
44.21915905548153 75.94837897827294 1300.1980000002204 
44.21915905548153 75.94837897827294 1308.531000000221 
44.21915905548153 75.94837897827294 1316.8640000002197 
44.21915905548153 75.94837897827294 1325.1970000002184 
44.21915905548153 75.94837897827294 1333.530000000219 
44.21915905548153 75.94837897827294 1341.8630000002195 
44.21915905548153 75.94837897827294 1350.1960000002182 
44.21915905548153 75.94837897827294 1358.529000000217 
44.21915905548153 75.94837897827294 1366.8620000002174 
44.21915905548153 75.94837897827294 1375.195000000218 
44.21915905548153 75.94837897827294 1383.5280000002167 
44.21915905548153 75.94837897827294 1391.8610000002154 
44.21915905548153 75.94837897827294 1400.194000000216 
44.21915905548153 75.94837897827294 1408.5270000002165 
44.21915905548153 75.94837897827294 1416.8600000002152 
44.21915905548153 75.94837897827294 1425.193000000214 
44.21915905548153 75.94837897827294 1433.5260000002145 
44.21915905548153 75.94837897827294 1441.859000000215 
44.21915905548153 75.94837897827294 1450.1920000002137 
44.21915905548153 75.94837897827294 1458.5250000002125 
44.21915905548153 75.94837897827294 1466.858000000213 
44.21915905548153 75.94837897827294 1475.1910000002135 
44.21915905548153 75.94837897827294 1483.5240000002123 
44.21915905548153 75.94837897827294 1491.857000000211 
44.21915905548153 75.94837897827294 1500.1900000002115 
44.21915905548153 75.94837897827294 1508.523000000212 
44.21915905548153 75.94837897827294 1516.8560000002108 
44.21915905548153 75.94837897827294 1525.1890000002095 
44.21915905548153 75.94837897827294 1533.52200000021 
44.21915905548153 75.94837897827294 1541.8550000002106 
44.21915905548153 75.94837897827294 1550.1880000002093 
44.21915905548153 75.94837897827294 1558.521000000208 
44.21915905548153 75.94837897827294 1566.8540000002085 
44.21915905548153 75.94837897827294 1575.187000000209 
44.21915905548153 75.94837897827294 1583.5200000002078 
44.21915905548153 75.94837897827294 1591.8530000002065 
44.21915905548153 75.94837897827294 1600.186000000207 
44.21915905548153 75.94837897827294 1608.5190000002076 
44.21915905548153 75.94837897827294 1616.8520000002063 
44.21915905548153 75.94837897827294 1625.185000000205 
44.21915905548153 75.94837897827294 1633.5180000002056 
44.21915905548153 75.94837897827294 1641.851000000206 
44.21915905548153 75.94837897827294 1650.1840000002048 
44.21915905548153 75.94837897827294 1658.5170000002036 
44.21915905548153 75.94837897827294 1666.850000000204 
44.21915905548153 75.94837897827294 1675.1830000002046 
44.21915905548153 75.94837897827294 1683.5160000002033 
44.21915905548153 75.94837897827294 1691.849000000202 
44.21915905548153 75.94837897827294 1700.1820000002026 
44.21915905548153 75.94837897827294 1708.5150000002031 
44.21915905548153 75.94837897827294 1716.8480000002019 
44.21915905548153 75.94837897827294 1725.1810000002006 
44.21915905548153 75.94837897827294 1733.5140000002011 
44.21915905548153 75.94837897827294 1741.8470000002017 
44.21915905548153 75.94837897827294 1750.1800000002004 
44.21915905548153 75.94837897827294 1758.513000000199 
44.21915905548153 75.94837897827294 1766.8460000001996 
44.21915905548153 75.94837897827294 1775.1790000002002 
44.21915905548153 75.94837897827294 1783.512000000199 
44.21915905548153 75.94837897827294 1791.8450000001976 
44.21915905548153 75.94837897827294 1800.1780000001982 
44.21915905548153 75.94837897827294 1808.5110000001987 
44.21915905548153 75.94837897827294 1816.8440000001974 
44.21915905548153 75.94837897827294 1825.1770000001961 
44.21915905548153 75.94837897827294 1833.5100000001967 
44.21915905548153 75.94837897827294 1841.8430000001972 
44.21915905548153 75.94837897827294 1850.176000000196 
44.21915905548153 75.94837897827294 1858.5090000001946 
44.21915905548153 75.94837897827294 1866.8420000001952 
44.21915905548153 75.94837897827294 1875.1750000001957 
44.21915905548153 75.94837897827294 1883.5080000001944 
44.21915905548153 75.94837897827294 1891.8410000001932 
44.21915905548153 75.94837897827294 1900.1740000001937 
44.21915905548153 75.94837897827294 1908.5070000001942 
44.21915905548153 75.94837897827294 1916.840000000193 
44.21915905548153 75.94837897827294 1925.1730000001917 
44.21915905548153 75.94837897827294 1933.5060000001922 
44.21915905548153 75.94837897827294 1941.8390000001928 
44.21915905548153 75.94837897827294 1950.1720000001915 
44.21915905548153 75.94837897827294 1958.5050000001902 
44.21915905548153 75.94837897827294 1966.8380000001907 
44.21915905548153 75.94837897827294 1975.1710000001913 
44.21915905548153 75.94837897827294 1983.50400000019 
44.21915905548153 75.94837897827294 1991.8370000001887 
44.21915905548153 75.94837897827294 2000.1700000001892 
44.21915905548153 75.94837897827294 2008.5030000001898 
44.21915905548153 75.94837897827294 2016.8360000001885 
44.21915905548153 75.94837897827294 2025.1690000001872 
44.21915905548153 75.94837897827294 2033.5020000001878 
44.21915905548153 75.94837897827294 2041.8350000001883 
44.21915905548153 75.94837897827294 2050.168000000187 
44.21915905548153 75.94837897827294 2058.5010000001857 
44.21915905548153 75.94837897827294 2066.8340000001863 
44.21915905548153 75.94837897827294 2075.167000000187 
44.21915905548153 75.94837897827294 2083.5000000001855 
44.21915905548153 75.94837897827294 2091.8330000001843 
44.21915905548153 75.94837897827294 2100.166000000185 
44.21915905548153 75.94837897827294 2108.4990000001853 
44.21915905548153 75.94837897827294 2116.832000000184 
44.21915905548153 75.94837897827294 2125.1650000001828 
44.21915905548153 75.94837897827294 2133.4980000001833 
44.21915905548153 75.94837897827294 2141.831000000184 
44.21915905548153 75.94837897827294 2150.1640000001826 
44.21915905548153 75.94837897827294 2158.4970000001813 
44.21915905548153 75.94837897827294 2166.830000000182 
44.21915905548153 75.94837897827294 2175.1630000001824 
44.21915905548153 75.94837897827294 2183.496000000181 
44.21915905548153 75.94837897827294 2191.82900000018 
44.21915905548153 75.94837897827294 2200.1620000001803 
44.21915905548153 75.94837897827294 2208.495000000181 
44.21915905548153 75.94837897827294 2216.8280000001796 
44.21915905548153 75.94837897827294 2225.1610000001783 
44.21915905548153 75.94837897827294 2233.494000000179 
44.21915905548153 75.94837897827294 2241.8270000001794 
44.21915905548153 75.94837897827294 2250.160000000178 
44.21915905548153 75.94837897827294 2258.493000000177 
44.21915905548153 75.94837897827294 2266.8260000001774 
44.21915905548153 75.94837897827294 2275.159000000178 
44.21915905548153 75.94837897827294 2283.4920000001766 
44.21915905548153 75.94837897827294 2291.8250000001754 
44.21915905548153 75.94837897827294 2300.158000000176 
44.21915905548153 75.94837897827294 2308.4910000001764 
44.21915905548153 75.94837897827294 2316.824000000175 
44.21915905548153 75.94837897827294 2325.157000000174 
44.21915905548153 75.94837897827294 2333.4900000001744 
44.21915905548153 75.94837897827294 2341.823000000175 
44.21915905548153 75.94837897827294 2350.1560000001737 
44.21915905548153 75.94837897827294 2358.4890000001724 
44.21915905548153 75.94837897827294 2366.822000000173 
44.21915905548153 75.94837897827294 2375.1550000001735 
44.21915905548153 75.94837897827294 2383.488000000172 
44.21915905548153 75.94837897827294 2391.821000000171 
44.21915905548153 75.94837897827294 2400.1540000001714 
44.21915905548153 75.94837897827294 2408.487000000172 
44.21915905548153 75.94837897827294 2416.8200000001707 
44.21915905548153 75.94837897827294 2425.1530000001694 
44.21915905548153 75.94837897827294 2433.48600000017 
44.21915905548153 75.94837897827294 2441.8190000001705 
44.21915905548153 75.94837897827294 2450.152000000169 
44.21915905548153 75.94837897827294 2458.485000000168 
44.21915905548153 75.94837897827294 2466.8180000001685 
44.21915905548153 75.94837897827294 2475.151000000169 
44.21915905548153 75.94837897827294 2483.4840000001677 
44.21915905548153 75.94837897827294 2491.8170000001664 
44.21915905548153 75.94837897827294 2500.150000000167 
44.21915905548153 75.94837897827294 2508.4830000001675 
44.21915905548153 75.94837897827294 2516.8160000001662 
44.21915905548153 75.94837897827294 2525.149000000165 
44.21915905548153 75.94837897827294 2533.4820000001655 
44.21915905548153 75.94837897827294 2541.815000000166 
44.21915905548153 75.94837897827294 2550.1480000001648 
44.21915905548153 75.94837897827294 2558.4810000001635 
44.21915905548153 75.94837897827294 2566.814000000164 
44.21915905548153 75.94837897827294 2575.1470000001646 
44.21915905548153 75.94837897827294 2583.4800000001633 
44.21915905548153 75.94837897827294 2591.813000000162 
44.21915905548153 75.94837897827294 2600.1460000001625 
44.21915905548153 75.94837897827294 2608.479000000163 
44.21915905548153 75.94837897827294 2616.812000000162 
44.21915905548153 75.94837897827294 2625.1450000001605 
44.21915905548153 75.94837897827294 2633.478000000161 
44.21915905548153 75.94837897827294 2641.8110000001616 
44.21915905548153 75.94837897827294 2650.1440000001603 
44.21915905548153 75.94837897827294 2658.477000000159 
44.21915905548153 75.94837897827294 2666.8100000001596 
44.21915905548153 75.94837897827294 2675.14300000016 
44.21915905548153 75.94837897827294 2683.476000000159 
44.21915905548153 75.94837897827294 2691.8090000001575 
44.21915905548153 75.94837897827294 2700.142000000158 
44.21915905548153 75.94837897827294 2708.4750000001586 
44.21915905548153 75.94837897827294 2716.8080000001573 
44.21915905548153 75.94837897827294 2725.141000000156 
44.21915905548153 75.94837897827294 2733.4740000001566 
44.21915905548153 75.94837897827294 2741.807000000157 
44.21915905548153 75.94837897827294 2750.140000000156 
44.21915905548153 75.94837897827294 2758.4730000001546 
44.21915905548153 75.94837897827294 2766.806000000155 
44.21915905548153 75.94837897827294 2775.1390000001556 
44.21915905548153 75.94837897827294 2783.4720000001544 
44.21915905548153 75.94837897827294 2791.805000000153 
44.21915905548153 75.94837897827294 2800.1380000001536 
44.21915905548153 75.94837897827294 2808.471000000154 
44.21915905548153 75.94837897827294 2816.804000000153 
44.21915905548153 75.94837897827294 2825.1370000001516 
44.21915905548153 75.94837897827294 2833.470000000152 
44.21915905548153 75.94837897827294 2841.8030000001527 
44.21915905548153 75.94837897827294 2850.1360000001514 
44.21915905548153 75.94837897827294 2858.46900000015 
44.21915905548153 75.94837897827294 2866.8020000001507 
44.21915905548153 75.94837897827294 2875.135000000151 
44.21915905548153 75.94837897827294 2883.46800000015 
44.21915905548153 75.94837897827294 2891.8010000001486 
44.21915905548153 75.94837897827294 2900.134000000149 
44.21915905548153 75.94837897827294 2908.4670000001497 
44.21915905548153 75.94837897827294 2916.8000000001484 
44.21915905548153 75.94837897827294 2925.133000000147 
44.21915905548153 75.94837897827294 2933.4660000001477 
44.21915905548153 75.94837897827294 2941.799000000148 
44.21915905548153 75.94837897827294 2950.132000000147 
44.21915905548153 75.94837897827294 2958.4650000001457 
44.21915905548153 75.94837897827294 2966.798000000146 
44.21915905548153 75.94837897827294 2975.1310000001467 
44.21915905548153 75.94837897827294 2983.4640000001455 
44.21915905548153 75.94837897827294 2991.797000000144 
44.21915905548153 75.94837897827294 3000.1300000001447 
44.21915905548153 75.94837897827294 3008.4630000001453 
44.21915905548153 75.94837897827294 3016.796000000144 
44.21915905548153 75.94837897827294 3025.1290000001427 
44.21915905548153 75.94837897827294 3033.4620000001432 
44.21915905548153 75.94837897827294 3041.795000000144 
44.21915905548153 75.94837897827294 3050.1280000001425 
44.21915905548153 75.94837897827294 3058.461000000141 
44.21915905548153 75.94837897827294 3066.7940000001418 
44.21915905548153 75.94837897827294 3075.1270000001423 
44.21915905548153 75.94837897827294 3083.460000000141 
44.21915905548153 75.94837897827294 3091.7930000001397 
44.21915905548153 75.94837897827294 3100.1260000001403 
44.21915905548153 75.94837897827294 3108.459000000141 
44.21915905548153 75.94837897827294 3116.7920000001395 
44.21915905548153 75.94837897827294 3125.1250000001382 
44.21915905548153 75.94837897827294 3133.458000000139 
44.21915905548153 75.94837897827294 3141.7910000001393 
44.21915905548153 75.94837897827294 3150.124000000138 
44.21915905548153 75.94837897827294 3158.4570000001368 
44.21915905548153 75.94837897827294 3166.7900000001373 
44.21915905548153 75.94837897827294 3175.123000000138 
44.21915905548153 75.94837897827294 3183.4560000001366 
44.21915905548153 75.94837897827294 3191.7890000001353 
44.21915905548153 75.94837897827294 3200.122000000136 
44.21915905548153 75.94837897827294 3208.4550000001364 
44.21915905548153 75.94837897827294 3216.788000000135 
44.21915905548153 75.94837897827294 3225.121000000134 
44.21915905548153 75.94837897827294 3233.4540000001343 
44.21915905548153 75.94837897827294 3241.787000000135 
44.21915905548153 75.94837897827294 3250.1200000001336 
44.21915905548153 75.94837897827294 3258.4530000001323 
44.21915905548153 75.94837897827294 3266.786000000133 
44.21915905548153 75.94837897827294 3275.1190000001334 
44.21915905548153 75.94837897827294 3283.452000000132 
44.21915905548153 75.94837897827294 3291.785000000131 
44.21915905548153 75.94837897827294 3300.1180000001314 
44.21915905548153 75.94837897827294 3308.451000000132 
44.21915905548153 75.94837897827294 3316.7840000001306 
44.21915905548153 75.94837897827294 3325.1170000001293 
44.21915905548153 75.94837897827294 3333.45000000013 
44.21915905548153 75.94837897827294 3341.7830000001304 
44.21915905548153 75.94837897827294 3350.116000000129 
44.21915905548153 75.94837897827294 3358.449000000128 
44.21915905548153 75.94837897827294 3366.7820000001284 
44.21915905548153 75.94837897827294 3375.115000000129 
44.21915905548153 75.94837897827294 3383.4480000001276 
44.21915905548153 75.94837897827294 3391.7810000001264 
44.21915905548153 75.94837897827294 3400.114000000127 
44.21915905548153 75.94837897827294 3408.4470000001274 
44.21915905548153 75.94837897827294 3416.780000000126 
44.21915905548153 75.94837897827294 3425.113000000125 
44.21915905548153 75.94837897827294 3433.4460000001254 
44.21915905548153 75.94837897827294 3441.779000000126 
44.21915905548153 75.94837897827294 3450.1120000001247 
44.21915905548153 75.94837897827294 3458.4450000001234 
44.21915905548153 75.94837897827294 3466.778000000124 
44.21915905548153 75.94837897827294 3475.1110000001245 
44.21915905548153 75.94837897827294 3483.444000000123 
44.21915905548153 75.94837897827294 3491.777000000122 
44.21915905548153 75.94837897827294 3500.1100000001225 
44.21915905548153 75.94837897827294 3508.443000000123 
44.21915905548153 75.94837897827294 3516.7760000001217 
44.21915905548153 75.94837897827294 3525.1090000001204 
44.21915905548153 75.94837897827294 3533.442000000121 
44.21915905548153 75.94837897827294 3541.7750000001215 
44.21915905548153 75.94837897827294 3550.1080000001202 
44.21915905548153 75.94837897827294 3558.441000000119 
44.21915905548153 75.94837897827294 3566.7740000001195 
44.21915905548153 75.94837897827294 3575.10700000012 
44.21915905548153 75.94837897827294 3583.4400000001187 
44.21915905548153 75.94837897827294 3591.7730000001175 
44.21915905548153 75.94837897827294 3600.106000000118 
44.21915905548153 75.94837897827294 3608.4390000001185 
44.21915905548153 75.94837897827294 3616.7720000001173 
44.21915905548153 75.94837897827294 3625.105000000116 
44.21915905548153 75.94837897827294 3633.4380000001165 
44.21915905548153 75.94837897827294 3641.771000000117 
44.21915905548153 75.94837897827294 3650.104000000116 
44.21915905548153 75.94837897827294 3658.4370000001145 
44.21915905548153 75.94837897827294 3666.770000000115 
44.21915905548153 75.94837897827294 3675.1030000001156 
44.21915905548153 75.94837897827294 3683.4360000001143 
44.21915905548153 75.94837897827294 3691.769000000113 
44.21915905548153 75.94837897827294 3700.1020000001135 
44.21915905548153 75.94837897827294 3708.435000000114 
44.21915905548153 75.94837897827294 3716.768000000113 
44.21915905548153 75.94837897827294 3725.1010000001115 
44.21915905548153 75.94837897827294 3733.434000000112 
44.21915905548153 75.94837897827294 3741.7670000001126 
44.21915905548153 75.94837897827294 3750.1000000001113 
44.21915905548153 75.94837897827294 3758.43300000011 
44.21915905548153 75.94837897827294 3766.7660000001106 
44.21915905548153 75.94837897827294 3775.099000000111 
44.21915905548153 75.94837897827294 3783.43200000011 
44.21915905548153 75.94837897827294 3791.7650000001086 
44.21915905548153 75.94837897827294 3800.098000000109 
44.21915905548153 75.94837897827294 3808.4310000001096 
44.21915905548153 75.94837897827294 3816.7640000001084 
44.21915905548153 75.94837897827294 3825.097000000107 
44.21915905548153 75.94837897827294 3833.4300000001076 
44.21915905548153 75.94837897827294 3841.763000000108 
44.21915905548153 75.94837897827294 3850.096000000107 
44.21915905548153 75.94837897827294 3858.4290000001056 
44.21915905548153 75.94837897827294 3866.762000000106 
44.21915905548153 75.94837897827294 3875.0950000001067 
44.21915905548153 75.94837897827294 3883.4280000001054 
44.21915905548153 75.94837897827294 3891.761000000104 
44.21915905548153 75.94837897827294 3900.0940000001046 
44.21915905548153 75.94837897827294 3908.427000000105 
44.21915905548153 75.94837897827294 3916.760000000104 
44.21915905548153 75.94837897827294 3925.0930000001026 
44.21915905548153 75.94837897827294 3933.426000000103 
44.21915905548153 75.94837897827294 3941.7590000001037 
44.21915905548153 75.94837897827294 3950.0920000001024 
44.21915905548153 75.94837897827294 3958.425000000101 
44.21915905548153 75.94837897827294 3966.7580000001017 
44.21915905548153 75.94837897827294 3975.091000000102 
44.21915905548153 75.94837897827294 3983.424000000101 
44.21915905548153 75.94837897827294 3991.7570000000997 
44.21915905548153 75.94837897827294 4000.0900000001 
44.21915905548153 75.94837897827294 4008.4230000001007 
44.21915905548153 75.94837897827294 4016.7560000000994 
44.21915905548153 75.94837897827294 4025.089000000098 
44.21915905548153 75.94837897827294 4033.4220000000987 
44.21915905548153 75.94837897827294 4041.7550000000992 
44.21915905548153 75.94837897827294 4050.088000000098 
44.21915905548153 75.94837897827294 4058.4210000000967 
44.21915905548153 75.94837897827294 4066.754000000097 
44.21915905548153 75.94837897827294 4075.0870000000978 
44.21915905548153 75.94837897827294 4083.4200000000965 
44.21915905548153 75.94837897827294 4091.753000000095 
44.21915905548153 75.94837897827294 4100.086000000096 
44.21915905548153 75.94837897827294 4108.419000000096 
44.21915905548153 75.94837897827294 4116.752000000095 
44.21915905548153 75.94837897827294 4125.085000000094 
44.21915905548153 75.94837897827294 4133.418000000094 
44.21915905548153 75.94837897827294 4141.751000000095 
44.21915905548153 75.94837897827294 4150.0840000000935 
44.21915905548153 75.94837897827294 4158.417000000092 
44.21915905548153 75.94837897827294 4166.750000000093 
44.21915905548153 75.94837897827294 4175.083000000093 
44.21915905548153 75.94837897827294 4183.416000000092 
44.21915905548153 75.94837897827294 4191.749000000091 
44.21915905548153 75.94837897827294 4200.082000000091 
44.21915905548153 75.94837897827294 4208.415000000092 
44.21915905548153 75.94837897827294 4216.7480000000905 
44.21915905548153 75.94837897827294 4225.081000000089 
44.21915905548153 75.94837897827294 4233.41400000009 
44.21915905548153 75.94837897827294 4241.74700000009 
44.21915905548153 75.94837897827294 4250.080000000089 
44.21915905548153 75.94837897827294 4258.413000000088 
44.21915905548153 75.94837897827294 4266.746000000088 
44.21915905548153 75.94837897827294 4275.079000000089 
44.21915905548153 75.94837897827294 4283.412000000088 
44.21915905548153 75.94837897827294 4291.745000000086 
44.21915905548153 75.94837897827294 4300.078000000087 
44.21915905548153 75.94837897827294 4308.4110000000865 
44.21915905548153 75.94837897827294 4316.744000000086 
44.21915905548153 75.94837897827294 4325.077000000086 
44.21915905548153 75.94837897827294 4333.410000000085 
44.21915905548153 75.94837897827294 4341.743000000085 
44.21915905548153 75.94837897827294 4350.076000000085 
44.21915905548153 75.94837897827294 4358.409000000084 
44.21915905548153 75.94837897827294 4366.742000000084 
44.21915905548153 75.94837897827294 4375.0750000000835 
44.21915905548153 75.94837897827294 4383.408000000083 
44.21915905548153 75.94837897827294 4391.741000000083 
44.21915905548153 75.94837897827294 4400.074000000082 
44.21915905548153 75.94837897827294 4408.407000000082 
44.21915905548153 75.94837897827294 4416.740000000082 
44.21915905548153 75.94837897827294 4425.073000000081 
44.21915905548153 75.94837897827294 4433.406000000081 
44.21915905548153 75.94837897827294 4441.7390000000805 
44.21915905548153 75.94837897827294 4450.07200000008 
44.21915905548153 75.94837897827294 4458.40500000008 
44.21915905548153 75.94837897827294 4466.738000000079 
44.21915905548153 75.94837897827294 4475.071000000079 
44.21915905548153 75.94837897827294 4483.404000000079 
44.21915905548153 75.94837897827294 4491.737000000078 
44.21915905548153 75.94837897827294 4500.070000000078 
44.21915905548153 75.94837897827294 4508.403000000078 
44.21915905548153 75.94837897827294 4516.736000000077 
44.21915905548153 75.94837897827294 4525.069000000077 
44.21915905548153 75.94837897827294 4533.402000000076 
44.21915905548153 75.94837897827294 4541.735000000076 
44.21915905548153 75.94837897827294 4550.068000000076 
44.21915905548153 75.94837897827294 4558.401000000075 
44.21915905548153 75.94837897827294 4566.734000000075 
44.21915905548153 75.94837897827294 4575.067000000075 
44.21915905548153 75.94837897827294 4583.400000000074 
44.21915905548153 75.94837897827294 4591.733000000074 
44.21915905548153 75.94837897827294 4600.0660000000735 
44.21915905548153 75.94837897827294 4608.399000000073 
44.21915905548153 75.94837897827294 4616.732000000073 
44.21915905548153 75.94837897827294 4625.065000000072 
44.21915905548153 75.94837897827294 4633.398000000072 
44.21915905548153 75.94837897827294 4641.731000000072 
44.21915905548153 75.94837897827294 4650.064000000071 
44.21915905548153 75.94837897827294 4658.397000000071 
44.21915905548153 75.94837897827294 4666.7300000000705 
44.21915905548153 75.94837897827294 4675.06300000007 
44.21915905548153 75.94837897827294 4683.39600000007 
44.21915905548153 75.94837897827294 4691.729000000069 
44.21915905548153 75.94837897827294 4700.062000000069 
44.21915905548153 75.94837897827294 4708.395000000069 
44.21915905548153 75.94837897827294 4716.728000000068 
44.21915905548153 75.94837897827294 4725.061000000068 
44.21915905548153 75.94837897827294 4733.3940000000675 
44.21915905548153 75.94837897827294 4741.727000000067 
44.21915905548153 75.94837897827294 4750.060000000067 
44.21915905548153 75.94837897827294 4758.393000000066 
44.21915905548153 75.94837897827294 4766.726000000066 
44.21915905548153 75.94837897827294 4775.059000000066 
44.21915905548153 75.94837897827294 4783.392000000065 
44.21915905548153 75.94837897827294 4791.725000000065 
44.21915905548153 75.94837897827294 4800.058000000065 
44.21915905548153 75.94837897827294 4808.391000000064 
44.21915905548153 75.94837897827294 4816.724000000064 
44.21915905548153 75.94837897827294 4825.057000000063 
44.21915905548153 75.94837897827294 4833.390000000063 
44.21915905548153 75.94837897827294 4841.723000000063 
44.21915905548153 75.94837897827294 4850.056000000062 
44.21915905548153 75.94837897827294 4858.389000000062 
44.21915905548153 75.94837897827294 4866.722000000062 
44.21915905548153 75.94837897827294 4875.055000000061 
44.21915905548153 75.94837897827294 4883.388000000061 
44.21915905548153 75.94837897827294 4891.7210000000605 
44.21915905548153 75.94837897827294 4900.05400000006 
44.21915905548153 75.94837897827294 4908.38700000006 
44.21915905548153 75.94837897827294 4916.720000000059 
44.21915905548153 75.94837897827294 4925.053000000059 
44.21915905548153 75.94837897827294 4933.386000000059 
44.21915905548153 75.94837897827294 4941.719000000058 
44.21915905548153 75.94837897827294 4950.052000000058 
44.21915905548153 75.94837897827294 4958.3850000000575 
44.21915905548153 75.94837897827294 4966.718000000057 
44.21915905548153 75.94837897827294 4975.051000000057 
44.21915905548153 75.94837897827294 4983.384000000056 
44.21915905548153 75.94837897827294 4991.717000000056 
44.21915905548153 75.94837897827294 5000.050000000056 
44.21915905548153 75.94837897827294 5008.383000000055 
44.21915905548153 75.94837897827294 5016.716000000055 
44.21915905548153 75.94837897827294 5025.049000000055 
44.21915905548153 75.94837897827294 5033.382000000054 
44.21915905548153 75.94837897827294 5041.715000000054 
44.21915905548153 75.94837897827294 5050.048000000053 
44.21915905548153 75.94837897827294 5058.381000000053 
44.21915905548153 75.94837897827294 5066.714000000053 
44.21915905548153 75.94837897827294 5075.047000000052 
44.21915905548153 75.94837897827294 5083.380000000052 
44.21915905548153 75.94837897827294 5091.713000000052 
44.21915905548153 75.94837897827294 5100.046000000051 
44.21915905548153 75.94837897827294 5108.379000000051 
44.21915905548153 75.94837897827294 5116.7120000000505 
44.21915905548153 75.94837897827294 5125.04500000005 
44.21915905548153 75.94837897827294 5133.37800000005 
44.21915905548153 75.94837897827294 5141.711000000049 
44.21915905548153 75.94837897827294 5150.044000000049 
44.21915905548153 75.94837897827294 5158.377000000049 
44.21915905548153 75.94837897827294 5166.710000000048 
44.21915905548153 75.94837897827294 5175.043000000048 
44.21915905548153 75.94837897827294 5183.3760000000475 
44.21915905548153 75.94837897827294 5191.709000000047 
44.21915905548153 75.94837897827294 5200.042000000047 
44.21915905548153 75.94837897827294 5208.375000000046 
44.21915905548153 75.94837897827294 5216.708000000046 
44.21915905548153 75.94837897827294 5225.041000000046 
44.21915905548153 75.94837897827294 5233.374000000045 
44.21915905548153 75.94837897827294 5241.707000000045 
44.21915905548153 75.94837897827294 5250.0400000000445 
44.21915905548153 75.94837897827294 5258.373000000044 
44.21915905548153 75.94837897827294 5266.706000000044 
44.21915905548153 75.94837897827294 5275.039000000043 
44.21915905548153 75.94837897827294 5283.372000000043 
44.21915905548153 75.94837897827294 5291.705000000043 
44.21915905548153 75.94837897827294 5300.038000000042 
44.21915905548153 75.94837897827294 5308.371000000042 
44.21915905548153 75.94837897827294 5316.704000000042 
44.21915905548153 75.94837897827294 5325.037000000041 
44.21915905548153 75.94837897827294 5333.370000000041 
44.21915905548153 75.94837897827294 5341.70300000004 
44.21915905548153 75.94837897827294 5350.03600000004 
44.21915905548153 75.94837897827294 5358.36900000004 
44.21915905548153 75.94837897827294 5366.702000000039 
44.21915905548153 75.94837897827294 5375.035000000039 
44.21915905548153 75.94837897827294 5383.368000000039 
44.21915905548153 75.94837897827294 5391.701000000038 
44.21915905548153 75.94837897827294 5400.034000000038 
44.21915905548153 75.94837897827294 5408.3670000000375 
44.21915905548153 75.94837897827294 5416.700000000037 
44.21915905548153 75.94837897827294 5425.033000000037 
44.21915905548153 75.94837897827294 5433.366000000036 
44.21915905548153 75.94837897827294 5441.699000000036 
44.21915905548153 75.94837897827294 5450.032000000036 
44.21915905548153 75.94837897827294 5458.365000000035 
44.21915905548153 75.94837897827294 5466.698000000035 
44.21915905548153 75.94837897827294 5475.0310000000345 
44.21915905548153 75.94837897827294 5483.364000000034 
44.21915905548153 75.94837897827294 5491.697000000034 
44.21915905548153 75.94837897827294 5500.030000000033 
44.21915905548153 75.94837897827294 5508.363000000033 
44.21915905548153 75.94837897827294 5516.696000000033 
44.21915905548153 75.94837897827294 5525.029000000032 
44.21915905548153 75.94837897827294 5533.362000000032 
44.21915905548153 75.94837897827294 5541.6950000000315 
44.21915905548153 75.94837897827294 5550.028000000031 
44.21915905548153 75.94837897827294 5558.361000000031 
44.21915905548153 75.94837897827294 5566.69400000003 
44.21915905548153 75.94837897827294 5575.02700000003 
44.21915905548153 75.94837897827294 5583.36000000003 
44.21915905548153 75.94837897827294 5591.693000000029 
44.21915905548153 75.94837897827294 5600.026000000029 
44.21915905548153 75.94837897827294 5608.359000000029 
44.21915905548153 75.94837897827294 5616.692000000028 
44.21915905548153 75.94837897827294 5625.025000000028 
44.21915905548153 75.94837897827294 5633.3580000000275 
44.21915905548153 75.94837897827294 5641.691000000027 
44.21915905548153 75.94837897827294 5650.024000000027 
44.21915905548153 75.94837897827294 5658.357000000026 
44.21915905548153 75.94837897827294 5666.690000000026 
44.21915905548153 75.94837897827294 5675.023000000026 
44.21915905548153 75.94837897827294 5683.356000000025 
44.21915905548153 75.94837897827294 5691.689000000025 
44.21915905548153 75.94837897827294 5700.0220000000245 
44.21915905548153 75.94837897827294 5708.355000000024 
44.21915905548153 75.94837897827294 5716.688000000024 
44.21915905548153 75.94837897827294 5725.021000000023 
44.21915905548153 75.94837897827294 5733.354000000023 
44.21915905548153 75.94837897827294 5741.687000000023 
44.21915905548153 75.94837897827294 5750.020000000022 
44.21915905548153 75.94837897827294 5758.353000000022 
44.21915905548153 75.94837897827294 5766.6860000000215 
44.21915905548153 75.94837897827294 5775.019000000021 
44.21915905548153 75.94837897827294 5783.352000000021 
44.21915905548153 75.94837897827294 5791.68500000002 
44.21915905548153 75.94837897827294 5800.01800000002 
44.21915905548153 75.94837897827294 5808.35100000002 
44.21915905548153 75.94837897827294 5816.684000000019 
44.21915905548153 75.94837897827294 5825.017000000019 
44.21915905548153 75.94837897827294 5833.350000000019 
44.21915905548153 75.94837897827294 5841.683000000018 
44.21915905548153 75.94837897827294 5850.016000000018 
44.21915905548153 75.94837897827294 5858.349000000017 
44.21915905548153 75.94837897827294 5866.682000000017 
44.21915905548153 75.94837897827294 5875.015000000017 
44.21915905548153 75.94837897827294 5883.348000000016 
44.21915905548153 75.94837897827294 5891.681000000016 
44.21915905548153 75.94837897827294 5900.014000000016 
44.21915905548153 75.94837897827294 5908.347000000015 
44.21915905548153 75.94837897827294 5916.680000000015 
44.21915905548153 75.94837897827294 5925.0130000000145 
44.21915905548153 75.94837897827294 5933.346000000014 
44.21915905548153 75.94837897827294 5941.679000000014 
44.21915905548153 75.94837897827294 5950.012000000013 
44.21915905548153 75.94837897827294 5958.345000000013 
44.21915905548153 75.94837897827294 5966.678000000013 
44.21915905548153 75.94837897827294 5975.011000000012 
44.21915905548153 75.94837897827294 5983.344000000012 
44.21915905548153 75.94837897827294 5991.6770000000115 
44.21915905548153 75.94837897827294 6000.010000000011 
44.21915905548153 75.94837897827294 6008.343000000011 
44.21915905548153 75.94837897827294 6016.67600000001 
44.21915905548153 75.94837897827294 6025.00900000001 
44.21915905548153 75.94837897827294 6033.34200000001 
44.21915905548153 75.94837897827294 6041.675000000009 
44.21915905548153 75.94837897827294 6050.008000000009 
44.21915905548153 75.94837897827294 6058.3410000000085 
44.21915905548153 75.94837897827294 6066.674000000008 
44.21915905548153 75.94837897827294 6075.007000000008 
44.21915905548153 75.94837897827294 6083.340000000007 
44.21915905548153 75.94837897827294 6091.673000000007 
44.21915905548153 75.94837897827294 6100.006000000007 
44.21915905548153 75.94837897827294 6108.339000000006 
44.21915905548153 75.94837897827294 6116.672000000006 
44.21915905548153 75.94837897827294 6125.005000000006 
44.21915905548153 75.94837897827294 6133.338000000005 
44.21915905548153 75.94837897827294 6141.671000000005 
44.21915905548153 75.94837897827294 6150.004000000004 
44.21915905548153 75.94837897827294 6158.337000000004 
44.21915905548153 75.94837897827294 6166.670000000004 
44.21915905548153 75.94837897827294 6175.003000000003 
44.21915905548153 75.94837897827294 6183.336000000003 
44.21915905548153 75.94837897827294 6191.669000000003 
44.21915905548153 75.94837897827294 6200.002000000002 
44.21915905548153 75.94837897827294 6208.335000000002 
44.21915905548153 75.94837897827294 6216.6680000000015 
44.21915905548153 75.94837897827294 6225.001000000001 
44.21915905548153 75.94837897827294 6233.334000000001 
44.21915905548153 75.94837897827294 6241.667 
44.21915905548153 75.94837897827294 6250.0 
44.21915905548153 75.94837897827294 6258.333 
44.21915905548153 75.94837897827294 6266.665999999999 
44.21915905548153 75.94837897827294 6274.998999999999 
44.21915905548153 75.94837897827294 6283.3319999999985 
44.21915905548153 75.94837897827294 6291.664999999998 
44.21915905548153 75.94837897827294 6299.997999999998 
44.21915905548153 75.94837897827294 6308.330999999997 
44.21915905548153 75.94837897827294 6316.663999999997 
44.21915905548153 75.94837897827294 6324.996999999997 
44.21915905548153 75.94837897827294 6333.329999999996 
44.21915905548153 75.94837897827294 6341.662999999996 
44.21915905548153 75.94837897827294 6349.995999999996 
44.21915905548153 75.94837897827294 6358.328999999995 
44.21915905548153 75.94837897827294 6366.661999999995 
44.21915905548153 75.94837897827294 6374.994999999994 
44.21915905548153 75.94837897827294 6383.327999999994 
44.21915905548153 75.94837897827294 6391.660999999994 
44.21915905548153 75.94837897827294 6399.993999999993 
44.21915905548153 75.94837897827294 6408.326999999993 
44.21915905548153 75.94837897827294 6416.659999999993 
44.21915905548153 75.94837897827294 6424.992999999992 
44.21915905548153 75.94837897827294 6433.325999999992 
44.21915905548153 75.94837897827294 6441.6589999999915 
44.21915905548153 75.94837897827294 6449.991999999991 
44.21915905548153 75.94837897827294 6458.324999999991 
44.21915905548153 75.94837897827294 6466.65799999999 
44.21915905548153 75.94837897827294 6474.99099999999 
44.21915905548153 75.94837897827294 6483.32399999999 
44.21915905548153 75.94837897827294 6491.656999999989 
44.21915905548153 75.94837897827294 6499.989999999989 
44.21915905548153 75.94837897827294 6508.3229999999885 
44.21915905548153 75.94837897827294 6516.655999999988 
44.21915905548153 75.94837897827294 6524.988999999988 
44.21915905548153 75.94837897827294 6533.321999999987 
44.21915905548153 75.94837897827294 6541.654999999987 
44.21915905548153 75.94837897827294 6549.987999999987 
44.21915905548153 75.94837897827294 6558.320999999986 
44.21915905548153 75.94837897827294 6566.653999999986 
44.21915905548153 75.94837897827294 6574.9869999999855 
44.21915905548153 75.94837897827294 6583.319999999985 
44.21915905548153 75.94837897827294 6591.652999999985 
44.21915905548153 75.94837897827294 6599.985999999984 
44.21915905548153 75.94837897827294 6608.318999999984 
44.21915905548153 75.94837897827294 6616.651999999984 
44.21915905548153 75.94837897827294 6624.984999999983 
44.21915905548153 75.94837897827294 6633.317999999983 
44.21915905548153 75.94837897827294 6641.650999999983 
44.21915905548153 75.94837897827294 6649.983999999982 
44.21915905548153 75.94837897827294 6658.316999999982 
44.21915905548153 75.94837897827294 6666.649999999981 
44.21915905548153 75.94837897827294 6674.982999999981 
44.21915905548153 75.94837897827294 6683.315999999981 
44.21915905548153 75.94837897827294 6691.64899999998 
44.21915905548153 75.94837897827294 6699.98199999998 
44.21915905548153 75.94837897827294 6708.31499999998 
44.21915905548153 75.94837897827294 6716.647999999979 
44.21915905548153 75.94837897827294 6724.980999999979 
44.21915905548153 75.94837897827294 6733.3139999999785 
44.21915905548153 75.94837897827294 6741.646999999978 
44.21915905548153 75.94837897827294 6749.979999999978 
44.21915905548153 75.94837897827294 6758.312999999977 
44.21915905548153 75.94837897827294 6766.645999999977 
44.21915905548153 75.94837897827294 6774.978999999977 
44.21915905548153 75.94837897827294 6783.311999999976 
44.21915905548153 75.94837897827294 6791.644999999976 
44.21915905548153 75.94837897827294 6799.9779999999755 
44.21915905548153 75.94837897827294 6808.310999999975 
44.21915905548153 75.94837897827294 6816.643999999975 
44.21915905548153 75.94837897827294 6824.976999999974 
44.21915905548153 75.94837897827294 6833.309999999974 
44.21915905548153 75.94837897827294 6841.642999999974 
44.21915905548153 75.94837897827294 6849.975999999973 
44.21915905548153 75.94837897827294 6858.308999999973 
44.21915905548153 75.94837897827294 6866.6419999999725 
44.21915905548153 75.94837897827294 6874.974999999972 
44.21915905548153 75.94837897827294 6883.307999999972 
44.21915905548153 75.94837897827294 6891.640999999971 
44.21915905548153 75.94837897827294 6899.973999999971 
44.21915905548153 75.94837897827294 6908.306999999971 
44.21915905548153 75.94837897827294 6916.63999999997 
44.21915905548153 75.94837897827294 6924.97299999997 
44.21915905548153 75.94837897827294 6933.30599999997 
44.21915905548153 75.94837897827294 6941.638999999969 
44.21915905548153 75.94837897827294 6949.971999999969 
44.21915905548153 75.94837897827294 6958.3049999999685 
44.21915905548153 75.94837897827294 6966.637999999968 
44.21915905548153 75.94837897827294 6974.970999999968 
44.21915905548153 75.94837897827294 6983.303999999967 
44.21915905548153 75.94837897827294 6991.636999999967 
44.21915905548153 75.94837897827294 6999.969999999967 
44.21915905548153 75.94837897827294 7008.302999999966 
44.21915905548153 75.94837897827294 7016.635999999966 
44.21915905548153 75.94837897827294 7024.9689999999655 
44.21915905548153 75.94837897827294 7033.301999999965 
44.21915905548153 75.94837897827294 7041.634999999965 
44.21915905548153 75.94837897827294 7049.967999999964 
44.21915905548153 75.94837897827294 7058.300999999964 
44.21915905548153 75.94837897827294 7066.633999999964 
44.21915905548153 75.94837897827294 7074.966999999963 
44.21915905548153 75.94837897827294 7083.299999999963 
44.21915905548153 75.94837897827294 7091.6329999999625 
44.21915905548153 75.94837897827294 7099.965999999962 
44.21915905548153 75.94837897827294 7108.298999999962 
44.21915905548153 75.94837897827294 7116.631999999961 
44.21915905548153 75.94837897827294 7124.964999999961 
44.21915905548153 75.94837897827294 7133.297999999961 
44.21915905548153 75.94837897827294 7141.63099999996 
44.21915905548153 75.94837897827294 7149.96399999996 
44.21915905548153 75.94837897827294 7158.29699999996 
44.21915905548153 75.94837897827294 7166.629999999959 
44.21915905548153 75.94837897827294 7174.962999999959 
44.21915905548153 75.94837897827294 7183.295999999958 
44.21915905548153 75.94837897827294 7191.628999999958 
44.21915905548153 75.94837897827294 7199.961999999958 
44.21915905548153 75.94837897827294 7208.294999999957 
44.21915905548153 75.94837897827294 7216.627999999957 
44.21915905548153 75.94837897827294 7224.960999999957 
44.21915905548153 75.94837897827294 7233.293999999956 
44.21915905548153 75.94837897827294 7241.626999999956 
44.21915905548153 75.94837897827294 7249.9599999999555 
44.21915905548153 75.94837897827294 7258.292999999955 
44.21915905548153 75.94837897827294 7266.625999999955 
44.21915905548153 75.94837897827294 7274.958999999954 
44.21915905548153 75.94837897827294 7283.291999999954 
44.21915905548153 75.94837897827294 7291.624999999954 
44.21915905548153 75.94837897827294 7299.957999999953 
44.21915905548153 75.94837897827294 7308.290999999953 
44.21915905548153 75.94837897827294 7316.6239999999525 
44.21915905548153 75.94837897827294 7324.956999999952 
44.21915905548153 75.94837897827294 7333.289999999952 
44.21915905548153 75.94837897827294 7341.622999999951 
44.21915905548153 75.94837897827294 7349.955999999951 
44.21915905548153 75.94837897827294 7358.288999999951 
44.21915905548153 75.94837897827294 7366.62199999995 
44.21915905548153 75.94837897827294 7374.95499999995 
44.21915905548153 75.94837897827294 7383.2879999999495 
44.21915905548153 75.94837897827294 7391.620999999949 
44.21915905548153 75.94837897827294 7399.953999999949 
44.21915905548153 75.94837897827294 7408.286999999948 
44.21915905548153 75.94837897827294 7416.619999999948 
44.21915905548153 75.94837897827294 7424.952999999948 
44.21915905548153 75.94837897827294 7433.285999999947 
44.21915905548153 75.94837897827294 7441.618999999947 
44.21915905548153 75.94837897827294 7449.951999999947 
44.21915905548153 75.94837897827294 7458.284999999946 
44.21915905548153 75.94837897827294 7466.617999999946 
44.21915905548153 75.94837897827294 7474.950999999945 
44.21915905548153 75.94837897827294 7483.283999999945 
44.21915905548153 75.94837897827294 7491.616999999945 
44.21915905548153 75.94837897827294 7499.949999999944 
44.21915905548153 75.94837897827294 7508.282999999944 
44.21915905548153 75.94837897827294 7516.615999999944 
44.21915905548153 75.94837897827294 7524.948999999943 
44.21915905548153 75.94837897827294 7533.281999999943 
44.21915905548153 75.94837897827294 7541.6149999999425 
44.21915905548153 75.94837897827294 7549.947999999942 
44.21915905548153 75.94837897827294 7558.280999999942 
44.21915905548153 75.94837897827294 7566.613999999941 
44.21915905548153 75.94837897827294 7574.946999999941 
44.21915905548153 75.94837897827294 7583.279999999941 
44.21915905548153 75.94837897827294 7591.61299999994 
44.21915905548153 75.94837897827294 7599.94599999994 
44.21915905548153 75.94837897827294 7608.2789999999395 
44.21915905548153 75.94837897827294 7616.611999999939 
44.21915905548153 75.94837897827294 7624.944999999939 
44.21915905548153 75.94837897827294 7633.277999999938 
44.21915905548153 75.94837897827294 7641.610999999938 
44.21915905548153 75.94837897827294 7649.943999999938 
44.21915905548153 75.94837897827294 7658.276999999937 
44.21915905548153 75.94837897827294 7666.609999999937 
44.21915905548153 75.94837897827294 7674.942999999937 
44.21915905548153 75.94837897827294 7683.275999999936 
44.21915905548153 75.94837897827294 7691.608999999936 
44.21915905548153 75.94837897827294 7699.941999999935 
44.21915905548153 75.94837897827294 7708.274999999935 
44.21915905548153 75.94837897827294 7716.607999999935 
44.21915905548153 75.94837897827294 7724.940999999934 
44.21915905548153 75.94837897827294 7733.273999999934 
44.21915905548153 75.94837897827294 7741.606999999934 
44.21915905548153 75.94837897827294 7749.939999999933 
44.21915905548153 75.94837897827294 7758.272999999933 
44.21915905548153 75.94837897827294 7766.6059999999325 
44.21915905548153 75.94837897827294 7774.938999999932 
44.21915905548153 75.94837897827294 7783.271999999932 
44.21915905548153 75.94837897827294 7791.604999999931 
44.21915905548153 75.94837897827294 7799.937999999931 
44.21915905548153 75.94837897827294 7808.270999999931 
44.21915905548153 75.94837897827294 7816.60399999993 
44.21915905548153 75.94837897827294 7824.93699999993 
44.21915905548153 75.94837897827294 7833.2699999999295 
44.21915905548153 75.94837897827294 7841.602999999929 
44.21915905548153 75.94837897827294 7849.935999999929 
44.21915905548153 75.94837897827294 7858.268999999928 
44.21915905548153 75.94837897827294 7866.601999999928 
44.21915905548153 75.94837897827294 7874.934999999928 
44.21915905548153 75.94837897827294 7883.267999999927 
44.21915905548153 75.94837897827294 7891.600999999927 
44.21915905548153 75.94837897827294 7899.9339999999265 
44.21915905548153 75.94837897827294 7908.266999999926 
44.21915905548153 75.94837897827294 7916.599999999926 
44.21915905548153 75.94837897827294 7924.932999999925 
44.21915905548153 75.94837897827294 7933.265999999925 
44.21915905548153 75.94837897827294 7941.598999999925 
44.21915905548153 75.94837897827294 7949.931999999924 
44.21915905548153 75.94837897827294 7958.264999999924 
44.21915905548153 75.94837897827294 7966.597999999924 
44.21915905548153 75.94837897827294 7974.930999999923 
44.21915905548153 75.94837897827294 7983.263999999923 
44.21915905548153 75.94837897827294 7991.596999999922 
44.21915905548153 75.94837897827294 7999.929999999922 
44.21915905548153 75.94837897827294 8008.262999999922 
44.21915905548153 75.94837897827294 8016.595999999921 
44.21915905548153 75.94837897827294 8024.928999999921 
44.21915905548153 75.94837897827294 8033.261999999921 
44.21915905548153 75.94837897827294 8041.59499999992 
44.21915905548153 75.94837897827294 8049.92799999992 
44.21915905548153 75.94837897827294 8058.2609999999195 
44.21915905548153 75.94837897827294 8066.593999999919 
44.21915905548153 75.94837897827294 8074.926999999919 
44.21915905548153 75.94837897827294 8083.259999999918 
44.21915905548153 75.94837897827294 8091.592999999918 
44.21915905548153 75.94837897827294 8099.925999999918 
44.21915905548153 75.94837897827294 8108.258999999917 
44.21915905548153 75.94837897827294 8116.591999999917 
44.21915905548153 75.94837897827294 8124.9249999999165 
44.21915905548153 75.94837897827294 8133.257999999916 
44.21915905548153 75.94837897827294 8141.590999999916 
44.21915905548153 75.94837897827294 8149.923999999915 
44.21915905548153 75.94837897827294 8158.256999999915 
44.21915905548153 75.94837897827294 8166.589999999915 
44.21915905548153 75.94837897827294 8174.922999999914 
44.21915905548153 75.94837897827294 8183.255999999914 
44.21915905548153 75.94837897827294 8191.5889999999135 
44.21915905548153 75.94837897827294 8199.921999999913 
44.21915905548153 75.94837897827294 8208.254999999914 
44.21915905548153 75.94837897827294 8216.587999999912 
44.21915905548153 75.94837897827294 8224.920999999911 
44.21915905548153 75.94837897827294 8233.253999999912 
44.21915905548153 75.94837897827294 8241.586999999912 
44.21915905548153 75.94837897827294 8249.919999999911 
44.21915905548153 75.94837897827294 8258.25299999991 
44.21915905548153 75.94837897827294 8266.58599999991 
44.21915905548153 75.94837897827294 8274.91899999991 
44.21915905548153 75.94837897827294 8283.25199999991 
44.21915905548153 75.94837897827294 8291.584999999908 
44.21915905548153 75.94837897827294 8299.917999999909 
44.21915905548153 75.94837897827294 8308.25099999991 
44.21915905548153 75.94837897827294 8316.583999999908 
44.21915905548153 75.94837897827294 8324.916999999907 
44.21915905548153 75.94837897827294 8333.249999999907 
44.21915905548153 75.94837897827294 8341.582999999908 
44.21915905548153 75.94837897827294 8349.915999999906 
44.21915905548153 75.94837897827294 8358.248999999905 
44.21915905548153 75.94837897827294 8366.581999999906 
44.21915905548153 75.94837897827294 8374.914999999906 
44.21915905548153 75.94837897827294 8383.247999999905 
44.21915905548153 75.94837897827294 8391.580999999904 
44.21915905548153 75.94837897827294 8399.913999999904 
44.21915905548153 75.94837897827294 8408.246999999905 
44.21915905548153 75.94837897827294 8416.579999999904 
44.21915905548153 75.94837897827294 8424.912999999902 
44.21915905548153 75.94837897827294 8433.245999999903 
44.21915905548153 75.94837897827294 8441.578999999903 
44.21915905548153 75.94837897827294 8449.911999999902 
44.21915905548153 75.94837897827294 8458.2449999999 
44.21915905548153 75.94837897827294 8466.577999999901 
44.21915905548153 75.94837897827294 8474.910999999902 
44.21915905548153 75.94837897827294 8483.2439999999 
44.21915905548153 75.94837897827294 8491.5769999999 
44.21915905548153 75.94837897827294 8499.9099999999 
44.21915905548153 75.94837897827294 8508.2429999999 
44.21915905548153 75.94837897827294 8516.575999999899 
44.21915905548153 75.94837897827294 8524.908999999898 
44.21915905548153 75.94837897827294 8533.241999999898 
44.21915905548153 75.94837897827294 8541.574999999899 
44.21915905548153 75.94837897827294 8549.907999999898 
44.21915905548153 75.94837897827294 8558.240999999896 
44.21915905548153 75.94837897827294 8566.573999999897 
44.21915905548153 75.94837897827294 8574.906999999897 
44.21915905548153 75.94837897827294 8583.239999999896 
44.21915905548153 75.94837897827294 8591.572999999895 
44.21915905548153 75.94837897827294 8599.905999999895 
44.21915905548153 75.94837897827294 8608.238999999896 
44.21915905548153 75.94837897827294 8616.571999999895 
44.21915905548153 75.94837897827294 8624.904999999893 
44.21915905548153 75.94837897827294 8633.237999999894 
44.21915905548153 75.94837897827294 8641.570999999894 
44.21915905548153 75.94837897827294 8649.903999999893 
44.21915905548153 75.94837897827294 8658.236999999892 
44.21915905548153 75.94837897827294 8666.569999999892 
44.21915905548153 75.94837897827294 8674.902999999893 
44.21915905548153 75.94837897827294 8683.235999999892 
44.21915905548153 75.94837897827294 8691.56899999989 
44.21915905548153 75.94837897827294 8699.90199999989 
44.21915905548153 75.94837897827294 8708.234999999891 
44.21915905548153 75.94837897827294 8716.56799999989 
44.21915905548153 75.94837897827294 8724.900999999889 
44.21915905548153 75.94837897827294 8733.23399999989 
44.21915905548153 75.94837897827294 8741.56699999989 
44.21915905548153 75.94837897827294 8749.899999999889 
44.21915905548153 75.94837897827294 8758.232999999887 
44.21915905548153 75.94837897827294 8766.565999999888 
44.21915905548153 75.94837897827294 8774.898999999888 
44.21915905548153 75.94837897827294 8783.231999999887 
44.21915905548153 75.94837897827294 8791.564999999886 
44.21915905548153 75.94837897827294 8799.897999999886 
44.21915905548153 75.94837897827294 8808.230999999887 
44.21915905548153 75.94837897827294 8816.563999999886 
44.21915905548153 75.94837897827294 8824.896999999884 
44.21915905548153 75.94837897827294 8833.229999999885 
44.21915905548153 75.94837897827294 8841.562999999886 
44.21915905548153 75.94837897827294 8849.895999999884 
44.21915905548153 75.94837897827294 8858.228999999883 
44.21915905548153 75.94837897827294 8866.561999999883 
44.21915905548153 75.94837897827294 8874.894999999884 
44.21915905548153 75.94837897827294 8883.227999999883 
44.21915905548153 75.94837897827294 8891.560999999881 
44.21915905548153 75.94837897827294 8899.893999999882 
44.21915905548153 75.94837897827294 8908.226999999883 
44.21915905548153 75.94837897827294 8916.559999999881 
44.21915905548153 75.94837897827294 8924.89299999988 
44.21915905548153 75.94837897827294 8933.22599999988 
44.21915905548153 75.94837897827294 8941.558999999881 
44.21915905548153 75.94837897827294 8949.89199999988 
44.21915905548153 75.94837897827294 8958.224999999878 
44.21915905548153 75.94837897827294 8966.557999999879 
44.21915905548153 75.94837897827294 8974.89099999988 
44.21915905548153 75.94837897827294 8983.223999999878 
44.21915905548153 75.94837897827294 8991.556999999877 
44.21915905548153 75.94837897827294 8999.889999999878 
44.21915905548153 75.94837897827294 9008.222999999878 
44.21915905548153 75.94837897827294 9016.555999999877 
44.21915905548153 75.94837897827294 9024.888999999876 
44.21915905548153 75.94837897827294 9033.221999999876 
44.21915905548153 75.94837897827294 9041.554999999877 
44.21915905548153 75.94837897827294 9049.887999999875 
44.21915905548153 75.94837897827294 9058.220999999874 
44.21915905548153 75.94837897827294 9066.553999999875 
44.21915905548153 75.94837897827294 9074.886999999875 
44.21915905548153 75.94837897827294 9083.219999999874 
44.21915905548153 75.94837897827294 9091.552999999873 
44.21915905548153 75.94837897827294 9099.885999999873 
44.21915905548153 75.94837897827294 9108.218999999874 
44.21915905548153 75.94837897827294 9116.551999999872 
44.21915905548153 75.94837897827294 9124.884999999871 
44.21915905548153 75.94837897827294 9133.217999999872 
44.21915905548153 75.94837897827294 9141.550999999872 
44.21915905548153 75.94837897827294 9149.88399999987 
44.21915905548153 75.94837897827294 9158.21699999987 
44.21915905548153 75.94837897827294 9166.54999999987 
44.21915905548153 75.94837897827294 9174.88299999987 
44.21915905548153 75.94837897827294 9183.21599999987 
44.21915905548153 75.94837897827294 9191.548999999868 
44.21915905548153 75.94837897827294 9199.881999999869 
44.21915905548153 75.94837897827294 9208.21499999987 
44.21915905548153 75.94837897827294 9216.547999999868 
44.21915905548153 75.94837897827294 9224.880999999867 
44.21915905548153 75.94837897827294 9233.213999999867 
44.21915905548153 75.94837897827294 9241.546999999868 
44.21915905548153 75.94837897827294 9249.879999999866 
44.21915905548153 75.94837897827294 9258.212999999865 
44.21915905548153 75.94837897827294 9266.545999999866 
44.21915905548153 75.94837897827294 9274.878999999866 
44.21915905548153 75.94837897827294 9283.211999999865 
44.21915905548153 75.94837897827294 9291.544999999864 
44.21915905548153 75.94837897827294 9299.877999999864 
44.21915905548153 75.94837897827294 9308.210999999865 
44.21915905548153 75.94837897827294 9316.543999999863 
44.21915905548153 75.94837897827294 9324.876999999862 
44.21915905548153 75.94837897827294 9333.209999999863 
44.21915905548153 75.94837897827294 9341.542999999863 
44.21915905548153 75.94837897827294 9349.875999999862 
44.21915905548153 75.94837897827294 9358.20899999986 
44.21915905548153 75.94837897827294 9366.541999999861 
44.21915905548153 75.94837897827294 9374.874999999862 
44.21915905548153 75.94837897827294 9383.20799999986 
44.21915905548153 75.94837897827294 9391.54099999986 
44.21915905548153 75.94837897827294 9399.87399999986 
44.21915905548153 75.94837897827294 9408.20699999986 
44.21915905548153 75.94837897827294 9416.539999999859 
44.21915905548153 75.94837897827294 9424.872999999858 
44.21915905548153 75.94837897827294 9433.205999999858 
44.21915905548153 75.94837897827294 9441.538999999859 
44.21915905548153 75.94837897827294 9449.871999999858 
44.21915905548153 75.94837897827294 9458.204999999856 
44.21915905548153 75.94837897827294 9466.537999999857 
44.21915905548153 75.94837897827294 9474.870999999857 
44.21915905548153 75.94837897827294 9483.203999999856 
44.21915905548153 75.94837897827294 9491.536999999855 
44.21915905548153 75.94837897827294 9499.869999999855 
44.21915905548153 75.94837897827294 9508.202999999856 
44.21915905548153 75.94837897827294 9516.535999999855 
44.21915905548153 75.94837897827294 9524.868999999853 
44.21915905548153 75.94837897827294 9533.201999999854 
44.21915905548153 75.94837897827294 9541.534999999854 
44.21915905548153 75.94837897827294 9549.867999999853 
44.21915905548153 75.94837897827294 9558.200999999852 
44.21915905548153 75.94837897827294 9566.533999999852 
44.21915905548153 75.94837897827294 9574.866999999853 
44.21915905548153 75.94837897827294 9583.199999999852 
44.21915905548153 75.94837897827294 9591.53299999985 
44.21915905548153 75.94837897827294 9599.86599999985 
44.21915905548153 75.94837897827294 9608.198999999851 
44.21915905548153 75.94837897827294 9616.53199999985 
44.21915905548153 75.94837897827294 9624.864999999849 
44.21915905548153 75.94837897827294 9633.19799999985 
44.21915905548153 75.94837897827294 9641.53099999985 
44.21915905548153 75.94837897827294 9649.863999999849 
44.21915905548153 75.94837897827294 9658.196999999847 
44.21915905548153 75.94837897827294 9666.529999999848 
44.21915905548153 75.94837897827294 9674.862999999848 
44.21915905548153 75.94837897827294 9683.195999999847 
44.21915905548153 75.94837897827294 9691.528999999846 
44.21915905548153 75.94837897827294 9699.861999999846 
44.21915905548153 75.94837897827294 9708.194999999847 
44.21915905548153 75.94837897827294 9716.527999999846 
44.21915905548153 75.94837897827294 9724.860999999844 
44.21915905548153 75.94837897827294 9733.193999999845 
44.21915905548153 75.94837897827294 9741.526999999845 
44.21915905548153 75.94837897827294 9749.859999999844 
44.21915905548153 75.94837897827294 9758.192999999843 
44.21915905548153 75.94837897827294 9766.525999999843 
44.21915905548153 75.94837897827294 9774.858999999844 
44.21915905548153 75.94837897827294 9783.191999999843 
44.21915905548153 75.94837897827294 9791.524999999841 
44.21915905548153 75.94837897827294 9799.857999999842 
44.21915905548153 75.94837897827294 9808.190999999842 
44.21915905548153 75.94837897827294 9816.523999999841 
44.21915905548153 75.94837897827294 9824.85699999984 
44.21915905548153 75.94837897827294 9833.18999999984 
44.21915905548153 75.94837897827294 9841.522999999841 
44.21915905548153 75.94837897827294 9849.85599999984 
44.21915905548153 75.94837897827294 9858.188999999838 
44.21915905548153 75.94837897827294 9866.521999999839 
44.21915905548153 75.94837897827294 9874.85499999984 
44.21915905548153 75.94837897827294 9883.187999999838 
44.21915905548153 75.94837897827294 9891.520999999837 
44.21915905548153 75.94837897827294 9899.853999999837 
44.21915905548153 75.94837897827294 9908.186999999838 
44.21915905548153 75.94837897827294 9916.519999999837 
44.21915905548153 75.94837897827294 9924.852999999835 
44.21915905548153 75.94837897827294 9933.185999999836 
44.21915905548153 75.94837897827294 9941.518999999837 
44.21915905548153 75.94837897827294 9949.851999999835 
44.21915905548153 75.94837897827294 9958.184999999834 
44.21915905548153 75.94837897827294 9966.517999999835 
44.21915905548153 75.94837897827294 9974.850999999835 
44.21915905548153 75.94837897827294 9983.183999999834 
44.21915905548153 75.94837897827294 9991.516999999832 
44.21915905548153 75.94837897827294 9999.849999999833 
44.21915905548153 75.94837897827294 10008.182999999834 
44.21915905548153 75.94837897827294 10016.515999999832 
44.21915905548153 75.94837897827294 10024.848999999831 
44.21915905548153 75.94837897827294 10033.181999999832 
44.21915905548153 75.94837897827294 10041.514999999832 
44.21915905548153 75.94837897827294 10049.84799999983 
44.21915905548153 75.94837897827294 10058.18099999983 
44.21915905548153 75.94837897827294 10066.51399999983 
44.21915905548153 75.94837897827294 10074.84699999983 
44.21915905548153 75.94837897827294 10083.17999999983 
44.21915905548153 75.94837897827294 10091.512999999828 
44.21915905548153 75.94837897827294 10099.845999999829 
44.21915905548153 75.94837897827294 10108.17899999983 
44.21915905548153 75.94837897827294 10116.511999999828 
44.21915905548153 75.94837897827294 10124.844999999827 
44.21915905548153 75.94837897827294 10133.177999999827 
44.21915905548153 75.94837897827294 10141.510999999828 
44.21915905548153 75.94837897827294 10149.843999999826 
44.21915905548153 75.94837897827294 10158.176999999825 
44.21915905548153 75.94837897827294 10166.509999999826 
44.21915905548153 75.94837897827294 10174.842999999826 
44.21915905548153 75.94837897827294 10183.175999999825 
44.21915905548153 75.94837897827294 10191.508999999824 
44.21915905548153 75.94837897827294 10199.841999999824 
44.21915905548153 75.94837897827294 10208.174999999825 
44.21915905548153 75.94837897827294 10216.507999999823 
44.21915905548153 75.94837897827294 10224.840999999822 
44.21915905548153 75.94837897827294 10233.173999999823 
44.21915905548153 75.94837897827294 10241.506999999823 
44.21915905548153 75.94837897827294 10249.839999999822 
44.21915905548153 75.94837897827294 10258.17299999982 
44.21915905548153 75.94837897827294 10266.505999999821 
44.21915905548153 75.94837897827294 10274.838999999822 
44.21915905548153 75.94837897827294 10283.17199999982 
44.21915905548153 75.94837897827294 10291.50499999982 
44.21915905548153 75.94837897827294 10299.83799999982 
44.21915905548153 75.94837897827294 10308.17099999982 
44.21915905548153 75.94837897827294 10316.503999999819 
44.21915905548153 75.94837897827294 10324.836999999818 
44.21915905548153 75.94837897827294 10333.169999999818 
44.21915905548153 75.94837897827294 10341.502999999819 
44.21915905548153 75.94837897827294 10349.835999999817 
44.21915905548153 75.94837897827294 10358.168999999816 
44.21915905548153 75.94837897827294 10366.501999999817 
44.21915905548153 75.94837897827294 10374.834999999817 
44.21915905548153 75.94837897827294 10383.167999999816 
44.21915905548153 75.94837897827294 10391.500999999815 
44.21915905548153 75.94837897827294 10399.833999999815 
44.21915905548153 75.94837897827294 10408.166999999816 
44.21915905548153 75.94837897827294 10416.499999999814 
44.21915905548153 75.94837897827294 10424.832999999813 
44.21915905548153 75.94837897827294 10433.165999999814 
44.21915905548153 75.94837897827294 10441.498999999814 
44.21915905548153 75.94837897827294 10449.831999999813 
44.21915905548153 75.94837897827294 10458.164999999812 
44.21915905548153 75.94837897827294 10466.497999999812 
44.21915905548153 75.94837897827294 10474.830999999813 
44.21915905548153 75.94837897827294 10483.163999999811 
44.21915905548153 75.94837897827294 10491.49699999981 
44.21915905548153 75.94837897827294 10499.82999999981 
44.21915905548153 75.94837897827294 10508.162999999811 
44.21915905548153 75.94837897827294 10516.49599999981 
44.21915905548153 75.94837897827294 10524.828999999809 
44.21915905548153 75.94837897827294 10533.16199999981 
44.21915905548153 75.94837897827294 10541.49499999981 
44.21915905548153 75.94837897827294 10549.827999999809 
44.21915905548153 75.94837897827294 10558.160999999807 
44.21915905548153 75.94837897827294 10566.493999999808 
44.21915905548153 75.94837897827294 10574.826999999808 
44.21915905548153 75.94837897827294 10583.159999999807 
44.21915905548153 75.94837897827294 10591.492999999806 
44.21915905548153 75.94837897827294 10599.825999999806 
44.21915905548153 75.94837897827294 10608.158999999807 
44.21915905548153 75.94837897827294 10616.491999999806 
44.21915905548153 75.94837897827294 10624.824999999804 
44.21915905548153 75.94837897827294 10633.157999999805 
44.21915905548153 75.94837897827294 10641.490999999805 
44.21915905548153 75.94837897827294 10649.823999999804 
44.21915905548153 75.94837897827294 10658.156999999803 
44.21915905548153 75.94837897827294 10666.489999999803 
44.21915905548153 75.94837897827294 10674.822999999804 
44.21915905548153 75.94837897827294 10683.155999999803 
44.21915905548153 75.94837897827294 10691.488999999801 
44.21915905548153 75.94837897827294 10699.821999999802 
44.21915905548153 75.94837897827294 10708.154999999802 
44.21915905548153 75.94837897827294 10716.487999999801 
44.21915905548153 75.94837897827294 10724.8209999998 
44.21915905548153 75.94837897827294 10733.1539999998 
44.21915905548153 75.94837897827294 10741.4869999998 
44.21915905548153 75.94837897827294 10749.8199999998 
44.21915905548153 75.94837897827294 10758.152999999798 
44.21915905548153 75.94837897827294 10766.485999999799 
44.21915905548153 75.94837897827294 10774.8189999998 
44.21915905548153 75.94837897827294 10783.151999999798 
44.21915905548153 75.94837897827294 10791.484999999797 
44.21915905548153 75.94837897827294 10799.817999999797 
44.21915905548153 75.94837897827294 10808.150999999798 
44.21915905548153 75.94837897827294 10816.483999999797 
44.21915905548153 75.94837897827294 10824.816999999795 
44.21915905548153 75.94837897827294 10833.149999999796 
44.21915905548153 75.94837897827294 10841.482999999796 
44.21915905548153 75.94837897827294 10849.815999999795 
44.21915905548153 75.94837897827294 10858.148999999794 
44.21915905548153 75.94837897827294 10866.481999999794 
44.21915905548153 75.94837897827294 10874.814999999795 
44.21915905548153 75.94837897827294 10883.147999999794 
44.21915905548153 75.94837897827294 10891.480999999792 
44.21915905548153 75.94837897827294 10899.813999999793 
44.21915905548153 75.94837897827294 10908.146999999793 
44.21915905548153 75.94837897827294 10916.479999999792 
44.21915905548153 75.94837897827294 10924.812999999791 
44.21915905548153 75.94837897827294 10933.145999999791 
44.21915905548153 75.94837897827294 10941.478999999792 
44.21915905548153 75.94837897827294 10949.81199999979 
44.21915905548153 75.94837897827294 10958.14499999979 
44.21915905548153 75.94837897827294 10966.47799999979 
44.21915905548153 75.94837897827294 10974.81099999979 
44.21915905548153 75.94837897827294 10983.14399999979 
44.21915905548153 75.94837897827294 10991.476999999788 
44.21915905548153 75.94837897827294 10999.809999999788 
44.21915905548153 75.94837897827294 11008.142999999789 
44.21915905548153 75.94837897827294 11016.475999999788 
44.21915905548153 75.94837897827294 11024.808999999786 
44.21915905548153 75.94837897827294 11033.141999999787 
44.21915905548153 75.94837897827294 11041.474999999788 
44.21915905548153 75.94837897827294 11049.807999999786 
44.21915905548153 75.94837897827294 11058.140999999785 
44.21915905548153 75.94837897827294 11066.473999999786 
44.21915905548153 75.94837897827294 11074.806999999786 
44.21915905548153 75.94837897827294 11083.139999999785 
44.21915905548153 75.94837897827294 11091.472999999783 
44.21915905548153 75.94837897827294 11099.805999999784 
44.21915905548153 75.94837897827294 11108.138999999785 
44.21915905548153 75.94837897827294 11116.471999999783 
44.21915905548153 75.94837897827294 11124.804999999782 
44.21915905548153 75.94837897827294 11133.137999999783 
44.21915905548153 75.94837897827294 11141.470999999783 
44.21915905548153 75.94837897827294 11149.803999999782 
44.21915905548153 75.94837897827294 11158.13699999978 
44.21915905548153 75.94837897827294 11166.469999999781 
44.21915905548153 75.94837897827294 11174.802999999782 
44.21915905548153 75.94837897827294 11183.13599999978 
44.21915905548153 75.94837897827294 11191.468999999779 
44.21915905548153 75.94837897827294 11199.80199999978 
44.21915905548153 75.94837897827294 11208.13499999978 
44.21915905548153 75.94837897827294 11216.467999999779 
44.21915905548153 75.94837897827294 11224.800999999778 
44.21915905548153 75.94837897827294 11233.133999999778 
44.21915905548153 75.94837897827294 11241.466999999779 
44.21915905548153 75.94837897827294 11249.799999999777 
44.21915905548153 75.94837897827294 11258.132999999776 
44.21915905548153 75.94837897827294 11266.465999999777 
44.21915905548153 75.94837897827294 11274.798999999777 
44.21915905548153 75.94837897827294 11283.131999999776 
44.21915905548153 75.94837897827294 11291.464999999775 
44.21915905548153 75.94837897827294 11299.797999999775 
44.21915905548153 75.94837897827294 11308.130999999776 
44.21915905548153 75.94837897827294 11316.463999999774 
44.21915905548153 75.94837897827294 11324.796999999773 
44.21915905548153 75.94837897827294 11333.129999999774 
44.21915905548153 75.94837897827294 11341.462999999774 
44.21915905548153 75.94837897827294 11349.795999999773 
44.21915905548153 75.94837897827294 11358.128999999772 
44.21915905548153 75.94837897827294 11366.461999999772 
44.21915905548153 75.94837897827294 11374.794999999773 
44.21915905548153 75.94837897827294 11383.127999999771 
44.21915905548153 75.94837897827294 11391.46099999977 
44.21915905548153 75.94837897827294 11399.79399999977 
44.21915905548153 75.94837897827294 11408.126999999771 
44.21915905548153 75.94837897827294 11416.45999999977 
44.21915905548153 75.94837897827294 11424.792999999769 
44.21915905548153 75.94837897827294 11433.12599999977 
44.21915905548153 75.94837897827294 11441.45899999977 
44.21915905548153 75.94837897827294 11449.791999999768 
44.21915905548153 75.94837897827294 11458.124999999767 
44.21915905548153 75.94837897827294 11466.457999999768 
44.21915905548153 75.94837897827294 11474.790999999768 
44.21915905548153 75.94837897827294 11483.123999999767 
44.21915905548153 75.94837897827294 11491.456999999766 
44.21915905548153 75.94837897827294 11499.789999999766 
44.21915905548153 75.94837897827294 11508.122999999767 
44.21915905548153 75.94837897827294 11516.455999999765 
44.21915905548153 75.94837897827294 11524.788999999764 
44.21915905548153 75.94837897827294 11533.121999999765 
44.21915905548153 75.94837897827294 11541.454999999765 
44.21915905548153 75.94837897827294 11549.787999999764 
44.21915905548153 75.94837897827294 11558.120999999763 
44.21915905548153 75.94837897827294 11566.453999999763 
44.21915905548153 75.94837897827294 11574.786999999764 
44.21915905548153 75.94837897827294 11583.119999999763 
44.21915905548153 75.94837897827294 11591.452999999761 
44.21915905548153 75.94837897827294 11599.785999999762 
44.21915905548153 75.94837897827294 11608.118999999762 
44.21915905548153 75.94837897827294 11616.451999999761 
44.21915905548153 75.94837897827294 11624.78499999976 
44.21915905548153 75.94837897827294 11633.11799999976 
44.21915905548153 75.94837897827294 11641.45099999976 
44.21915905548153 75.94837897827294 11649.78399999976 
44.21915905548153 75.94837897827294 11658.116999999758 
44.21915905548153 75.94837897827294 11666.449999999759 
44.21915905548153 75.94837897827294 11674.78299999976 
44.21915905548153 75.94837897827294 11683.115999999758 
44.21915905548153 75.94837897827294 11691.448999999757 
44.21915905548153 75.94837897827294 11699.781999999757 
44.21915905548153 75.94837897827294 11708.114999999758 
44.21915905548153 75.94837897827294 11716.447999999757 
44.21915905548153 75.94837897827294 11724.780999999755 
44.21915905548153 75.94837897827294 11733.113999999756 
44.21915905548153 75.94837897827294 11741.446999999756 
44.21915905548153 75.94837897827294 11749.779999999755 
44.21915905548153 75.94837897827294 11758.112999999754 
44.21915905548153 75.94837897827294 11766.445999999754 
44.21915905548153 75.94837897827294 11774.778999999755 
44.21915905548153 75.94837897827294 11783.111999999754 
44.21915905548153 75.94837897827294 11791.444999999752 
44.21915905548153 75.94837897827294 11799.777999999753 
44.21915905548153 75.94837897827294 11808.110999999753 
44.21915905548153 75.94837897827294 11816.443999999752 
44.21915905548153 75.94837897827294 11824.77699999975 
44.21915905548153 75.94837897827294 11833.109999999751 
44.21915905548153 75.94837897827294 11841.442999999752 
44.21915905548153 75.94837897827294 11849.77599999975 
44.21915905548153 75.94837897827294 11858.10899999975 
44.21915905548153 75.94837897827294 11866.44199999975 
44.21915905548153 75.94837897827294 11874.77499999975 
44.21915905548153 75.94837897827294 11883.10799999975 
44.21915905548153 75.94837897827294 11891.440999999748 
44.21915905548153 75.94837897827294 11899.773999999748 
44.21915905548153 75.94837897827294 11908.106999999749 
44.21915905548153 75.94837897827294 11916.439999999748 
44.21915905548153 75.94837897827294 11924.772999999746 
44.21915905548153 75.94837897827294 11933.105999999747 
44.21915905548153 75.94837897827294 11941.438999999747 
44.21915905548153 75.94837897827294 11949.771999999746 
44.21915905548153 75.94837897827294 11958.104999999745 
44.21915905548153 75.94837897827294 11966.437999999745 
44.21915905548153 75.94837897827294 11974.770999999746 
44.21915905548153 75.94837897827294 11983.103999999745 
44.21915905548153 75.94837897827294 11991.436999999743 
44.21915905548153 75.94837897827294 11999.769999999744 
44.21915905548153 75.94837897827294 12008.102999999744 
44.21915905548153 75.94837897827294 12016.435999999743 
44.21915905548153 75.94837897827294 12024.768999999742 
44.21915905548153 75.94837897827294 12033.101999999742 
44.21915905548153 75.94837897827294 12041.434999999743 
44.21915905548153 75.94837897827294 12049.767999999742 
44.21915905548153 75.94837897827294 12058.10099999974 
44.21915905548153 75.94837897827294 12066.433999999741 
44.21915905548153 75.94837897827294 12074.766999999742 
44.21915905548153 75.94837897827294 12083.09999999974 
44.21915905548153 75.94837897827294 12091.432999999739 
44.21915905548153 75.94837897827294 12099.76599999974 
44.21915905548153 75.94837897827294 12108.09899999974 
44.21915905548153 75.94837897827294 12116.431999999739 
44.21915905548153 75.94837897827294 12124.764999999737 
44.21915905548153 75.94837897827294 12133.097999999738 
44.21915905548153 75.94837897827294 12141.430999999739 
44.21915905548153 75.94837897827294 12149.763999999737 
44.21915905548153 75.94837897827294 12158.096999999736 
44.21915905548153 75.94837897827294 12166.429999999737 
44.21915905548153 75.94837897827294 12174.762999999737 
44.21915905548153 75.94837897827294 12183.095999999736 
44.21915905548153 75.94837897827294 12191.428999999735 
44.21915905548153 75.94837897827294 12199.761999999735 
44.21915905548153 75.94837897827294 12208.094999999736 
44.21915905548153 75.94837897827294 12216.427999999734 
44.21915905548153 75.94837897827294 12224.760999999733 
44.21915905548153 75.94837897827294 12233.093999999734 
44.21915905548153 75.94837897827294 12241.426999999734 
44.21915905548153 75.94837897827294 12249.759999999733 
44.21915905548153 75.94837897827294 12258.092999999732 
44.21915905548153 75.94837897827294 12266.425999999732 
44.21915905548153 75.94837897827294 12274.758999999733 
44.21915905548153 75.94837897827294 12283.091999999731 
44.21915905548153 75.94837897827294 12291.42499999973 
44.21915905548153 75.94837897827294 12299.75799999973 
44.21915905548153 75.94837897827294 12308.090999999731 
44.21915905548153 75.94837897827294 12316.42399999973 
44.21915905548153 75.94837897827294 12324.756999999729 
44.21915905548153 75.94837897827294 12333.08999999973 
44.21915905548153 75.94837897827294 12341.42299999973 
44.21915905548153 75.94837897827294 12349.755999999728 
44.21915905548153 75.94837897827294 12358.088999999727 
44.21915905548153 75.94837897827294 12366.421999999728 
44.21915905548153 75.94837897827294 12374.754999999728 
44.21915905548153 75.94837897827294 12383.087999999727 
44.21915905548153 75.94837897827294 12391.420999999726 
44.21915905548153 75.94837897827294 12399.753999999726 
44.21915905548153 75.94837897827294 12408.086999999727 
44.21915905548153 75.94837897827294 12416.419999999725 
44.21915905548153 75.94837897827294 12424.752999999724 
44.21915905548153 75.94837897827294 12433.085999999725 
44.21915905548153 75.94837897827294 12441.418999999725 
44.21915905548153 75.94837897827294 12449.751999999724 
44.21915905548153 75.94837897827294 12458.084999999723 
44.21915905548153 75.94837897827294 12466.417999999723 
44.21915905548153 75.94837897827294 12474.750999999724 
44.21915905548153 75.94837897827294 12483.083999999722 
44.21915905548153 75.94837897827294 12491.416999999721 
44.21915905548153 75.94837897827294 12499.749999999722 
