1501 
-21.383265580106247 37.660823204863355 0.2500000002783054 
-21.383265580106247 37.660823204863355 8.583000000278844 
-21.383265580106247 37.660823204863355 16.916000000277563 
-21.383265580106247 37.660823204863355 25.249000000276283 
-21.383265580106247 37.660823204863355 33.58200000027682 
-21.383265580106247 37.660823204863355 41.91500000027736 
-21.383265580106247 37.660823204863355 50.24800000027608 
-21.383265580106247 37.660823204863355 58.5810000002748 
-21.383265580106247 37.660823204863355 66.91400000027534 
-21.383265580106247 37.660823204863355 75.24700000027588 
-21.383265580106247 37.660823204863355 83.5800000002746 
-21.383265580106247 37.660823204863355 91.91300000027331 
-21.383265580106247 37.660823204863355 100.24600000027385 
-21.383265580106247 37.660823204863355 108.57900000027439 
-21.383265580106247 37.660823204863355 116.91200000027311 
-21.383265580106247 37.660823204863355 125.24500000027183 
-21.383265580106247 37.660823204863355 133.57800000027237 
-21.383265580106247 37.660823204863355 141.9110000002729 
-21.383265580106247 37.660823204863355 150.24400000027163 
-21.383265580106247 37.660823204863355 158.57700000027035 
-21.383265580106247 37.660823204863355 166.91000000027088 
-21.383265580106247 37.660823204863355 175.24300000027142 
-21.383265580106247 37.660823204863355 183.57600000027014 
-21.383265580106247 37.660823204863355 191.90900000026886 
-21.383265580106247 37.660823204863355 200.2420000002694 
-21.383265580106247 37.660823204863355 208.57500000026994 
-21.383265580106247 37.660823204863355 216.90800000026866 
-21.383265580106247 37.660823204863355 225.24100000026738 
-21.383265580106247 37.660823204863355 233.57400000026792 
-21.383265580106247 37.660823204863355 241.90700000026845 
-21.383265580106247 37.660823204863355 250.24000000026717 
-21.383265580106247 37.660823204863355 258.5730000002659 
-21.383265580106247 37.660823204863355 266.90600000026643 
-21.383265580106247 37.660823204863355 275.23900000026697 
-21.383265580106247 37.660823204863355 283.5720000002657 
-21.383265580106247 37.660823204863355 291.9050000002644 
-21.383265580106247 37.660823204863355 300.23800000026495 
-21.383265580106247 37.660823204863355 308.5710000002655 
-21.383265580106247 37.660823204863355 316.9040000002642 
-21.383265580106247 37.660823204863355 325.2370000002629 
-21.383265580106247 37.660823204863355 333.57000000026346 
-21.383265580106247 37.660823204863355 341.903000000264 
-21.383265580106247 37.660823204863355 350.2360000002627 
-21.383265580106247 37.660823204863355 358.56900000026144 
-21.383265580106247 37.660823204863355 366.902000000262 
-21.383265580106247 37.660823204863355 375.2350000002625 
-21.383265580106247 37.660823204863355 383.56800000026124 
-21.383265580106247 37.660823204863355 391.90100000025996 
-21.383265580106247 37.660823204863355 400.2340000002605 
-21.383265580106247 37.660823204863355 408.56700000026103 
-21.383265580106247 37.660823204863355 416.90000000025975 
-21.383265580106247 37.660823204863355 425.23300000025847 
-21.383265580106247 37.660823204863355 433.566000000259 
-21.383265580106247 37.660823204863355 441.89900000025955 
-21.383265580106247 37.660823204863355 450.23200000025827 
-21.383265580106247 37.660823204863355 458.565000000257 
-21.383265580106247 37.660823204863355 466.8980000002575 
-21.383265580106247 37.660823204863355 475.23100000025806 
-21.383265580106247 37.660823204863355 483.5640000002568 
-21.383265580106247 37.660823204863355 491.8970000002555 
-21.383265580106247 37.660823204863355 500.23000000025604 
-21.383265580106247 37.660823204863355 508.5630000002566 
-21.383265580106247 37.660823204863355 516.8960000002553 
-21.383265580106247 37.660823204863355 525.229000000254 
-21.383265580106247 37.660823204863355 533.5620000002546 
-21.383265580106247 37.660823204863355 541.8950000002551 
-21.383265580106247 37.660823204863355 550.2280000002538 
-21.383265580106247 37.660823204863355 558.5610000002525 
-21.383265580106247 37.660823204863355 566.8940000002531 
-21.383265580106247 37.660823204863355 575.2270000002536 
-21.383265580106247 37.660823204863355 583.5600000002523 
-21.383265580106247 37.660823204863355 591.893000000251 
-21.383265580106247 37.660823204863355 600.2260000002516 
-21.383265580106247 37.660823204863355 608.5590000002521 
-21.383265580106247 37.660823204863355 616.8920000002508 
-21.383265580106247 37.660823204863355 625.2250000002496 
-21.383265580106247 37.660823204863355 633.5580000002501 
-21.383265580106247 37.660823204863355 641.8910000002506 
-21.383265580106247 37.660823204863355 650.2240000002494 
-21.383265580106247 37.660823204863355 658.5570000002481 
-21.383265580106247 37.660823204863355 666.8900000002486 
-21.383265580106247 37.660823204863355 675.2230000002492 
-21.383265580106247 37.660823204863355 683.5560000002479 
-21.383265580106247 37.660823204863355 691.8890000002466 
-21.383265580106247 37.660823204863355 700.2220000002471 
-21.383265580106247 37.660823204863355 708.5550000002477 
-21.383265580106247 37.660823204863355 716.8880000002464 
-21.383265580106247 37.660823204863355 725.2210000002451 
-21.383265580106247 37.660823204863355 733.5540000002457 
-21.383265580106247 37.660823204863355 741.8870000002462 
-21.383265580106247 37.660823204863355 750.2200000002449 
-21.383265580106247 37.660823204863355 758.5530000002436 
-21.383265580106247 37.660823204863355 766.8860000002442 
-21.383265580106247 37.660823204863355 775.2190000002447 
-21.383265580106247 37.660823204863355 783.5520000002434 
-21.383265580106247 37.660823204863355 791.8850000002421 
-21.383265580106247 37.660823204863355 800.2180000002427 
-21.383265580106247 37.660823204863355 808.5510000002432 
-21.383265580106247 37.660823204863355 816.8840000002419 
-21.383265580106247 37.660823204863355 825.2170000002407 
-21.383265580106247 37.660823204863355 833.5500000002412 
-21.383265580106247 37.660823204863355 841.8830000002417 
-21.383265580106247 37.660823204863355 850.2160000002405 
-21.383265580106247 37.660823204863355 858.5490000002392 
-21.383265580106247 37.660823204863355 866.8820000002397 
-21.383265580106247 37.660823204863355 875.2150000002403 
-21.383265580106247 37.660823204863355 883.548000000239 
-21.383265580106247 37.660823204863355 891.8810000002377 
-21.383265580106247 37.660823204863355 900.2140000002382 
-21.383265580106247 37.660823204863355 908.5470000002388 
-21.383265580106247 37.660823204863355 916.8800000002375 
-21.383265580106247 37.660823204863355 925.2130000002362 
-21.383265580106247 37.660823204863355 933.5460000002367 
-21.383265580106247 37.660823204863355 941.8790000002373 
-21.383265580106247 37.660823204863355 950.212000000236 
-21.383265580106247 37.660823204863355 958.5450000002347 
-21.383265580106247 37.660823204863355 966.8780000002353 
-21.383265580106247 37.660823204863355 975.2110000002358 
-21.383265580106247 37.660823204863355 983.5440000002345 
-21.383265580106247 37.660823204863355 991.8770000002332 
-21.383265580106247 37.660823204863355 1000.2100000002338 
-21.383265580106247 37.660823204863355 1008.5430000002343 
-21.383265580106247 37.660823204863355 1016.876000000233 
-21.383265580106247 37.660823204863355 1025.2090000002318 
-21.383265580106247 37.660823204863355 1033.5420000002323 
-21.383265580106247 37.660823204863355 1041.8750000002328 
-21.383265580106247 37.660823204863355 1050.2080000002316 
-21.383265580106247 37.660823204863355 1058.5410000002303 
-21.383265580106247 37.660823204863355 1066.8740000002308 
-21.383265580106247 37.660823204863355 1075.2070000002313 
-21.383265580106247 37.660823204863355 1083.54000000023 
-21.383265580106247 37.660823204863355 1091.8730000002288 
-21.383265580106247 37.660823204863355 1100.2060000002293 
-21.383265580106247 37.660823204863355 1108.5390000002299 
-21.383265580106247 37.660823204863355 1116.8720000002286 
-21.383265580106247 37.660823204863355 1125.2050000002273 
-21.383265580106247 37.660823204863355 1133.5380000002278 
-21.383265580106247 37.660823204863355 1141.8710000002284 
-21.383265580106247 37.660823204863355 1150.204000000227 
-21.383265580106247 37.660823204863355 1158.5370000002258 
-21.383265580106247 37.660823204863355 1166.8700000002264 
-21.383265580106247 37.660823204863355 1175.203000000227 
-21.383265580106247 37.660823204863355 1183.5360000002256 
-21.383265580106247 37.660823204863355 1191.8690000002243 
-21.383265580106247 37.660823204863355 1200.2020000002249 
-21.383265580106247 37.660823204863355 1208.5350000002254 
-21.383265580106247 37.660823204863355 1216.8680000002241 
-21.383265580106247 37.660823204863355 1225.2010000002228 
-21.383265580106247 37.660823204863355 1233.5340000002234 
-21.383265580106247 37.660823204863355 1241.867000000224 
-21.383265580106247 37.660823204863355 1250.2000000002226 
-21.383265580106247 37.660823204863355 1258.5330000002214 
-21.383265580106247 37.660823204863355 1266.866000000222 
-21.383265580106247 37.660823204863355 1275.1990000002224 
-21.383265580106247 37.660823204863355 1283.5320000002212 
-21.383265580106247 37.660823204863355 1291.8650000002199 
-21.383265580106247 37.660823204863355 1300.1980000002204 
-21.383265580106247 37.660823204863355 1308.531000000221 
-21.383265580106247 37.660823204863355 1316.8640000002197 
-21.383265580106247 37.660823204863355 1325.1970000002184 
-21.383265580106247 37.660823204863355 1333.530000000219 
-21.383265580106247 37.660823204863355 1341.8630000002195 
-21.383265580106247 37.660823204863355 1350.1960000002182 
-21.383265580106247 37.660823204863355 1358.529000000217 
-21.383265580106247 37.660823204863355 1366.8620000002174 
-21.383265580106247 37.660823204863355 1375.195000000218 
-21.383265580106247 37.660823204863355 1383.5280000002167 
-21.383265580106247 37.660823204863355 1391.8610000002154 
-21.383265580106247 37.660823204863355 1400.194000000216 
-21.383265580106247 37.660823204863355 1408.5270000002165 
-21.383265580106247 37.660823204863355 1416.8600000002152 
-21.383265580106247 37.660823204863355 1425.193000000214 
-21.383265580106247 37.660823204863355 1433.5260000002145 
-21.383265580106247 37.660823204863355 1441.859000000215 
-21.383265580106247 37.660823204863355 1450.1920000002137 
-21.383265580106247 37.660823204863355 1458.5250000002125 
-21.383265580106247 37.660823204863355 1466.858000000213 
-21.383265580106247 37.660823204863355 1475.1910000002135 
-21.383265580106247 37.660823204863355 1483.5240000002123 
-21.383265580106247 37.660823204863355 1491.857000000211 
-21.383265580106247 37.660823204863355 1500.1900000002115 
-21.383265580106247 37.660823204863355 1508.523000000212 
-21.383265580106247 37.660823204863355 1516.8560000002108 
-21.383265580106247 37.660823204863355 1525.1890000002095 
-21.383265580106247 37.660823204863355 1533.52200000021 
-21.383265580106247 37.660823204863355 1541.8550000002106 
-21.383265580106247 37.660823204863355 1550.1880000002093 
-21.383265580106247 37.660823204863355 1558.521000000208 
-21.383265580106247 37.660823204863355 1566.8540000002085 
-21.383265580106247 37.660823204863355 1575.187000000209 
-21.383265580106247 37.660823204863355 1583.5200000002078 
-21.383265580106247 37.660823204863355 1591.8530000002065 
-21.383265580106247 37.660823204863355 1600.186000000207 
-21.383265580106247 37.660823204863355 1608.5190000002076 
-21.383265580106247 37.660823204863355 1616.8520000002063 
-21.383265580106247 37.660823204863355 1625.185000000205 
-21.383265580106247 37.660823204863355 1633.5180000002056 
-21.383265580106247 37.660823204863355 1641.851000000206 
-21.383265580106247 37.660823204863355 1650.1840000002048 
-21.383265580106247 37.660823204863355 1658.5170000002036 
-21.383265580106247 37.660823204863355 1666.850000000204 
-21.383265580106247 37.660823204863355 1675.1830000002046 
-21.383265580106247 37.660823204863355 1683.5160000002033 
-21.383265580106247 37.660823204863355 1691.849000000202 
-21.383265580106247 37.660823204863355 1700.1820000002026 
-21.383265580106247 37.660823204863355 1708.5150000002031 
-21.383265580106247 37.660823204863355 1716.8480000002019 
-21.383265580106247 37.660823204863355 1725.1810000002006 
-21.383265580106247 37.660823204863355 1733.5140000002011 
-21.383265580106247 37.660823204863355 1741.8470000002017 
-21.383265580106247 37.660823204863355 1750.1800000002004 
-21.383265580106247 37.660823204863355 1758.513000000199 
-21.383265580106247 37.660823204863355 1766.8460000001996 
-21.383265580106247 37.660823204863355 1775.1790000002002 
-21.383265580106247 37.660823204863355 1783.512000000199 
-21.383265580106247 37.660823204863355 1791.8450000001976 
-21.383265580106247 37.660823204863355 1800.1780000001982 
-21.383265580106247 37.660823204863355 1808.5110000001987 
-21.383265580106247 37.660823204863355 1816.8440000001974 
-21.383265580106247 37.660823204863355 1825.1770000001961 
-21.383265580106247 37.660823204863355 1833.5100000001967 
-21.383265580106247 37.660823204863355 1841.8430000001972 
-21.383265580106247 37.660823204863355 1850.176000000196 
-21.383265580106247 37.660823204863355 1858.5090000001946 
-21.383265580106247 37.660823204863355 1866.8420000001952 
-21.383265580106247 37.660823204863355 1875.1750000001957 
-21.383265580106247 37.660823204863355 1883.5080000001944 
-21.383265580106247 37.660823204863355 1891.8410000001932 
-21.383265580106247 37.660823204863355 1900.1740000001937 
-21.383265580106247 37.660823204863355 1908.5070000001942 
-21.383265580106247 37.660823204863355 1916.840000000193 
-21.383265580106247 37.660823204863355 1925.1730000001917 
-21.383265580106247 37.660823204863355 1933.5060000001922 
-21.383265580106247 37.660823204863355 1941.8390000001928 
-21.383265580106247 37.660823204863355 1950.1720000001915 
-21.383265580106247 37.660823204863355 1958.5050000001902 
-21.383265580106247 37.660823204863355 1966.8380000001907 
-21.383265580106247 37.660823204863355 1975.1710000001913 
-21.383265580106247 37.660823204863355 1983.50400000019 
-21.383265580106247 37.660823204863355 1991.8370000001887 
-21.383265580106247 37.660823204863355 2000.1700000001892 
-21.383265580106247 37.660823204863355 2008.5030000001898 
-21.383265580106247 37.660823204863355 2016.8360000001885 
-21.383265580106247 37.660823204863355 2025.1690000001872 
-21.383265580106247 37.660823204863355 2033.5020000001878 
-21.383265580106247 37.660823204863355 2041.8350000001883 
-21.383265580106247 37.660823204863355 2050.168000000187 
-21.383265580106247 37.660823204863355 2058.5010000001857 
-21.383265580106247 37.660823204863355 2066.8340000001863 
-21.383265580106247 37.660823204863355 2075.167000000187 
-21.383265580106247 37.660823204863355 2083.5000000001855 
-21.383265580106247 37.660823204863355 2091.8330000001843 
-21.383265580106247 37.660823204863355 2100.166000000185 
-21.383265580106247 37.660823204863355 2108.4990000001853 
-21.383265580106247 37.660823204863355 2116.832000000184 
-21.383265580106247 37.660823204863355 2125.1650000001828 
-21.383265580106247 37.660823204863355 2133.4980000001833 
-21.383265580106247 37.660823204863355 2141.831000000184 
-21.383265580106247 37.660823204863355 2150.1640000001826 
-21.383265580106247 37.660823204863355 2158.4970000001813 
-21.383265580106247 37.660823204863355 2166.830000000182 
-21.383265580106247 37.660823204863355 2175.1630000001824 
-21.383265580106247 37.660823204863355 2183.496000000181 
-21.383265580106247 37.660823204863355 2191.82900000018 
-21.383265580106247 37.660823204863355 2200.1620000001803 
-21.383265580106247 37.660823204863355 2208.495000000181 
-21.383265580106247 37.660823204863355 2216.8280000001796 
-21.383265580106247 37.660823204863355 2225.1610000001783 
-21.383265580106247 37.660823204863355 2233.494000000179 
-21.383265580106247 37.660823204863355 2241.8270000001794 
-21.383265580106247 37.660823204863355 2250.160000000178 
-21.383265580106247 37.660823204863355 2258.493000000177 
-21.383265580106247 37.660823204863355 2266.8260000001774 
-21.383265580106247 37.660823204863355 2275.159000000178 
-21.383265580106247 37.660823204863355 2283.4920000001766 
-21.383265580106247 37.660823204863355 2291.8250000001754 
-21.383265580106247 37.660823204863355 2300.158000000176 
-21.383265580106247 37.660823204863355 2308.4910000001764 
-21.383265580106247 37.660823204863355 2316.824000000175 
-21.383265580106247 37.660823204863355 2325.157000000174 
-21.383265580106247 37.660823204863355 2333.4900000001744 
-21.383265580106247 37.660823204863355 2341.823000000175 
-21.383265580106247 37.660823204863355 2350.1560000001737 
-21.383265580106247 37.660823204863355 2358.4890000001724 
-21.383265580106247 37.660823204863355 2366.822000000173 
-21.383265580106247 37.660823204863355 2375.1550000001735 
-21.383265580106247 37.660823204863355 2383.488000000172 
-21.383265580106247 37.660823204863355 2391.821000000171 
-21.383265580106247 37.660823204863355 2400.1540000001714 
-21.383265580106247 37.660823204863355 2408.487000000172 
-21.383265580106247 37.660823204863355 2416.8200000001707 
-21.383265580106247 37.660823204863355 2425.1530000001694 
-21.383265580106247 37.660823204863355 2433.48600000017 
-21.383265580106247 37.660823204863355 2441.8190000001705 
-21.383265580106247 37.660823204863355 2450.152000000169 
-21.383265580106247 37.660823204863355 2458.485000000168 
-21.383265580106247 37.660823204863355 2466.8180000001685 
-21.383265580106247 37.660823204863355 2475.151000000169 
-21.383265580106247 37.660823204863355 2483.4840000001677 
-21.383265580106247 37.660823204863355 2491.8170000001664 
-21.383265580106247 37.660823204863355 2500.150000000167 
-21.383265580106247 37.660823204863355 2508.4830000001675 
-21.383265580106247 37.660823204863355 2516.8160000001662 
-21.383265580106247 37.660823204863355 2525.149000000165 
-21.383265580106247 37.660823204863355 2533.4820000001655 
-21.383265580106247 37.660823204863355 2541.815000000166 
-21.383265580106247 37.660823204863355 2550.1480000001648 
-21.383265580106247 37.660823204863355 2558.4810000001635 
-21.383265580106247 37.660823204863355 2566.814000000164 
-21.383265580106247 37.660823204863355 2575.1470000001646 
-21.383265580106247 37.660823204863355 2583.4800000001633 
-21.383265580106247 37.660823204863355 2591.813000000162 
-21.383265580106247 37.660823204863355 2600.1460000001625 
-21.383265580106247 37.660823204863355 2608.479000000163 
-21.383265580106247 37.660823204863355 2616.812000000162 
-21.383265580106247 37.660823204863355 2625.1450000001605 
-21.383265580106247 37.660823204863355 2633.478000000161 
-21.383265580106247 37.660823204863355 2641.8110000001616 
-21.383265580106247 37.660823204863355 2650.1440000001603 
-21.383265580106247 37.660823204863355 2658.477000000159 
-21.383265580106247 37.660823204863355 2666.8100000001596 
-21.383265580106247 37.660823204863355 2675.14300000016 
-21.383265580106247 37.660823204863355 2683.476000000159 
-21.383265580106247 37.660823204863355 2691.8090000001575 
-21.383265580106247 37.660823204863355 2700.142000000158 
-21.383265580106247 37.660823204863355 2708.4750000001586 
-21.383265580106247 37.660823204863355 2716.8080000001573 
-21.383265580106247 37.660823204863355 2725.141000000156 
-21.383265580106247 37.660823204863355 2733.4740000001566 
-21.383265580106247 37.660823204863355 2741.807000000157 
-21.383265580106247 37.660823204863355 2750.140000000156 
-21.383265580106247 37.660823204863355 2758.4730000001546 
-21.383265580106247 37.660823204863355 2766.806000000155 
-21.383265580106247 37.660823204863355 2775.1390000001556 
-21.383265580106247 37.660823204863355 2783.4720000001544 
-21.383265580106247 37.660823204863355 2791.805000000153 
-21.383265580106247 37.660823204863355 2800.1380000001536 
-21.383265580106247 37.660823204863355 2808.471000000154 
-21.383265580106247 37.660823204863355 2816.804000000153 
-21.383265580106247 37.660823204863355 2825.1370000001516 
-21.383265580106247 37.660823204863355 2833.470000000152 
-21.383265580106247 37.660823204863355 2841.8030000001527 
-21.383265580106247 37.660823204863355 2850.1360000001514 
-21.383265580106247 37.660823204863355 2858.46900000015 
-21.383265580106247 37.660823204863355 2866.8020000001507 
-21.383265580106247 37.660823204863355 2875.135000000151 
-21.383265580106247 37.660823204863355 2883.46800000015 
-21.383265580106247 37.660823204863355 2891.8010000001486 
-21.383265580106247 37.660823204863355 2900.134000000149 
-21.383265580106247 37.660823204863355 2908.4670000001497 
-21.383265580106247 37.660823204863355 2916.8000000001484 
-21.383265580106247 37.660823204863355 2925.133000000147 
-21.383265580106247 37.660823204863355 2933.4660000001477 
-21.383265580106247 37.660823204863355 2941.799000000148 
-21.383265580106247 37.660823204863355 2950.132000000147 
-21.383265580106247 37.660823204863355 2958.4650000001457 
-21.383265580106247 37.660823204863355 2966.798000000146 
-21.383265580106247 37.660823204863355 2975.1310000001467 
-21.383265580106247 37.660823204863355 2983.4640000001455 
-21.383265580106247 37.660823204863355 2991.797000000144 
-21.383265580106247 37.660823204863355 3000.1300000001447 
-21.383265580106247 37.660823204863355 3008.4630000001453 
-21.383265580106247 37.660823204863355 3016.796000000144 
-21.383265580106247 37.660823204863355 3025.1290000001427 
-21.383265580106247 37.660823204863355 3033.4620000001432 
-21.383265580106247 37.660823204863355 3041.795000000144 
-21.383265580106247 37.660823204863355 3050.1280000001425 
-21.383265580106247 37.660823204863355 3058.461000000141 
-21.383265580106247 37.660823204863355 3066.7940000001418 
-21.383265580106247 37.660823204863355 3075.1270000001423 
-21.383265580106247 37.660823204863355 3083.460000000141 
-21.383265580106247 37.660823204863355 3091.7930000001397 
-21.383265580106247 37.660823204863355 3100.1260000001403 
-21.383265580106247 37.660823204863355 3108.459000000141 
-21.383265580106247 37.660823204863355 3116.7920000001395 
-21.383265580106247 37.660823204863355 3125.1250000001382 
-21.383265580106247 37.660823204863355 3133.458000000139 
-21.383265580106247 37.660823204863355 3141.7910000001393 
-21.383265580106247 37.660823204863355 3150.124000000138 
-21.383265580106247 37.660823204863355 3158.4570000001368 
-21.383265580106247 37.660823204863355 3166.7900000001373 
-21.383265580106247 37.660823204863355 3175.123000000138 
-21.383265580106247 37.660823204863355 3183.4560000001366 
-21.383265580106247 37.660823204863355 3191.7890000001353 
-21.383265580106247 37.660823204863355 3200.122000000136 
-21.383265580106247 37.660823204863355 3208.4550000001364 
-21.383265580106247 37.660823204863355 3216.788000000135 
-21.383265580106247 37.660823204863355 3225.121000000134 
-21.383265580106247 37.660823204863355 3233.4540000001343 
-21.383265580106247 37.660823204863355 3241.787000000135 
-21.383265580106247 37.660823204863355 3250.1200000001336 
-21.383265580106247 37.660823204863355 3258.4530000001323 
-21.383265580106247 37.660823204863355 3266.786000000133 
-21.383265580106247 37.660823204863355 3275.1190000001334 
-21.383265580106247 37.660823204863355 3283.452000000132 
-21.383265580106247 37.660823204863355 3291.785000000131 
-21.383265580106247 37.660823204863355 3300.1180000001314 
-21.383265580106247 37.660823204863355 3308.451000000132 
-21.383265580106247 37.660823204863355 3316.7840000001306 
-21.383265580106247 37.660823204863355 3325.1170000001293 
-21.383265580106247 37.660823204863355 3333.45000000013 
-21.383265580106247 37.660823204863355 3341.7830000001304 
-21.383265580106247 37.660823204863355 3350.116000000129 
-21.383265580106247 37.660823204863355 3358.449000000128 
-21.383265580106247 37.660823204863355 3366.7820000001284 
-21.383265580106247 37.660823204863355 3375.115000000129 
-21.383265580106247 37.660823204863355 3383.4480000001276 
-21.383265580106247 37.660823204863355 3391.7810000001264 
-21.383265580106247 37.660823204863355 3400.114000000127 
-21.383265580106247 37.660823204863355 3408.4470000001274 
-21.383265580106247 37.660823204863355 3416.780000000126 
-21.383265580106247 37.660823204863355 3425.113000000125 
-21.383265580106247 37.660823204863355 3433.4460000001254 
-21.383265580106247 37.660823204863355 3441.779000000126 
-21.383265580106247 37.660823204863355 3450.1120000001247 
-21.383265580106247 37.660823204863355 3458.4450000001234 
-21.383265580106247 37.660823204863355 3466.778000000124 
-21.383265580106247 37.660823204863355 3475.1110000001245 
-21.383265580106247 37.660823204863355 3483.444000000123 
-21.383265580106247 37.660823204863355 3491.777000000122 
-21.383265580106247 37.660823204863355 3500.1100000001225 
-21.383265580106247 37.660823204863355 3508.443000000123 
-21.383265580106247 37.660823204863355 3516.7760000001217 
-21.383265580106247 37.660823204863355 3525.1090000001204 
-21.383265580106247 37.660823204863355 3533.442000000121 
-21.383265580106247 37.660823204863355 3541.7750000001215 
-21.383265580106247 37.660823204863355 3550.1080000001202 
-21.383265580106247 37.660823204863355 3558.441000000119 
-21.383265580106247 37.660823204863355 3566.7740000001195 
-21.383265580106247 37.660823204863355 3575.10700000012 
-21.383265580106247 37.660823204863355 3583.4400000001187 
-21.383265580106247 37.660823204863355 3591.7730000001175 
-21.383265580106247 37.660823204863355 3600.106000000118 
-21.383265580106247 37.660823204863355 3608.4390000001185 
-21.383265580106247 37.660823204863355 3616.7720000001173 
-21.383265580106247 37.660823204863355 3625.105000000116 
-21.383265580106247 37.660823204863355 3633.4380000001165 
-21.383265580106247 37.660823204863355 3641.771000000117 
-21.383265580106247 37.660823204863355 3650.104000000116 
-21.383265580106247 37.660823204863355 3658.4370000001145 
-21.383265580106247 37.660823204863355 3666.770000000115 
-21.383265580106247 37.660823204863355 3675.1030000001156 
-21.383265580106247 37.660823204863355 3683.4360000001143 
-21.383265580106247 37.660823204863355 3691.769000000113 
-21.383265580106247 37.660823204863355 3700.1020000001135 
-21.383265580106247 37.660823204863355 3708.435000000114 
-21.383265580106247 37.660823204863355 3716.768000000113 
-21.383265580106247 37.660823204863355 3725.1010000001115 
-21.383265580106247 37.660823204863355 3733.434000000112 
-21.383265580106247 37.660823204863355 3741.7670000001126 
-21.383265580106247 37.660823204863355 3750.1000000001113 
-21.383265580106247 37.660823204863355 3758.43300000011 
-21.383265580106247 37.660823204863355 3766.7660000001106 
-21.383265580106247 37.660823204863355 3775.099000000111 
-21.383265580106247 37.660823204863355 3783.43200000011 
-21.383265580106247 37.660823204863355 3791.7650000001086 
-21.383265580106247 37.660823204863355 3800.098000000109 
-21.383265580106247 37.660823204863355 3808.4310000001096 
-21.383265580106247 37.660823204863355 3816.7640000001084 
-21.383265580106247 37.660823204863355 3825.097000000107 
-21.383265580106247 37.660823204863355 3833.4300000001076 
-21.383265580106247 37.660823204863355 3841.763000000108 
-21.383265580106247 37.660823204863355 3850.096000000107 
-21.383265580106247 37.660823204863355 3858.4290000001056 
-21.383265580106247 37.660823204863355 3866.762000000106 
-21.383265580106247 37.660823204863355 3875.0950000001067 
-21.383265580106247 37.660823204863355 3883.4280000001054 
-21.383265580106247 37.660823204863355 3891.761000000104 
-21.383265580106247 37.660823204863355 3900.0940000001046 
-21.383265580106247 37.660823204863355 3908.427000000105 
-21.383265580106247 37.660823204863355 3916.760000000104 
-21.383265580106247 37.660823204863355 3925.0930000001026 
-21.383265580106247 37.660823204863355 3933.426000000103 
-21.383265580106247 37.660823204863355 3941.7590000001037 
-21.383265580106247 37.660823204863355 3950.0920000001024 
-21.383265580106247 37.660823204863355 3958.425000000101 
-21.383265580106247 37.660823204863355 3966.7580000001017 
-21.383265580106247 37.660823204863355 3975.091000000102 
-21.383265580106247 37.660823204863355 3983.424000000101 
-21.383265580106247 37.660823204863355 3991.7570000000997 
-21.383265580106247 37.660823204863355 4000.0900000001 
-21.383265580106247 37.660823204863355 4008.4230000001007 
-21.383265580106247 37.660823204863355 4016.7560000000994 
-21.383265580106247 37.660823204863355 4025.089000000098 
-21.383265580106247 37.660823204863355 4033.4220000000987 
-21.383265580106247 37.660823204863355 4041.7550000000992 
-21.383265580106247 37.660823204863355 4050.088000000098 
-21.383265580106247 37.660823204863355 4058.4210000000967 
-21.383265580106247 37.660823204863355 4066.754000000097 
-21.383265580106247 37.660823204863355 4075.0870000000978 
-21.383265580106247 37.660823204863355 4083.4200000000965 
-21.383265580106247 37.660823204863355 4091.753000000095 
-21.383265580106247 37.660823204863355 4100.086000000096 
-21.383265580106247 37.660823204863355 4108.419000000096 
-21.383265580106247 37.660823204863355 4116.752000000095 
-21.383265580106247 37.660823204863355 4125.085000000094 
-21.383265580106247 37.660823204863355 4133.418000000094 
-21.383265580106247 37.660823204863355 4141.751000000095 
-21.383265580106247 37.660823204863355 4150.0840000000935 
-21.383265580106247 37.660823204863355 4158.417000000092 
-21.383265580106247 37.660823204863355 4166.750000000093 
-21.383265580106247 37.660823204863355 4175.083000000093 
-21.383265580106247 37.660823204863355 4183.416000000092 
-21.383265580106247 37.660823204863355 4191.749000000091 
-21.383265580106247 37.660823204863355 4200.082000000091 
-21.383265580106247 37.660823204863355 4208.415000000092 
-21.383265580106247 37.660823204863355 4216.7480000000905 
-21.383265580106247 37.660823204863355 4225.081000000089 
-21.383265580106247 37.660823204863355 4233.41400000009 
-21.383265580106247 37.660823204863355 4241.74700000009 
-21.383265580106247 37.660823204863355 4250.080000000089 
-21.383265580106247 37.660823204863355 4258.413000000088 
-21.383265580106247 37.660823204863355 4266.746000000088 
-21.383265580106247 37.660823204863355 4275.079000000089 
-21.383265580106247 37.660823204863355 4283.412000000088 
-21.383265580106247 37.660823204863355 4291.745000000086 
-21.383265580106247 37.660823204863355 4300.078000000087 
-21.383265580106247 37.660823204863355 4308.4110000000865 
-21.383265580106247 37.660823204863355 4316.744000000086 
-21.383265580106247 37.660823204863355 4325.077000000086 
-21.383265580106247 37.660823204863355 4333.410000000085 
-21.383265580106247 37.660823204863355 4341.743000000085 
-21.383265580106247 37.660823204863355 4350.076000000085 
-21.383265580106247 37.660823204863355 4358.409000000084 
-21.383265580106247 37.660823204863355 4366.742000000084 
-21.383265580106247 37.660823204863355 4375.0750000000835 
-21.383265580106247 37.660823204863355 4383.408000000083 
-21.383265580106247 37.660823204863355 4391.741000000083 
-21.383265580106247 37.660823204863355 4400.074000000082 
-21.383265580106247 37.660823204863355 4408.407000000082 
-21.383265580106247 37.660823204863355 4416.740000000082 
-21.383265580106247 37.660823204863355 4425.073000000081 
-21.383265580106247 37.660823204863355 4433.406000000081 
-21.383265580106247 37.660823204863355 4441.7390000000805 
-21.383265580106247 37.660823204863355 4450.07200000008 
-21.383265580106247 37.660823204863355 4458.40500000008 
-21.383265580106247 37.660823204863355 4466.738000000079 
-21.383265580106247 37.660823204863355 4475.071000000079 
-21.383265580106247 37.660823204863355 4483.404000000079 
-21.383265580106247 37.660823204863355 4491.737000000078 
-21.383265580106247 37.660823204863355 4500.070000000078 
-21.383265580106247 37.660823204863355 4508.403000000078 
-21.383265580106247 37.660823204863355 4516.736000000077 
-21.383265580106247 37.660823204863355 4525.069000000077 
-21.383265580106247 37.660823204863355 4533.402000000076 
-21.383265580106247 37.660823204863355 4541.735000000076 
-21.383265580106247 37.660823204863355 4550.068000000076 
-21.383265580106247 37.660823204863355 4558.401000000075 
-21.383265580106247 37.660823204863355 4566.734000000075 
-21.383265580106247 37.660823204863355 4575.067000000075 
-21.383265580106247 37.660823204863355 4583.400000000074 
-21.383265580106247 37.660823204863355 4591.733000000074 
-21.383265580106247 37.660823204863355 4600.0660000000735 
-21.383265580106247 37.660823204863355 4608.399000000073 
-21.383265580106247 37.660823204863355 4616.732000000073 
-21.383265580106247 37.660823204863355 4625.065000000072 
-21.383265580106247 37.660823204863355 4633.398000000072 
-21.383265580106247 37.660823204863355 4641.731000000072 
-21.383265580106247 37.660823204863355 4650.064000000071 
-21.383265580106247 37.660823204863355 4658.397000000071 
-21.383265580106247 37.660823204863355 4666.7300000000705 
-21.383265580106247 37.660823204863355 4675.06300000007 
-21.383265580106247 37.660823204863355 4683.39600000007 
-21.383265580106247 37.660823204863355 4691.729000000069 
-21.383265580106247 37.660823204863355 4700.062000000069 
-21.383265580106247 37.660823204863355 4708.395000000069 
-21.383265580106247 37.660823204863355 4716.728000000068 
-21.383265580106247 37.660823204863355 4725.061000000068 
-21.383265580106247 37.660823204863355 4733.3940000000675 
-21.383265580106247 37.660823204863355 4741.727000000067 
-21.383265580106247 37.660823204863355 4750.060000000067 
-21.383265580106247 37.660823204863355 4758.393000000066 
-21.383265580106247 37.660823204863355 4766.726000000066 
-21.383265580106247 37.660823204863355 4775.059000000066 
-21.383265580106247 37.660823204863355 4783.392000000065 
-21.383265580106247 37.660823204863355 4791.725000000065 
-21.383265580106247 37.660823204863355 4800.058000000065 
-21.383265580106247 37.660823204863355 4808.391000000064 
-21.383265580106247 37.660823204863355 4816.724000000064 
-21.383265580106247 37.660823204863355 4825.057000000063 
-21.383265580106247 37.660823204863355 4833.390000000063 
-21.383265580106247 37.660823204863355 4841.723000000063 
-21.383265580106247 37.660823204863355 4850.056000000062 
-21.383265580106247 37.660823204863355 4858.389000000062 
-21.383265580106247 37.660823204863355 4866.722000000062 
-21.383265580106247 37.660823204863355 4875.055000000061 
-21.383265580106247 37.660823204863355 4883.388000000061 
-21.383265580106247 37.660823204863355 4891.7210000000605 
-21.383265580106247 37.660823204863355 4900.05400000006 
-21.383265580106247 37.660823204863355 4908.38700000006 
-21.383265580106247 37.660823204863355 4916.720000000059 
-21.383265580106247 37.660823204863355 4925.053000000059 
-21.383265580106247 37.660823204863355 4933.386000000059 
-21.383265580106247 37.660823204863355 4941.719000000058 
-21.383265580106247 37.660823204863355 4950.052000000058 
-21.383265580106247 37.660823204863355 4958.3850000000575 
-21.383265580106247 37.660823204863355 4966.718000000057 
-21.383265580106247 37.660823204863355 4975.051000000057 
-21.383265580106247 37.660823204863355 4983.384000000056 
-21.383265580106247 37.660823204863355 4991.717000000056 
-21.383265580106247 37.660823204863355 5000.050000000056 
-21.383265580106247 37.660823204863355 5008.383000000055 
-21.383265580106247 37.660823204863355 5016.716000000055 
-21.383265580106247 37.660823204863355 5025.049000000055 
-21.383265580106247 37.660823204863355 5033.382000000054 
-21.383265580106247 37.660823204863355 5041.715000000054 
-21.383265580106247 37.660823204863355 5050.048000000053 
-21.383265580106247 37.660823204863355 5058.381000000053 
-21.383265580106247 37.660823204863355 5066.714000000053 
-21.383265580106247 37.660823204863355 5075.047000000052 
-21.383265580106247 37.660823204863355 5083.380000000052 
-21.383265580106247 37.660823204863355 5091.713000000052 
-21.383265580106247 37.660823204863355 5100.046000000051 
-21.383265580106247 37.660823204863355 5108.379000000051 
-21.383265580106247 37.660823204863355 5116.7120000000505 
-21.383265580106247 37.660823204863355 5125.04500000005 
-21.383265580106247 37.660823204863355 5133.37800000005 
-21.383265580106247 37.660823204863355 5141.711000000049 
-21.383265580106247 37.660823204863355 5150.044000000049 
-21.383265580106247 37.660823204863355 5158.377000000049 
-21.383265580106247 37.660823204863355 5166.710000000048 
-21.383265580106247 37.660823204863355 5175.043000000048 
-21.383265580106247 37.660823204863355 5183.3760000000475 
-21.383265580106247 37.660823204863355 5191.709000000047 
-21.383265580106247 37.660823204863355 5200.042000000047 
-21.383265580106247 37.660823204863355 5208.375000000046 
-21.383265580106247 37.660823204863355 5216.708000000046 
-21.383265580106247 37.660823204863355 5225.041000000046 
-21.383265580106247 37.660823204863355 5233.374000000045 
-21.383265580106247 37.660823204863355 5241.707000000045 
-21.383265580106247 37.660823204863355 5250.0400000000445 
-21.383265580106247 37.660823204863355 5258.373000000044 
-21.383265580106247 37.660823204863355 5266.706000000044 
-21.383265580106247 37.660823204863355 5275.039000000043 
-21.383265580106247 37.660823204863355 5283.372000000043 
-21.383265580106247 37.660823204863355 5291.705000000043 
-21.383265580106247 37.660823204863355 5300.038000000042 
-21.383265580106247 37.660823204863355 5308.371000000042 
-21.383265580106247 37.660823204863355 5316.704000000042 
-21.383265580106247 37.660823204863355 5325.037000000041 
-21.383265580106247 37.660823204863355 5333.370000000041 
-21.383265580106247 37.660823204863355 5341.70300000004 
-21.383265580106247 37.660823204863355 5350.03600000004 
-21.383265580106247 37.660823204863355 5358.36900000004 
-21.383265580106247 37.660823204863355 5366.702000000039 
-21.383265580106247 37.660823204863355 5375.035000000039 
-21.383265580106247 37.660823204863355 5383.368000000039 
-21.383265580106247 37.660823204863355 5391.701000000038 
-21.383265580106247 37.660823204863355 5400.034000000038 
-21.383265580106247 37.660823204863355 5408.3670000000375 
-21.383265580106247 37.660823204863355 5416.700000000037 
-21.383265580106247 37.660823204863355 5425.033000000037 
-21.383265580106247 37.660823204863355 5433.366000000036 
-21.383265580106247 37.660823204863355 5441.699000000036 
-21.383265580106247 37.660823204863355 5450.032000000036 
-21.383265580106247 37.660823204863355 5458.365000000035 
-21.383265580106247 37.660823204863355 5466.698000000035 
-21.383265580106247 37.660823204863355 5475.0310000000345 
-21.383265580106247 37.660823204863355 5483.364000000034 
-21.383265580106247 37.660823204863355 5491.697000000034 
-21.383265580106247 37.660823204863355 5500.030000000033 
-21.383265580106247 37.660823204863355 5508.363000000033 
-21.383265580106247 37.660823204863355 5516.696000000033 
-21.383265580106247 37.660823204863355 5525.029000000032 
-21.383265580106247 37.660823204863355 5533.362000000032 
-21.383265580106247 37.660823204863355 5541.6950000000315 
-21.383265580106247 37.660823204863355 5550.028000000031 
-21.383265580106247 37.660823204863355 5558.361000000031 
-21.383265580106247 37.660823204863355 5566.69400000003 
-21.383265580106247 37.660823204863355 5575.02700000003 
-21.383265580106247 37.660823204863355 5583.36000000003 
-21.383265580106247 37.660823204863355 5591.693000000029 
-21.383265580106247 37.660823204863355 5600.026000000029 
-21.383265580106247 37.660823204863355 5608.359000000029 
-21.383265580106247 37.660823204863355 5616.692000000028 
-21.383265580106247 37.660823204863355 5625.025000000028 
-21.383265580106247 37.660823204863355 5633.3580000000275 
-21.383265580106247 37.660823204863355 5641.691000000027 
-21.383265580106247 37.660823204863355 5650.024000000027 
-21.383265580106247 37.660823204863355 5658.357000000026 
-21.383265580106247 37.660823204863355 5666.690000000026 
-21.383265580106247 37.660823204863355 5675.023000000026 
-21.383265580106247 37.660823204863355 5683.356000000025 
-21.383265580106247 37.660823204863355 5691.689000000025 
-21.383265580106247 37.660823204863355 5700.0220000000245 
-21.383265580106247 37.660823204863355 5708.355000000024 
-21.383265580106247 37.660823204863355 5716.688000000024 
-21.383265580106247 37.660823204863355 5725.021000000023 
-21.383265580106247 37.660823204863355 5733.354000000023 
-21.383265580106247 37.660823204863355 5741.687000000023 
-21.383265580106247 37.660823204863355 5750.020000000022 
-21.383265580106247 37.660823204863355 5758.353000000022 
-21.383265580106247 37.660823204863355 5766.6860000000215 
-21.383265580106247 37.660823204863355 5775.019000000021 
-21.383265580106247 37.660823204863355 5783.352000000021 
-21.383265580106247 37.660823204863355 5791.68500000002 
-21.383265580106247 37.660823204863355 5800.01800000002 
-21.383265580106247 37.660823204863355 5808.35100000002 
-21.383265580106247 37.660823204863355 5816.684000000019 
-21.383265580106247 37.660823204863355 5825.017000000019 
-21.383265580106247 37.660823204863355 5833.350000000019 
-21.383265580106247 37.660823204863355 5841.683000000018 
-21.383265580106247 37.660823204863355 5850.016000000018 
-21.383265580106247 37.660823204863355 5858.349000000017 
-21.383265580106247 37.660823204863355 5866.682000000017 
-21.383265580106247 37.660823204863355 5875.015000000017 
-21.383265580106247 37.660823204863355 5883.348000000016 
-21.383265580106247 37.660823204863355 5891.681000000016 
-21.383265580106247 37.660823204863355 5900.014000000016 
-21.383265580106247 37.660823204863355 5908.347000000015 
-21.383265580106247 37.660823204863355 5916.680000000015 
-21.383265580106247 37.660823204863355 5925.0130000000145 
-21.383265580106247 37.660823204863355 5933.346000000014 
-21.383265580106247 37.660823204863355 5941.679000000014 
-21.383265580106247 37.660823204863355 5950.012000000013 
-21.383265580106247 37.660823204863355 5958.345000000013 
-21.383265580106247 37.660823204863355 5966.678000000013 
-21.383265580106247 37.660823204863355 5975.011000000012 
-21.383265580106247 37.660823204863355 5983.344000000012 
-21.383265580106247 37.660823204863355 5991.6770000000115 
-21.383265580106247 37.660823204863355 6000.010000000011 
-21.383265580106247 37.660823204863355 6008.343000000011 
-21.383265580106247 37.660823204863355 6016.67600000001 
-21.383265580106247 37.660823204863355 6025.00900000001 
-21.383265580106247 37.660823204863355 6033.34200000001 
-21.383265580106247 37.660823204863355 6041.675000000009 
-21.383265580106247 37.660823204863355 6050.008000000009 
-21.383265580106247 37.660823204863355 6058.3410000000085 
-21.383265580106247 37.660823204863355 6066.674000000008 
-21.383265580106247 37.660823204863355 6075.007000000008 
-21.383265580106247 37.660823204863355 6083.340000000007 
-21.383265580106247 37.660823204863355 6091.673000000007 
-21.383265580106247 37.660823204863355 6100.006000000007 
-21.383265580106247 37.660823204863355 6108.339000000006 
-21.383265580106247 37.660823204863355 6116.672000000006 
-21.383265580106247 37.660823204863355 6125.005000000006 
-21.383265580106247 37.660823204863355 6133.338000000005 
-21.383265580106247 37.660823204863355 6141.671000000005 
-21.383265580106247 37.660823204863355 6150.004000000004 
-21.383265580106247 37.660823204863355 6158.337000000004 
-21.383265580106247 37.660823204863355 6166.670000000004 
-21.383265580106247 37.660823204863355 6175.003000000003 
-21.383265580106247 37.660823204863355 6183.336000000003 
-21.383265580106247 37.660823204863355 6191.669000000003 
-21.383265580106247 37.660823204863355 6200.002000000002 
-21.383265580106247 37.660823204863355 6208.335000000002 
-21.383265580106247 37.660823204863355 6216.6680000000015 
-21.383265580106247 37.660823204863355 6225.001000000001 
-21.383265580106247 37.660823204863355 6233.334000000001 
-21.383265580106247 37.660823204863355 6241.667 
-21.383265580106247 37.660823204863355 6250.0 
-21.383265580106247 37.660823204863355 6258.333 
-21.383265580106247 37.660823204863355 6266.665999999999 
-21.383265580106247 37.660823204863355 6274.998999999999 
-21.383265580106247 37.660823204863355 6283.3319999999985 
-21.383265580106247 37.660823204863355 6291.664999999998 
-21.383265580106247 37.660823204863355 6299.997999999998 
-21.383265580106247 37.660823204863355 6308.330999999997 
-21.383265580106247 37.660823204863355 6316.663999999997 
-21.383265580106247 37.660823204863355 6324.996999999997 
-21.383265580106247 37.660823204863355 6333.329999999996 
-21.383265580106247 37.660823204863355 6341.662999999996 
-21.383265580106247 37.660823204863355 6349.995999999996 
-21.383265580106247 37.660823204863355 6358.328999999995 
-21.383265580106247 37.660823204863355 6366.661999999995 
-21.383265580106247 37.660823204863355 6374.994999999994 
-21.383265580106247 37.660823204863355 6383.327999999994 
-21.383265580106247 37.660823204863355 6391.660999999994 
-21.383265580106247 37.660823204863355 6399.993999999993 
-21.383265580106247 37.660823204863355 6408.326999999993 
-21.383265580106247 37.660823204863355 6416.659999999993 
-21.383265580106247 37.660823204863355 6424.992999999992 
-21.383265580106247 37.660823204863355 6433.325999999992 
-21.383265580106247 37.660823204863355 6441.6589999999915 
-21.383265580106247 37.660823204863355 6449.991999999991 
-21.383265580106247 37.660823204863355 6458.324999999991 
-21.383265580106247 37.660823204863355 6466.65799999999 
-21.383265580106247 37.660823204863355 6474.99099999999 
-21.383265580106247 37.660823204863355 6483.32399999999 
-21.383265580106247 37.660823204863355 6491.656999999989 
-21.383265580106247 37.660823204863355 6499.989999999989 
-21.383265580106247 37.660823204863355 6508.3229999999885 
-21.383265580106247 37.660823204863355 6516.655999999988 
-21.383265580106247 37.660823204863355 6524.988999999988 
-21.383265580106247 37.660823204863355 6533.321999999987 
-21.383265580106247 37.660823204863355 6541.654999999987 
-21.383265580106247 37.660823204863355 6549.987999999987 
-21.383265580106247 37.660823204863355 6558.320999999986 
-21.383265580106247 37.660823204863355 6566.653999999986 
-21.383265580106247 37.660823204863355 6574.9869999999855 
-21.383265580106247 37.660823204863355 6583.319999999985 
-21.383265580106247 37.660823204863355 6591.652999999985 
-21.383265580106247 37.660823204863355 6599.985999999984 
-21.383265580106247 37.660823204863355 6608.318999999984 
-21.383265580106247 37.660823204863355 6616.651999999984 
-21.383265580106247 37.660823204863355 6624.984999999983 
-21.383265580106247 37.660823204863355 6633.317999999983 
-21.383265580106247 37.660823204863355 6641.650999999983 
-21.383265580106247 37.660823204863355 6649.983999999982 
-21.383265580106247 37.660823204863355 6658.316999999982 
-21.383265580106247 37.660823204863355 6666.649999999981 
-21.383265580106247 37.660823204863355 6674.982999999981 
-21.383265580106247 37.660823204863355 6683.315999999981 
-21.383265580106247 37.660823204863355 6691.64899999998 
-21.383265580106247 37.660823204863355 6699.98199999998 
-21.383265580106247 37.660823204863355 6708.31499999998 
-21.383265580106247 37.660823204863355 6716.647999999979 
-21.383265580106247 37.660823204863355 6724.980999999979 
-21.383265580106247 37.660823204863355 6733.3139999999785 
-21.383265580106247 37.660823204863355 6741.646999999978 
-21.383265580106247 37.660823204863355 6749.979999999978 
-21.383265580106247 37.660823204863355 6758.312999999977 
-21.383265580106247 37.660823204863355 6766.645999999977 
-21.383265580106247 37.660823204863355 6774.978999999977 
-21.383265580106247 37.660823204863355 6783.311999999976 
-21.383265580106247 37.660823204863355 6791.644999999976 
-21.383265580106247 37.660823204863355 6799.9779999999755 
-21.383265580106247 37.660823204863355 6808.310999999975 
-21.383265580106247 37.660823204863355 6816.643999999975 
-21.383265580106247 37.660823204863355 6824.976999999974 
-21.383265580106247 37.660823204863355 6833.309999999974 
-21.383265580106247 37.660823204863355 6841.642999999974 
-21.383265580106247 37.660823204863355 6849.975999999973 
-21.383265580106247 37.660823204863355 6858.308999999973 
-21.383265580106247 37.660823204863355 6866.6419999999725 
-21.383265580106247 37.660823204863355 6874.974999999972 
-21.383265580106247 37.660823204863355 6883.307999999972 
-21.383265580106247 37.660823204863355 6891.640999999971 
-21.383265580106247 37.660823204863355 6899.973999999971 
-21.383265580106247 37.660823204863355 6908.306999999971 
-21.383265580106247 37.660823204863355 6916.63999999997 
-21.383265580106247 37.660823204863355 6924.97299999997 
-21.383265580106247 37.660823204863355 6933.30599999997 
-21.383265580106247 37.660823204863355 6941.638999999969 
-21.383265580106247 37.660823204863355 6949.971999999969 
-21.383265580106247 37.660823204863355 6958.3049999999685 
-21.383265580106247 37.660823204863355 6966.637999999968 
-21.383265580106247 37.660823204863355 6974.970999999968 
-21.383265580106247 37.660823204863355 6983.303999999967 
-21.383265580106247 37.660823204863355 6991.636999999967 
-21.383265580106247 37.660823204863355 6999.969999999967 
-21.383265580106247 37.660823204863355 7008.302999999966 
-21.383265580106247 37.660823204863355 7016.635999999966 
-21.383265580106247 37.660823204863355 7024.9689999999655 
-21.383265580106247 37.660823204863355 7033.301999999965 
-21.383265580106247 37.660823204863355 7041.634999999965 
-21.383265580106247 37.660823204863355 7049.967999999964 
-21.383265580106247 37.660823204863355 7058.300999999964 
-21.383265580106247 37.660823204863355 7066.633999999964 
-21.383265580106247 37.660823204863355 7074.966999999963 
-21.383265580106247 37.660823204863355 7083.299999999963 
-21.383265580106247 37.660823204863355 7091.6329999999625 
-21.383265580106247 37.660823204863355 7099.965999999962 
-21.383265580106247 37.660823204863355 7108.298999999962 
-21.383265580106247 37.660823204863355 7116.631999999961 
-21.383265580106247 37.660823204863355 7124.964999999961 
-21.383265580106247 37.660823204863355 7133.297999999961 
-21.383265580106247 37.660823204863355 7141.63099999996 
-21.383265580106247 37.660823204863355 7149.96399999996 
-21.383265580106247 37.660823204863355 7158.29699999996 
-21.383265580106247 37.660823204863355 7166.629999999959 
-21.383265580106247 37.660823204863355 7174.962999999959 
-21.383265580106247 37.660823204863355 7183.295999999958 
-21.383265580106247 37.660823204863355 7191.628999999958 
-21.383265580106247 37.660823204863355 7199.961999999958 
-21.383265580106247 37.660823204863355 7208.294999999957 
-21.383265580106247 37.660823204863355 7216.627999999957 
-21.383265580106247 37.660823204863355 7224.960999999957 
-21.383265580106247 37.660823204863355 7233.293999999956 
-21.383265580106247 37.660823204863355 7241.626999999956 
-21.383265580106247 37.660823204863355 7249.9599999999555 
-21.383265580106247 37.660823204863355 7258.292999999955 
-21.383265580106247 37.660823204863355 7266.625999999955 
-21.383265580106247 37.660823204863355 7274.958999999954 
-21.383265580106247 37.660823204863355 7283.291999999954 
-21.383265580106247 37.660823204863355 7291.624999999954 
-21.383265580106247 37.660823204863355 7299.957999999953 
-21.383265580106247 37.660823204863355 7308.290999999953 
-21.383265580106247 37.660823204863355 7316.6239999999525 
-21.383265580106247 37.660823204863355 7324.956999999952 
-21.383265580106247 37.660823204863355 7333.289999999952 
-21.383265580106247 37.660823204863355 7341.622999999951 
-21.383265580106247 37.660823204863355 7349.955999999951 
-21.383265580106247 37.660823204863355 7358.288999999951 
-21.383265580106247 37.660823204863355 7366.62199999995 
-21.383265580106247 37.660823204863355 7374.95499999995 
-21.383265580106247 37.660823204863355 7383.2879999999495 
-21.383265580106247 37.660823204863355 7391.620999999949 
-21.383265580106247 37.660823204863355 7399.953999999949 
-21.383265580106247 37.660823204863355 7408.286999999948 
-21.383265580106247 37.660823204863355 7416.619999999948 
-21.383265580106247 37.660823204863355 7424.952999999948 
-21.383265580106247 37.660823204863355 7433.285999999947 
-21.383265580106247 37.660823204863355 7441.618999999947 
-21.383265580106247 37.660823204863355 7449.951999999947 
-21.383265580106247 37.660823204863355 7458.284999999946 
-21.383265580106247 37.660823204863355 7466.617999999946 
-21.383265580106247 37.660823204863355 7474.950999999945 
-21.383265580106247 37.660823204863355 7483.283999999945 
-21.383265580106247 37.660823204863355 7491.616999999945 
-21.383265580106247 37.660823204863355 7499.949999999944 
-21.383265580106247 37.660823204863355 7508.282999999944 
-21.383265580106247 37.660823204863355 7516.615999999944 
-21.383265580106247 37.660823204863355 7524.948999999943 
-21.383265580106247 37.660823204863355 7533.281999999943 
-21.383265580106247 37.660823204863355 7541.6149999999425 
-21.383265580106247 37.660823204863355 7549.947999999942 
-21.383265580106247 37.660823204863355 7558.280999999942 
-21.383265580106247 37.660823204863355 7566.613999999941 
-21.383265580106247 37.660823204863355 7574.946999999941 
-21.383265580106247 37.660823204863355 7583.279999999941 
-21.383265580106247 37.660823204863355 7591.61299999994 
-21.383265580106247 37.660823204863355 7599.94599999994 
-21.383265580106247 37.660823204863355 7608.2789999999395 
-21.383265580106247 37.660823204863355 7616.611999999939 
-21.383265580106247 37.660823204863355 7624.944999999939 
-21.383265580106247 37.660823204863355 7633.277999999938 
-21.383265580106247 37.660823204863355 7641.610999999938 
-21.383265580106247 37.660823204863355 7649.943999999938 
-21.383265580106247 37.660823204863355 7658.276999999937 
-21.383265580106247 37.660823204863355 7666.609999999937 
-21.383265580106247 37.660823204863355 7674.942999999937 
-21.383265580106247 37.660823204863355 7683.275999999936 
-21.383265580106247 37.660823204863355 7691.608999999936 
-21.383265580106247 37.660823204863355 7699.941999999935 
-21.383265580106247 37.660823204863355 7708.274999999935 
-21.383265580106247 37.660823204863355 7716.607999999935 
-21.383265580106247 37.660823204863355 7724.940999999934 
-21.383265580106247 37.660823204863355 7733.273999999934 
-21.383265580106247 37.660823204863355 7741.606999999934 
-21.383265580106247 37.660823204863355 7749.939999999933 
-21.383265580106247 37.660823204863355 7758.272999999933 
-21.383265580106247 37.660823204863355 7766.6059999999325 
-21.383265580106247 37.660823204863355 7774.938999999932 
-21.383265580106247 37.660823204863355 7783.271999999932 
-21.383265580106247 37.660823204863355 7791.604999999931 
-21.383265580106247 37.660823204863355 7799.937999999931 
-21.383265580106247 37.660823204863355 7808.270999999931 
-21.383265580106247 37.660823204863355 7816.60399999993 
-21.383265580106247 37.660823204863355 7824.93699999993 
-21.383265580106247 37.660823204863355 7833.2699999999295 
-21.383265580106247 37.660823204863355 7841.602999999929 
-21.383265580106247 37.660823204863355 7849.935999999929 
-21.383265580106247 37.660823204863355 7858.268999999928 
-21.383265580106247 37.660823204863355 7866.601999999928 
-21.383265580106247 37.660823204863355 7874.934999999928 
-21.383265580106247 37.660823204863355 7883.267999999927 
-21.383265580106247 37.660823204863355 7891.600999999927 
-21.383265580106247 37.660823204863355 7899.9339999999265 
-21.383265580106247 37.660823204863355 7908.266999999926 
-21.383265580106247 37.660823204863355 7916.599999999926 
-21.383265580106247 37.660823204863355 7924.932999999925 
-21.383265580106247 37.660823204863355 7933.265999999925 
-21.383265580106247 37.660823204863355 7941.598999999925 
-21.383265580106247 37.660823204863355 7949.931999999924 
-21.383265580106247 37.660823204863355 7958.264999999924 
-21.383265580106247 37.660823204863355 7966.597999999924 
-21.383265580106247 37.660823204863355 7974.930999999923 
-21.383265580106247 37.660823204863355 7983.263999999923 
-21.383265580106247 37.660823204863355 7991.596999999922 
-21.383265580106247 37.660823204863355 7999.929999999922 
-21.383265580106247 37.660823204863355 8008.262999999922 
-21.383265580106247 37.660823204863355 8016.595999999921 
-21.383265580106247 37.660823204863355 8024.928999999921 
-21.383265580106247 37.660823204863355 8033.261999999921 
-21.383265580106247 37.660823204863355 8041.59499999992 
-21.383265580106247 37.660823204863355 8049.92799999992 
-21.383265580106247 37.660823204863355 8058.2609999999195 
-21.383265580106247 37.660823204863355 8066.593999999919 
-21.383265580106247 37.660823204863355 8074.926999999919 
-21.383265580106247 37.660823204863355 8083.259999999918 
-21.383265580106247 37.660823204863355 8091.592999999918 
-21.383265580106247 37.660823204863355 8099.925999999918 
-21.383265580106247 37.660823204863355 8108.258999999917 
-21.383265580106247 37.660823204863355 8116.591999999917 
-21.383265580106247 37.660823204863355 8124.9249999999165 
-21.383265580106247 37.660823204863355 8133.257999999916 
-21.383265580106247 37.660823204863355 8141.590999999916 
-21.383265580106247 37.660823204863355 8149.923999999915 
-21.383265580106247 37.660823204863355 8158.256999999915 
-21.383265580106247 37.660823204863355 8166.589999999915 
-21.383265580106247 37.660823204863355 8174.922999999914 
-21.383265580106247 37.660823204863355 8183.255999999914 
-21.383265580106247 37.660823204863355 8191.5889999999135 
-21.383265580106247 37.660823204863355 8199.921999999913 
-21.383265580106247 37.660823204863355 8208.254999999914 
-21.383265580106247 37.660823204863355 8216.587999999912 
-21.383265580106247 37.660823204863355 8224.920999999911 
-21.383265580106247 37.660823204863355 8233.253999999912 
-21.383265580106247 37.660823204863355 8241.586999999912 
-21.383265580106247 37.660823204863355 8249.919999999911 
-21.383265580106247 37.660823204863355 8258.25299999991 
-21.383265580106247 37.660823204863355 8266.58599999991 
-21.383265580106247 37.660823204863355 8274.91899999991 
-21.383265580106247 37.660823204863355 8283.25199999991 
-21.383265580106247 37.660823204863355 8291.584999999908 
-21.383265580106247 37.660823204863355 8299.917999999909 
-21.383265580106247 37.660823204863355 8308.25099999991 
-21.383265580106247 37.660823204863355 8316.583999999908 
-21.383265580106247 37.660823204863355 8324.916999999907 
-21.383265580106247 37.660823204863355 8333.249999999907 
-21.383265580106247 37.660823204863355 8341.582999999908 
-21.383265580106247 37.660823204863355 8349.915999999906 
-21.383265580106247 37.660823204863355 8358.248999999905 
-21.383265580106247 37.660823204863355 8366.581999999906 
-21.383265580106247 37.660823204863355 8374.914999999906 
-21.383265580106247 37.660823204863355 8383.247999999905 
-21.383265580106247 37.660823204863355 8391.580999999904 
-21.383265580106247 37.660823204863355 8399.913999999904 
-21.383265580106247 37.660823204863355 8408.246999999905 
-21.383265580106247 37.660823204863355 8416.579999999904 
-21.383265580106247 37.660823204863355 8424.912999999902 
-21.383265580106247 37.660823204863355 8433.245999999903 
-21.383265580106247 37.660823204863355 8441.578999999903 
-21.383265580106247 37.660823204863355 8449.911999999902 
-21.383265580106247 37.660823204863355 8458.2449999999 
-21.383265580106247 37.660823204863355 8466.577999999901 
-21.383265580106247 37.660823204863355 8474.910999999902 
-21.383265580106247 37.660823204863355 8483.2439999999 
-21.383265580106247 37.660823204863355 8491.5769999999 
-21.383265580106247 37.660823204863355 8499.9099999999 
-21.383265580106247 37.660823204863355 8508.2429999999 
-21.383265580106247 37.660823204863355 8516.575999999899 
-21.383265580106247 37.660823204863355 8524.908999999898 
-21.383265580106247 37.660823204863355 8533.241999999898 
-21.383265580106247 37.660823204863355 8541.574999999899 
-21.383265580106247 37.660823204863355 8549.907999999898 
-21.383265580106247 37.660823204863355 8558.240999999896 
-21.383265580106247 37.660823204863355 8566.573999999897 
-21.383265580106247 37.660823204863355 8574.906999999897 
-21.383265580106247 37.660823204863355 8583.239999999896 
-21.383265580106247 37.660823204863355 8591.572999999895 
-21.383265580106247 37.660823204863355 8599.905999999895 
-21.383265580106247 37.660823204863355 8608.238999999896 
-21.383265580106247 37.660823204863355 8616.571999999895 
-21.383265580106247 37.660823204863355 8624.904999999893 
-21.383265580106247 37.660823204863355 8633.237999999894 
-21.383265580106247 37.660823204863355 8641.570999999894 
-21.383265580106247 37.660823204863355 8649.903999999893 
-21.383265580106247 37.660823204863355 8658.236999999892 
-21.383265580106247 37.660823204863355 8666.569999999892 
-21.383265580106247 37.660823204863355 8674.902999999893 
-21.383265580106247 37.660823204863355 8683.235999999892 
-21.383265580106247 37.660823204863355 8691.56899999989 
-21.383265580106247 37.660823204863355 8699.90199999989 
-21.383265580106247 37.660823204863355 8708.234999999891 
-21.383265580106247 37.660823204863355 8716.56799999989 
-21.383265580106247 37.660823204863355 8724.900999999889 
-21.383265580106247 37.660823204863355 8733.23399999989 
-21.383265580106247 37.660823204863355 8741.56699999989 
-21.383265580106247 37.660823204863355 8749.899999999889 
-21.383265580106247 37.660823204863355 8758.232999999887 
-21.383265580106247 37.660823204863355 8766.565999999888 
-21.383265580106247 37.660823204863355 8774.898999999888 
-21.383265580106247 37.660823204863355 8783.231999999887 
-21.383265580106247 37.660823204863355 8791.564999999886 
-21.383265580106247 37.660823204863355 8799.897999999886 
-21.383265580106247 37.660823204863355 8808.230999999887 
-21.383265580106247 37.660823204863355 8816.563999999886 
-21.383265580106247 37.660823204863355 8824.896999999884 
-21.383265580106247 37.660823204863355 8833.229999999885 
-21.383265580106247 37.660823204863355 8841.562999999886 
-21.383265580106247 37.660823204863355 8849.895999999884 
-21.383265580106247 37.660823204863355 8858.228999999883 
-21.383265580106247 37.660823204863355 8866.561999999883 
-21.383265580106247 37.660823204863355 8874.894999999884 
-21.383265580106247 37.660823204863355 8883.227999999883 
-21.383265580106247 37.660823204863355 8891.560999999881 
-21.383265580106247 37.660823204863355 8899.893999999882 
-21.383265580106247 37.660823204863355 8908.226999999883 
-21.383265580106247 37.660823204863355 8916.559999999881 
-21.383265580106247 37.660823204863355 8924.89299999988 
-21.383265580106247 37.660823204863355 8933.22599999988 
-21.383265580106247 37.660823204863355 8941.558999999881 
-21.383265580106247 37.660823204863355 8949.89199999988 
-21.383265580106247 37.660823204863355 8958.224999999878 
-21.383265580106247 37.660823204863355 8966.557999999879 
-21.383265580106247 37.660823204863355 8974.89099999988 
-21.383265580106247 37.660823204863355 8983.223999999878 
-21.383265580106247 37.660823204863355 8991.556999999877 
-21.383265580106247 37.660823204863355 8999.889999999878 
-21.383265580106247 37.660823204863355 9008.222999999878 
-21.383265580106247 37.660823204863355 9016.555999999877 
-21.383265580106247 37.660823204863355 9024.888999999876 
-21.383265580106247 37.660823204863355 9033.221999999876 
-21.383265580106247 37.660823204863355 9041.554999999877 
-21.383265580106247 37.660823204863355 9049.887999999875 
-21.383265580106247 37.660823204863355 9058.220999999874 
-21.383265580106247 37.660823204863355 9066.553999999875 
-21.383265580106247 37.660823204863355 9074.886999999875 
-21.383265580106247 37.660823204863355 9083.219999999874 
-21.383265580106247 37.660823204863355 9091.552999999873 
-21.383265580106247 37.660823204863355 9099.885999999873 
-21.383265580106247 37.660823204863355 9108.218999999874 
-21.383265580106247 37.660823204863355 9116.551999999872 
-21.383265580106247 37.660823204863355 9124.884999999871 
-21.383265580106247 37.660823204863355 9133.217999999872 
-21.383265580106247 37.660823204863355 9141.550999999872 
-21.383265580106247 37.660823204863355 9149.88399999987 
-21.383265580106247 37.660823204863355 9158.21699999987 
-21.383265580106247 37.660823204863355 9166.54999999987 
-21.383265580106247 37.660823204863355 9174.88299999987 
-21.383265580106247 37.660823204863355 9183.21599999987 
-21.383265580106247 37.660823204863355 9191.548999999868 
-21.383265580106247 37.660823204863355 9199.881999999869 
-21.383265580106247 37.660823204863355 9208.21499999987 
-21.383265580106247 37.660823204863355 9216.547999999868 
-21.383265580106247 37.660823204863355 9224.880999999867 
-21.383265580106247 37.660823204863355 9233.213999999867 
-21.383265580106247 37.660823204863355 9241.546999999868 
-21.383265580106247 37.660823204863355 9249.879999999866 
-21.383265580106247 37.660823204863355 9258.212999999865 
-21.383265580106247 37.660823204863355 9266.545999999866 
-21.383265580106247 37.660823204863355 9274.878999999866 
-21.383265580106247 37.660823204863355 9283.211999999865 
-21.383265580106247 37.660823204863355 9291.544999999864 
-21.383265580106247 37.660823204863355 9299.877999999864 
-21.383265580106247 37.660823204863355 9308.210999999865 
-21.383265580106247 37.660823204863355 9316.543999999863 
-21.383265580106247 37.660823204863355 9324.876999999862 
-21.383265580106247 37.660823204863355 9333.209999999863 
-21.383265580106247 37.660823204863355 9341.542999999863 
-21.383265580106247 37.660823204863355 9349.875999999862 
-21.383265580106247 37.660823204863355 9358.20899999986 
-21.383265580106247 37.660823204863355 9366.541999999861 
-21.383265580106247 37.660823204863355 9374.874999999862 
-21.383265580106247 37.660823204863355 9383.20799999986 
-21.383265580106247 37.660823204863355 9391.54099999986 
-21.383265580106247 37.660823204863355 9399.87399999986 
-21.383265580106247 37.660823204863355 9408.20699999986 
-21.383265580106247 37.660823204863355 9416.539999999859 
-21.383265580106247 37.660823204863355 9424.872999999858 
-21.383265580106247 37.660823204863355 9433.205999999858 
-21.383265580106247 37.660823204863355 9441.538999999859 
-21.383265580106247 37.660823204863355 9449.871999999858 
-21.383265580106247 37.660823204863355 9458.204999999856 
-21.383265580106247 37.660823204863355 9466.537999999857 
-21.383265580106247 37.660823204863355 9474.870999999857 
-21.383265580106247 37.660823204863355 9483.203999999856 
-21.383265580106247 37.660823204863355 9491.536999999855 
-21.383265580106247 37.660823204863355 9499.869999999855 
-21.383265580106247 37.660823204863355 9508.202999999856 
-21.383265580106247 37.660823204863355 9516.535999999855 
-21.383265580106247 37.660823204863355 9524.868999999853 
-21.383265580106247 37.660823204863355 9533.201999999854 
-21.383265580106247 37.660823204863355 9541.534999999854 
-21.383265580106247 37.660823204863355 9549.867999999853 
-21.383265580106247 37.660823204863355 9558.200999999852 
-21.383265580106247 37.660823204863355 9566.533999999852 
-21.383265580106247 37.660823204863355 9574.866999999853 
-21.383265580106247 37.660823204863355 9583.199999999852 
-21.383265580106247 37.660823204863355 9591.53299999985 
-21.383265580106247 37.660823204863355 9599.86599999985 
-21.383265580106247 37.660823204863355 9608.198999999851 
-21.383265580106247 37.660823204863355 9616.53199999985 
-21.383265580106247 37.660823204863355 9624.864999999849 
-21.383265580106247 37.660823204863355 9633.19799999985 
-21.383265580106247 37.660823204863355 9641.53099999985 
-21.383265580106247 37.660823204863355 9649.863999999849 
-21.383265580106247 37.660823204863355 9658.196999999847 
-21.383265580106247 37.660823204863355 9666.529999999848 
-21.383265580106247 37.660823204863355 9674.862999999848 
-21.383265580106247 37.660823204863355 9683.195999999847 
-21.383265580106247 37.660823204863355 9691.528999999846 
-21.383265580106247 37.660823204863355 9699.861999999846 
-21.383265580106247 37.660823204863355 9708.194999999847 
-21.383265580106247 37.660823204863355 9716.527999999846 
-21.383265580106247 37.660823204863355 9724.860999999844 
-21.383265580106247 37.660823204863355 9733.193999999845 
-21.383265580106247 37.660823204863355 9741.526999999845 
-21.383265580106247 37.660823204863355 9749.859999999844 
-21.383265580106247 37.660823204863355 9758.192999999843 
-21.383265580106247 37.660823204863355 9766.525999999843 
-21.383265580106247 37.660823204863355 9774.858999999844 
-21.383265580106247 37.660823204863355 9783.191999999843 
-21.383265580106247 37.660823204863355 9791.524999999841 
-21.383265580106247 37.660823204863355 9799.857999999842 
-21.383265580106247 37.660823204863355 9808.190999999842 
-21.383265580106247 37.660823204863355 9816.523999999841 
-21.383265580106247 37.660823204863355 9824.85699999984 
-21.383265580106247 37.660823204863355 9833.18999999984 
-21.383265580106247 37.660823204863355 9841.522999999841 
-21.383265580106247 37.660823204863355 9849.85599999984 
-21.383265580106247 37.660823204863355 9858.188999999838 
-21.383265580106247 37.660823204863355 9866.521999999839 
-21.383265580106247 37.660823204863355 9874.85499999984 
-21.383265580106247 37.660823204863355 9883.187999999838 
-21.383265580106247 37.660823204863355 9891.520999999837 
-21.383265580106247 37.660823204863355 9899.853999999837 
-21.383265580106247 37.660823204863355 9908.186999999838 
-21.383265580106247 37.660823204863355 9916.519999999837 
-21.383265580106247 37.660823204863355 9924.852999999835 
-21.383265580106247 37.660823204863355 9933.185999999836 
-21.383265580106247 37.660823204863355 9941.518999999837 
-21.383265580106247 37.660823204863355 9949.851999999835 
-21.383265580106247 37.660823204863355 9958.184999999834 
-21.383265580106247 37.660823204863355 9966.517999999835 
-21.383265580106247 37.660823204863355 9974.850999999835 
-21.383265580106247 37.660823204863355 9983.183999999834 
-21.383265580106247 37.660823204863355 9991.516999999832 
-21.383265580106247 37.660823204863355 9999.849999999833 
-21.383265580106247 37.660823204863355 10008.182999999834 
-21.383265580106247 37.660823204863355 10016.515999999832 
-21.383265580106247 37.660823204863355 10024.848999999831 
-21.383265580106247 37.660823204863355 10033.181999999832 
-21.383265580106247 37.660823204863355 10041.514999999832 
-21.383265580106247 37.660823204863355 10049.84799999983 
-21.383265580106247 37.660823204863355 10058.18099999983 
-21.383265580106247 37.660823204863355 10066.51399999983 
-21.383265580106247 37.660823204863355 10074.84699999983 
-21.383265580106247 37.660823204863355 10083.17999999983 
-21.383265580106247 37.660823204863355 10091.512999999828 
-21.383265580106247 37.660823204863355 10099.845999999829 
-21.383265580106247 37.660823204863355 10108.17899999983 
-21.383265580106247 37.660823204863355 10116.511999999828 
-21.383265580106247 37.660823204863355 10124.844999999827 
-21.383265580106247 37.660823204863355 10133.177999999827 
-21.383265580106247 37.660823204863355 10141.510999999828 
-21.383265580106247 37.660823204863355 10149.843999999826 
-21.383265580106247 37.660823204863355 10158.176999999825 
-21.383265580106247 37.660823204863355 10166.509999999826 
-21.383265580106247 37.660823204863355 10174.842999999826 
-21.383265580106247 37.660823204863355 10183.175999999825 
-21.383265580106247 37.660823204863355 10191.508999999824 
-21.383265580106247 37.660823204863355 10199.841999999824 
-21.383265580106247 37.660823204863355 10208.174999999825 
-21.383265580106247 37.660823204863355 10216.507999999823 
-21.383265580106247 37.660823204863355 10224.840999999822 
-21.383265580106247 37.660823204863355 10233.173999999823 
-21.383265580106247 37.660823204863355 10241.506999999823 
-21.383265580106247 37.660823204863355 10249.839999999822 
-21.383265580106247 37.660823204863355 10258.17299999982 
-21.383265580106247 37.660823204863355 10266.505999999821 
-21.383265580106247 37.660823204863355 10274.838999999822 
-21.383265580106247 37.660823204863355 10283.17199999982 
-21.383265580106247 37.660823204863355 10291.50499999982 
-21.383265580106247 37.660823204863355 10299.83799999982 
-21.383265580106247 37.660823204863355 10308.17099999982 
-21.383265580106247 37.660823204863355 10316.503999999819 
-21.383265580106247 37.660823204863355 10324.836999999818 
-21.383265580106247 37.660823204863355 10333.169999999818 
-21.383265580106247 37.660823204863355 10341.502999999819 
-21.383265580106247 37.660823204863355 10349.835999999817 
-21.383265580106247 37.660823204863355 10358.168999999816 
-21.383265580106247 37.660823204863355 10366.501999999817 
-21.383265580106247 37.660823204863355 10374.834999999817 
-21.383265580106247 37.660823204863355 10383.167999999816 
-21.383265580106247 37.660823204863355 10391.500999999815 
-21.383265580106247 37.660823204863355 10399.833999999815 
-21.383265580106247 37.660823204863355 10408.166999999816 
-21.383265580106247 37.660823204863355 10416.499999999814 
-21.383265580106247 37.660823204863355 10424.832999999813 
-21.383265580106247 37.660823204863355 10433.165999999814 
-21.383265580106247 37.660823204863355 10441.498999999814 
-21.383265580106247 37.660823204863355 10449.831999999813 
-21.383265580106247 37.660823204863355 10458.164999999812 
-21.383265580106247 37.660823204863355 10466.497999999812 
-21.383265580106247 37.660823204863355 10474.830999999813 
-21.383265580106247 37.660823204863355 10483.163999999811 
-21.383265580106247 37.660823204863355 10491.49699999981 
-21.383265580106247 37.660823204863355 10499.82999999981 
-21.383265580106247 37.660823204863355 10508.162999999811 
-21.383265580106247 37.660823204863355 10516.49599999981 
-21.383265580106247 37.660823204863355 10524.828999999809 
-21.383265580106247 37.660823204863355 10533.16199999981 
-21.383265580106247 37.660823204863355 10541.49499999981 
-21.383265580106247 37.660823204863355 10549.827999999809 
-21.383265580106247 37.660823204863355 10558.160999999807 
-21.383265580106247 37.660823204863355 10566.493999999808 
-21.383265580106247 37.660823204863355 10574.826999999808 
-21.383265580106247 37.660823204863355 10583.159999999807 
-21.383265580106247 37.660823204863355 10591.492999999806 
-21.383265580106247 37.660823204863355 10599.825999999806 
-21.383265580106247 37.660823204863355 10608.158999999807 
-21.383265580106247 37.660823204863355 10616.491999999806 
-21.383265580106247 37.660823204863355 10624.824999999804 
-21.383265580106247 37.660823204863355 10633.157999999805 
-21.383265580106247 37.660823204863355 10641.490999999805 
-21.383265580106247 37.660823204863355 10649.823999999804 
-21.383265580106247 37.660823204863355 10658.156999999803 
-21.383265580106247 37.660823204863355 10666.489999999803 
-21.383265580106247 37.660823204863355 10674.822999999804 
-21.383265580106247 37.660823204863355 10683.155999999803 
-21.383265580106247 37.660823204863355 10691.488999999801 
-21.383265580106247 37.660823204863355 10699.821999999802 
-21.383265580106247 37.660823204863355 10708.154999999802 
-21.383265580106247 37.660823204863355 10716.487999999801 
-21.383265580106247 37.660823204863355 10724.8209999998 
-21.383265580106247 37.660823204863355 10733.1539999998 
-21.383265580106247 37.660823204863355 10741.4869999998 
-21.383265580106247 37.660823204863355 10749.8199999998 
-21.383265580106247 37.660823204863355 10758.152999999798 
-21.383265580106247 37.660823204863355 10766.485999999799 
-21.383265580106247 37.660823204863355 10774.8189999998 
-21.383265580106247 37.660823204863355 10783.151999999798 
-21.383265580106247 37.660823204863355 10791.484999999797 
-21.383265580106247 37.660823204863355 10799.817999999797 
-21.383265580106247 37.660823204863355 10808.150999999798 
-21.383265580106247 37.660823204863355 10816.483999999797 
-21.383265580106247 37.660823204863355 10824.816999999795 
-21.383265580106247 37.660823204863355 10833.149999999796 
-21.383265580106247 37.660823204863355 10841.482999999796 
-21.383265580106247 37.660823204863355 10849.815999999795 
-21.383265580106247 37.660823204863355 10858.148999999794 
-21.383265580106247 37.660823204863355 10866.481999999794 
-21.383265580106247 37.660823204863355 10874.814999999795 
-21.383265580106247 37.660823204863355 10883.147999999794 
-21.383265580106247 37.660823204863355 10891.480999999792 
-21.383265580106247 37.660823204863355 10899.813999999793 
-21.383265580106247 37.660823204863355 10908.146999999793 
-21.383265580106247 37.660823204863355 10916.479999999792 
-21.383265580106247 37.660823204863355 10924.812999999791 
-21.383265580106247 37.660823204863355 10933.145999999791 
-21.383265580106247 37.660823204863355 10941.478999999792 
-21.383265580106247 37.660823204863355 10949.81199999979 
-21.383265580106247 37.660823204863355 10958.14499999979 
-21.383265580106247 37.660823204863355 10966.47799999979 
-21.383265580106247 37.660823204863355 10974.81099999979 
-21.383265580106247 37.660823204863355 10983.14399999979 
-21.383265580106247 37.660823204863355 10991.476999999788 
-21.383265580106247 37.660823204863355 10999.809999999788 
-21.383265580106247 37.660823204863355 11008.142999999789 
-21.383265580106247 37.660823204863355 11016.475999999788 
-21.383265580106247 37.660823204863355 11024.808999999786 
-21.383265580106247 37.660823204863355 11033.141999999787 
-21.383265580106247 37.660823204863355 11041.474999999788 
-21.383265580106247 37.660823204863355 11049.807999999786 
-21.383265580106247 37.660823204863355 11058.140999999785 
-21.383265580106247 37.660823204863355 11066.473999999786 
-21.383265580106247 37.660823204863355 11074.806999999786 
-21.383265580106247 37.660823204863355 11083.139999999785 
-21.383265580106247 37.660823204863355 11091.472999999783 
-21.383265580106247 37.660823204863355 11099.805999999784 
-21.383265580106247 37.660823204863355 11108.138999999785 
-21.383265580106247 37.660823204863355 11116.471999999783 
-21.383265580106247 37.660823204863355 11124.804999999782 
-21.383265580106247 37.660823204863355 11133.137999999783 
-21.383265580106247 37.660823204863355 11141.470999999783 
-21.383265580106247 37.660823204863355 11149.803999999782 
-21.383265580106247 37.660823204863355 11158.13699999978 
-21.383265580106247 37.660823204863355 11166.469999999781 
-21.383265580106247 37.660823204863355 11174.802999999782 
-21.383265580106247 37.660823204863355 11183.13599999978 
-21.383265580106247 37.660823204863355 11191.468999999779 
-21.383265580106247 37.660823204863355 11199.80199999978 
-21.383265580106247 37.660823204863355 11208.13499999978 
-21.383265580106247 37.660823204863355 11216.467999999779 
-21.383265580106247 37.660823204863355 11224.800999999778 
-21.383265580106247 37.660823204863355 11233.133999999778 
-21.383265580106247 37.660823204863355 11241.466999999779 
-21.383265580106247 37.660823204863355 11249.799999999777 
-21.383265580106247 37.660823204863355 11258.132999999776 
-21.383265580106247 37.660823204863355 11266.465999999777 
-21.383265580106247 37.660823204863355 11274.798999999777 
-21.383265580106247 37.660823204863355 11283.131999999776 
-21.383265580106247 37.660823204863355 11291.464999999775 
-21.383265580106247 37.660823204863355 11299.797999999775 
-21.383265580106247 37.660823204863355 11308.130999999776 
-21.383265580106247 37.660823204863355 11316.463999999774 
-21.383265580106247 37.660823204863355 11324.796999999773 
-21.383265580106247 37.660823204863355 11333.129999999774 
-21.383265580106247 37.660823204863355 11341.462999999774 
-21.383265580106247 37.660823204863355 11349.795999999773 
-21.383265580106247 37.660823204863355 11358.128999999772 
-21.383265580106247 37.660823204863355 11366.461999999772 
-21.383265580106247 37.660823204863355 11374.794999999773 
-21.383265580106247 37.660823204863355 11383.127999999771 
-21.383265580106247 37.660823204863355 11391.46099999977 
-21.383265580106247 37.660823204863355 11399.79399999977 
-21.383265580106247 37.660823204863355 11408.126999999771 
-21.383265580106247 37.660823204863355 11416.45999999977 
-21.383265580106247 37.660823204863355 11424.792999999769 
-21.383265580106247 37.660823204863355 11433.12599999977 
-21.383265580106247 37.660823204863355 11441.45899999977 
-21.383265580106247 37.660823204863355 11449.791999999768 
-21.383265580106247 37.660823204863355 11458.124999999767 
-21.383265580106247 37.660823204863355 11466.457999999768 
-21.383265580106247 37.660823204863355 11474.790999999768 
-21.383265580106247 37.660823204863355 11483.123999999767 
-21.383265580106247 37.660823204863355 11491.456999999766 
-21.383265580106247 37.660823204863355 11499.789999999766 
-21.383265580106247 37.660823204863355 11508.122999999767 
-21.383265580106247 37.660823204863355 11516.455999999765 
-21.383265580106247 37.660823204863355 11524.788999999764 
-21.383265580106247 37.660823204863355 11533.121999999765 
-21.383265580106247 37.660823204863355 11541.454999999765 
-21.383265580106247 37.660823204863355 11549.787999999764 
-21.383265580106247 37.660823204863355 11558.120999999763 
-21.383265580106247 37.660823204863355 11566.453999999763 
-21.383265580106247 37.660823204863355 11574.786999999764 
-21.383265580106247 37.660823204863355 11583.119999999763 
-21.383265580106247 37.660823204863355 11591.452999999761 
-21.383265580106247 37.660823204863355 11599.785999999762 
-21.383265580106247 37.660823204863355 11608.118999999762 
-21.383265580106247 37.660823204863355 11616.451999999761 
-21.383265580106247 37.660823204863355 11624.78499999976 
-21.383265580106247 37.660823204863355 11633.11799999976 
-21.383265580106247 37.660823204863355 11641.45099999976 
-21.383265580106247 37.660823204863355 11649.78399999976 
-21.383265580106247 37.660823204863355 11658.116999999758 
-21.383265580106247 37.660823204863355 11666.449999999759 
-21.383265580106247 37.660823204863355 11674.78299999976 
-21.383265580106247 37.660823204863355 11683.115999999758 
-21.383265580106247 37.660823204863355 11691.448999999757 
-21.383265580106247 37.660823204863355 11699.781999999757 
-21.383265580106247 37.660823204863355 11708.114999999758 
-21.383265580106247 37.660823204863355 11716.447999999757 
-21.383265580106247 37.660823204863355 11724.780999999755 
-21.383265580106247 37.660823204863355 11733.113999999756 
-21.383265580106247 37.660823204863355 11741.446999999756 
-21.383265580106247 37.660823204863355 11749.779999999755 
-21.383265580106247 37.660823204863355 11758.112999999754 
-21.383265580106247 37.660823204863355 11766.445999999754 
-21.383265580106247 37.660823204863355 11774.778999999755 
-21.383265580106247 37.660823204863355 11783.111999999754 
-21.383265580106247 37.660823204863355 11791.444999999752 
-21.383265580106247 37.660823204863355 11799.777999999753 
-21.383265580106247 37.660823204863355 11808.110999999753 
-21.383265580106247 37.660823204863355 11816.443999999752 
-21.383265580106247 37.660823204863355 11824.77699999975 
-21.383265580106247 37.660823204863355 11833.109999999751 
-21.383265580106247 37.660823204863355 11841.442999999752 
-21.383265580106247 37.660823204863355 11849.77599999975 
-21.383265580106247 37.660823204863355 11858.10899999975 
-21.383265580106247 37.660823204863355 11866.44199999975 
-21.383265580106247 37.660823204863355 11874.77499999975 
-21.383265580106247 37.660823204863355 11883.10799999975 
-21.383265580106247 37.660823204863355 11891.440999999748 
-21.383265580106247 37.660823204863355 11899.773999999748 
-21.383265580106247 37.660823204863355 11908.106999999749 
-21.383265580106247 37.660823204863355 11916.439999999748 
-21.383265580106247 37.660823204863355 11924.772999999746 
-21.383265580106247 37.660823204863355 11933.105999999747 
-21.383265580106247 37.660823204863355 11941.438999999747 
-21.383265580106247 37.660823204863355 11949.771999999746 
-21.383265580106247 37.660823204863355 11958.104999999745 
-21.383265580106247 37.660823204863355 11966.437999999745 
-21.383265580106247 37.660823204863355 11974.770999999746 
-21.383265580106247 37.660823204863355 11983.103999999745 
-21.383265580106247 37.660823204863355 11991.436999999743 
-21.383265580106247 37.660823204863355 11999.769999999744 
-21.383265580106247 37.660823204863355 12008.102999999744 
-21.383265580106247 37.660823204863355 12016.435999999743 
-21.383265580106247 37.660823204863355 12024.768999999742 
-21.383265580106247 37.660823204863355 12033.101999999742 
-21.383265580106247 37.660823204863355 12041.434999999743 
-21.383265580106247 37.660823204863355 12049.767999999742 
-21.383265580106247 37.660823204863355 12058.10099999974 
-21.383265580106247 37.660823204863355 12066.433999999741 
-21.383265580106247 37.660823204863355 12074.766999999742 
-21.383265580106247 37.660823204863355 12083.09999999974 
-21.383265580106247 37.660823204863355 12091.432999999739 
-21.383265580106247 37.660823204863355 12099.76599999974 
-21.383265580106247 37.660823204863355 12108.09899999974 
-21.383265580106247 37.660823204863355 12116.431999999739 
-21.383265580106247 37.660823204863355 12124.764999999737 
-21.383265580106247 37.660823204863355 12133.097999999738 
-21.383265580106247 37.660823204863355 12141.430999999739 
-21.383265580106247 37.660823204863355 12149.763999999737 
-21.383265580106247 37.660823204863355 12158.096999999736 
-21.383265580106247 37.660823204863355 12166.429999999737 
-21.383265580106247 37.660823204863355 12174.762999999737 
-21.383265580106247 37.660823204863355 12183.095999999736 
-21.383265580106247 37.660823204863355 12191.428999999735 
-21.383265580106247 37.660823204863355 12199.761999999735 
-21.383265580106247 37.660823204863355 12208.094999999736 
-21.383265580106247 37.660823204863355 12216.427999999734 
-21.383265580106247 37.660823204863355 12224.760999999733 
-21.383265580106247 37.660823204863355 12233.093999999734 
-21.383265580106247 37.660823204863355 12241.426999999734 
-21.383265580106247 37.660823204863355 12249.759999999733 
-21.383265580106247 37.660823204863355 12258.092999999732 
-21.383265580106247 37.660823204863355 12266.425999999732 
-21.383265580106247 37.660823204863355 12274.758999999733 
-21.383265580106247 37.660823204863355 12283.091999999731 
-21.383265580106247 37.660823204863355 12291.42499999973 
-21.383265580106247 37.660823204863355 12299.75799999973 
-21.383265580106247 37.660823204863355 12308.090999999731 
-21.383265580106247 37.660823204863355 12316.42399999973 
-21.383265580106247 37.660823204863355 12324.756999999729 
-21.383265580106247 37.660823204863355 12333.08999999973 
-21.383265580106247 37.660823204863355 12341.42299999973 
-21.383265580106247 37.660823204863355 12349.755999999728 
-21.383265580106247 37.660823204863355 12358.088999999727 
-21.383265580106247 37.660823204863355 12366.421999999728 
-21.383265580106247 37.660823204863355 12374.754999999728 
-21.383265580106247 37.660823204863355 12383.087999999727 
-21.383265580106247 37.660823204863355 12391.420999999726 
-21.383265580106247 37.660823204863355 12399.753999999726 
-21.383265580106247 37.660823204863355 12408.086999999727 
-21.383265580106247 37.660823204863355 12416.419999999725 
-21.383265580106247 37.660823204863355 12424.752999999724 
-21.383265580106247 37.660823204863355 12433.085999999725 
-21.383265580106247 37.660823204863355 12441.418999999725 
-21.383265580106247 37.660823204863355 12449.751999999724 
-21.383265580106247 37.660823204863355 12458.084999999723 
-21.383265580106247 37.660823204863355 12466.417999999723 
-21.383265580106247 37.660823204863355 12474.750999999724 
-21.383265580106247 37.660823204863355 12483.083999999722 
-21.383265580106247 37.660823204863355 12491.416999999721 
-21.383265580106247 37.660823204863355 12499.749999999722 
