1501 
-43.1318125817047 75.33041160243167 0.2500000002783054 
-43.1318125817047 75.33041160243167 8.583000000278844 
-43.1318125817047 75.33041160243167 16.916000000277563 
-43.1318125817047 75.33041160243167 25.249000000276283 
-43.1318125817047 75.33041160243167 33.58200000027682 
-43.1318125817047 75.33041160243167 41.91500000027736 
-43.1318125817047 75.33041160243167 50.24800000027608 
-43.1318125817047 75.33041160243167 58.5810000002748 
-43.1318125817047 75.33041160243167 66.91400000027534 
-43.1318125817047 75.33041160243167 75.24700000027588 
-43.1318125817047 75.33041160243167 83.5800000002746 
-43.1318125817047 75.33041160243167 91.91300000027331 
-43.1318125817047 75.33041160243167 100.24600000027385 
-43.1318125817047 75.33041160243167 108.57900000027439 
-43.1318125817047 75.33041160243167 116.91200000027311 
-43.1318125817047 75.33041160243167 125.24500000027183 
-43.1318125817047 75.33041160243167 133.57800000027237 
-43.1318125817047 75.33041160243167 141.9110000002729 
-43.1318125817047 75.33041160243167 150.24400000027163 
-43.1318125817047 75.33041160243167 158.57700000027035 
-43.1318125817047 75.33041160243167 166.91000000027088 
-43.1318125817047 75.33041160243167 175.24300000027142 
-43.1318125817047 75.33041160243167 183.57600000027014 
-43.1318125817047 75.33041160243167 191.90900000026886 
-43.1318125817047 75.33041160243167 200.2420000002694 
-43.1318125817047 75.33041160243167 208.57500000026994 
-43.1318125817047 75.33041160243167 216.90800000026866 
-43.1318125817047 75.33041160243167 225.24100000026738 
-43.1318125817047 75.33041160243167 233.57400000026792 
-43.1318125817047 75.33041160243167 241.90700000026845 
-43.1318125817047 75.33041160243167 250.24000000026717 
-43.1318125817047 75.33041160243167 258.5730000002659 
-43.1318125817047 75.33041160243167 266.90600000026643 
-43.1318125817047 75.33041160243167 275.23900000026697 
-43.1318125817047 75.33041160243167 283.5720000002657 
-43.1318125817047 75.33041160243167 291.9050000002644 
-43.1318125817047 75.33041160243167 300.23800000026495 
-43.1318125817047 75.33041160243167 308.5710000002655 
-43.1318125817047 75.33041160243167 316.9040000002642 
-43.1318125817047 75.33041160243167 325.2370000002629 
-43.1318125817047 75.33041160243167 333.57000000026346 
-43.1318125817047 75.33041160243167 341.903000000264 
-43.1318125817047 75.33041160243167 350.2360000002627 
-43.1318125817047 75.33041160243167 358.56900000026144 
-43.1318125817047 75.33041160243167 366.902000000262 
-43.1318125817047 75.33041160243167 375.2350000002625 
-43.1318125817047 75.33041160243167 383.56800000026124 
-43.1318125817047 75.33041160243167 391.90100000025996 
-43.1318125817047 75.33041160243167 400.2340000002605 
-43.1318125817047 75.33041160243167 408.56700000026103 
-43.1318125817047 75.33041160243167 416.90000000025975 
-43.1318125817047 75.33041160243167 425.23300000025847 
-43.1318125817047 75.33041160243167 433.566000000259 
-43.1318125817047 75.33041160243167 441.89900000025955 
-43.1318125817047 75.33041160243167 450.23200000025827 
-43.1318125817047 75.33041160243167 458.565000000257 
-43.1318125817047 75.33041160243167 466.8980000002575 
-43.1318125817047 75.33041160243167 475.23100000025806 
-43.1318125817047 75.33041160243167 483.5640000002568 
-43.1318125817047 75.33041160243167 491.8970000002555 
-43.1318125817047 75.33041160243167 500.23000000025604 
-43.1318125817047 75.33041160243167 508.5630000002566 
-43.1318125817047 75.33041160243167 516.8960000002553 
-43.1318125817047 75.33041160243167 525.229000000254 
-43.1318125817047 75.33041160243167 533.5620000002546 
-43.1318125817047 75.33041160243167 541.8950000002551 
-43.1318125817047 75.33041160243167 550.2280000002538 
-43.1318125817047 75.33041160243167 558.5610000002525 
-43.1318125817047 75.33041160243167 566.8940000002531 
-43.1318125817047 75.33041160243167 575.2270000002536 
-43.1318125817047 75.33041160243167 583.5600000002523 
-43.1318125817047 75.33041160243167 591.893000000251 
-43.1318125817047 75.33041160243167 600.2260000002516 
-43.1318125817047 75.33041160243167 608.5590000002521 
-43.1318125817047 75.33041160243167 616.8920000002508 
-43.1318125817047 75.33041160243167 625.2250000002496 
-43.1318125817047 75.33041160243167 633.5580000002501 
-43.1318125817047 75.33041160243167 641.8910000002506 
-43.1318125817047 75.33041160243167 650.2240000002494 
-43.1318125817047 75.33041160243167 658.5570000002481 
-43.1318125817047 75.33041160243167 666.8900000002486 
-43.1318125817047 75.33041160243167 675.2230000002492 
-43.1318125817047 75.33041160243167 683.5560000002479 
-43.1318125817047 75.33041160243167 691.8890000002466 
-43.1318125817047 75.33041160243167 700.2220000002471 
-43.1318125817047 75.33041160243167 708.5550000002477 
-43.1318125817047 75.33041160243167 716.8880000002464 
-43.1318125817047 75.33041160243167 725.2210000002451 
-43.1318125817047 75.33041160243167 733.5540000002457 
-43.1318125817047 75.33041160243167 741.8870000002462 
-43.1318125817047 75.33041160243167 750.2200000002449 
-43.1318125817047 75.33041160243167 758.5530000002436 
-43.1318125817047 75.33041160243167 766.8860000002442 
-43.1318125817047 75.33041160243167 775.2190000002447 
-43.1318125817047 75.33041160243167 783.5520000002434 
-43.1318125817047 75.33041160243167 791.8850000002421 
-43.1318125817047 75.33041160243167 800.2180000002427 
-43.1318125817047 75.33041160243167 808.5510000002432 
-43.1318125817047 75.33041160243167 816.8840000002419 
-43.1318125817047 75.33041160243167 825.2170000002407 
-43.1318125817047 75.33041160243167 833.5500000002412 
-43.1318125817047 75.33041160243167 841.8830000002417 
-43.1318125817047 75.33041160243167 850.2160000002405 
-43.1318125817047 75.33041160243167 858.5490000002392 
-43.1318125817047 75.33041160243167 866.8820000002397 
-43.1318125817047 75.33041160243167 875.2150000002403 
-43.1318125817047 75.33041160243167 883.548000000239 
-43.1318125817047 75.33041160243167 891.8810000002377 
-43.1318125817047 75.33041160243167 900.2140000002382 
-43.1318125817047 75.33041160243167 908.5470000002388 
-43.1318125817047 75.33041160243167 916.8800000002375 
-43.1318125817047 75.33041160243167 925.2130000002362 
-43.1318125817047 75.33041160243167 933.5460000002367 
-43.1318125817047 75.33041160243167 941.8790000002373 
-43.1318125817047 75.33041160243167 950.212000000236 
-43.1318125817047 75.33041160243167 958.5450000002347 
-43.1318125817047 75.33041160243167 966.8780000002353 
-43.1318125817047 75.33041160243167 975.2110000002358 
-43.1318125817047 75.33041160243167 983.5440000002345 
-43.1318125817047 75.33041160243167 991.8770000002332 
-43.1318125817047 75.33041160243167 1000.2100000002338 
-43.1318125817047 75.33041160243167 1008.5430000002343 
-43.1318125817047 75.33041160243167 1016.876000000233 
-43.1318125817047 75.33041160243167 1025.2090000002318 
-43.1318125817047 75.33041160243167 1033.5420000002323 
-43.1318125817047 75.33041160243167 1041.8750000002328 
-43.1318125817047 75.33041160243167 1050.2080000002316 
-43.1318125817047 75.33041160243167 1058.5410000002303 
-43.1318125817047 75.33041160243167 1066.8740000002308 
-43.1318125817047 75.33041160243167 1075.2070000002313 
-43.1318125817047 75.33041160243167 1083.54000000023 
-43.1318125817047 75.33041160243167 1091.8730000002288 
-43.1318125817047 75.33041160243167 1100.2060000002293 
-43.1318125817047 75.33041160243167 1108.5390000002299 
-43.1318125817047 75.33041160243167 1116.8720000002286 
-43.1318125817047 75.33041160243167 1125.2050000002273 
-43.1318125817047 75.33041160243167 1133.5380000002278 
-43.1318125817047 75.33041160243167 1141.8710000002284 
-43.1318125817047 75.33041160243167 1150.204000000227 
-43.1318125817047 75.33041160243167 1158.5370000002258 
-43.1318125817047 75.33041160243167 1166.8700000002264 
-43.1318125817047 75.33041160243167 1175.203000000227 
-43.1318125817047 75.33041160243167 1183.5360000002256 
-43.1318125817047 75.33041160243167 1191.8690000002243 
-43.1318125817047 75.33041160243167 1200.2020000002249 
-43.1318125817047 75.33041160243167 1208.5350000002254 
-43.1318125817047 75.33041160243167 1216.8680000002241 
-43.1318125817047 75.33041160243167 1225.2010000002228 
-43.1318125817047 75.33041160243167 1233.5340000002234 
-43.1318125817047 75.33041160243167 1241.867000000224 
-43.1318125817047 75.33041160243167 1250.2000000002226 
-43.1318125817047 75.33041160243167 1258.5330000002214 
-43.1318125817047 75.33041160243167 1266.866000000222 
-43.1318125817047 75.33041160243167 1275.1990000002224 
-43.1318125817047 75.33041160243167 1283.5320000002212 
-43.1318125817047 75.33041160243167 1291.8650000002199 
-43.1318125817047 75.33041160243167 1300.1980000002204 
-43.1318125817047 75.33041160243167 1308.531000000221 
-43.1318125817047 75.33041160243167 1316.8640000002197 
-43.1318125817047 75.33041160243167 1325.1970000002184 
-43.1318125817047 75.33041160243167 1333.530000000219 
-43.1318125817047 75.33041160243167 1341.8630000002195 
-43.1318125817047 75.33041160243167 1350.1960000002182 
-43.1318125817047 75.33041160243167 1358.529000000217 
-43.1318125817047 75.33041160243167 1366.8620000002174 
-43.1318125817047 75.33041160243167 1375.195000000218 
-43.1318125817047 75.33041160243167 1383.5280000002167 
-43.1318125817047 75.33041160243167 1391.8610000002154 
-43.1318125817047 75.33041160243167 1400.194000000216 
-43.1318125817047 75.33041160243167 1408.5270000002165 
-43.1318125817047 75.33041160243167 1416.8600000002152 
-43.1318125817047 75.33041160243167 1425.193000000214 
-43.1318125817047 75.33041160243167 1433.5260000002145 
-43.1318125817047 75.33041160243167 1441.859000000215 
-43.1318125817047 75.33041160243167 1450.1920000002137 
-43.1318125817047 75.33041160243167 1458.5250000002125 
-43.1318125817047 75.33041160243167 1466.858000000213 
-43.1318125817047 75.33041160243167 1475.1910000002135 
-43.1318125817047 75.33041160243167 1483.5240000002123 
-43.1318125817047 75.33041160243167 1491.857000000211 
-43.1318125817047 75.33041160243167 1500.1900000002115 
-43.1318125817047 75.33041160243167 1508.523000000212 
-43.1318125817047 75.33041160243167 1516.8560000002108 
-43.1318125817047 75.33041160243167 1525.1890000002095 
-43.1318125817047 75.33041160243167 1533.52200000021 
-43.1318125817047 75.33041160243167 1541.8550000002106 
-43.1318125817047 75.33041160243167 1550.1880000002093 
-43.1318125817047 75.33041160243167 1558.521000000208 
-43.1318125817047 75.33041160243167 1566.8540000002085 
-43.1318125817047 75.33041160243167 1575.187000000209 
-43.1318125817047 75.33041160243167 1583.5200000002078 
-43.1318125817047 75.33041160243167 1591.8530000002065 
-43.1318125817047 75.33041160243167 1600.186000000207 
-43.1318125817047 75.33041160243167 1608.5190000002076 
-43.1318125817047 75.33041160243167 1616.8520000002063 
-43.1318125817047 75.33041160243167 1625.185000000205 
-43.1318125817047 75.33041160243167 1633.5180000002056 
-43.1318125817047 75.33041160243167 1641.851000000206 
-43.1318125817047 75.33041160243167 1650.1840000002048 
-43.1318125817047 75.33041160243167 1658.5170000002036 
-43.1318125817047 75.33041160243167 1666.850000000204 
-43.1318125817047 75.33041160243167 1675.1830000002046 
-43.1318125817047 75.33041160243167 1683.5160000002033 
-43.1318125817047 75.33041160243167 1691.849000000202 
-43.1318125817047 75.33041160243167 1700.1820000002026 
-43.1318125817047 75.33041160243167 1708.5150000002031 
-43.1318125817047 75.33041160243167 1716.8480000002019 
-43.1318125817047 75.33041160243167 1725.1810000002006 
-43.1318125817047 75.33041160243167 1733.5140000002011 
-43.1318125817047 75.33041160243167 1741.8470000002017 
-43.1318125817047 75.33041160243167 1750.1800000002004 
-43.1318125817047 75.33041160243167 1758.513000000199 
-43.1318125817047 75.33041160243167 1766.8460000001996 
-43.1318125817047 75.33041160243167 1775.1790000002002 
-43.1318125817047 75.33041160243167 1783.512000000199 
-43.1318125817047 75.33041160243167 1791.8450000001976 
-43.1318125817047 75.33041160243167 1800.1780000001982 
-43.1318125817047 75.33041160243167 1808.5110000001987 
-43.1318125817047 75.33041160243167 1816.8440000001974 
-43.1318125817047 75.33041160243167 1825.1770000001961 
-43.1318125817047 75.33041160243167 1833.5100000001967 
-43.1318125817047 75.33041160243167 1841.8430000001972 
-43.1318125817047 75.33041160243167 1850.176000000196 
-43.1318125817047 75.33041160243167 1858.5090000001946 
-43.1318125817047 75.33041160243167 1866.8420000001952 
-43.1318125817047 75.33041160243167 1875.1750000001957 
-43.1318125817047 75.33041160243167 1883.5080000001944 
-43.1318125817047 75.33041160243167 1891.8410000001932 
-43.1318125817047 75.33041160243167 1900.1740000001937 
-43.1318125817047 75.33041160243167 1908.5070000001942 
-43.1318125817047 75.33041160243167 1916.840000000193 
-43.1318125817047 75.33041160243167 1925.1730000001917 
-43.1318125817047 75.33041160243167 1933.5060000001922 
-43.1318125817047 75.33041160243167 1941.8390000001928 
-43.1318125817047 75.33041160243167 1950.1720000001915 
-43.1318125817047 75.33041160243167 1958.5050000001902 
-43.1318125817047 75.33041160243167 1966.8380000001907 
-43.1318125817047 75.33041160243167 1975.1710000001913 
-43.1318125817047 75.33041160243167 1983.50400000019 
-43.1318125817047 75.33041160243167 1991.8370000001887 
-43.1318125817047 75.33041160243167 2000.1700000001892 
-43.1318125817047 75.33041160243167 2008.5030000001898 
-43.1318125817047 75.33041160243167 2016.8360000001885 
-43.1318125817047 75.33041160243167 2025.1690000001872 
-43.1318125817047 75.33041160243167 2033.5020000001878 
-43.1318125817047 75.33041160243167 2041.8350000001883 
-43.1318125817047 75.33041160243167 2050.168000000187 
-43.1318125817047 75.33041160243167 2058.5010000001857 
-43.1318125817047 75.33041160243167 2066.8340000001863 
-43.1318125817047 75.33041160243167 2075.167000000187 
-43.1318125817047 75.33041160243167 2083.5000000001855 
-43.1318125817047 75.33041160243167 2091.8330000001843 
-43.1318125817047 75.33041160243167 2100.166000000185 
-43.1318125817047 75.33041160243167 2108.4990000001853 
-43.1318125817047 75.33041160243167 2116.832000000184 
-43.1318125817047 75.33041160243167 2125.1650000001828 
-43.1318125817047 75.33041160243167 2133.4980000001833 
-43.1318125817047 75.33041160243167 2141.831000000184 
-43.1318125817047 75.33041160243167 2150.1640000001826 
-43.1318125817047 75.33041160243167 2158.4970000001813 
-43.1318125817047 75.33041160243167 2166.830000000182 
-43.1318125817047 75.33041160243167 2175.1630000001824 
-43.1318125817047 75.33041160243167 2183.496000000181 
-43.1318125817047 75.33041160243167 2191.82900000018 
-43.1318125817047 75.33041160243167 2200.1620000001803 
-43.1318125817047 75.33041160243167 2208.495000000181 
-43.1318125817047 75.33041160243167 2216.8280000001796 
-43.1318125817047 75.33041160243167 2225.1610000001783 
-43.1318125817047 75.33041160243167 2233.494000000179 
-43.1318125817047 75.33041160243167 2241.8270000001794 
-43.1318125817047 75.33041160243167 2250.160000000178 
-43.1318125817047 75.33041160243167 2258.493000000177 
-43.1318125817047 75.33041160243167 2266.8260000001774 
-43.1318125817047 75.33041160243167 2275.159000000178 
-43.1318125817047 75.33041160243167 2283.4920000001766 
-43.1318125817047 75.33041160243167 2291.8250000001754 
-43.1318125817047 75.33041160243167 2300.158000000176 
-43.1318125817047 75.33041160243167 2308.4910000001764 
-43.1318125817047 75.33041160243167 2316.824000000175 
-43.1318125817047 75.33041160243167 2325.157000000174 
-43.1318125817047 75.33041160243167 2333.4900000001744 
-43.1318125817047 75.33041160243167 2341.823000000175 
-43.1318125817047 75.33041160243167 2350.1560000001737 
-43.1318125817047 75.33041160243167 2358.4890000001724 
-43.1318125817047 75.33041160243167 2366.822000000173 
-43.1318125817047 75.33041160243167 2375.1550000001735 
-43.1318125817047 75.33041160243167 2383.488000000172 
-43.1318125817047 75.33041160243167 2391.821000000171 
-43.1318125817047 75.33041160243167 2400.1540000001714 
-43.1318125817047 75.33041160243167 2408.487000000172 
-43.1318125817047 75.33041160243167 2416.8200000001707 
-43.1318125817047 75.33041160243167 2425.1530000001694 
-43.1318125817047 75.33041160243167 2433.48600000017 
-43.1318125817047 75.33041160243167 2441.8190000001705 
-43.1318125817047 75.33041160243167 2450.152000000169 
-43.1318125817047 75.33041160243167 2458.485000000168 
-43.1318125817047 75.33041160243167 2466.8180000001685 
-43.1318125817047 75.33041160243167 2475.151000000169 
-43.1318125817047 75.33041160243167 2483.4840000001677 
-43.1318125817047 75.33041160243167 2491.8170000001664 
-43.1318125817047 75.33041160243167 2500.150000000167 
-43.1318125817047 75.33041160243167 2508.4830000001675 
-43.1318125817047 75.33041160243167 2516.8160000001662 
-43.1318125817047 75.33041160243167 2525.149000000165 
-43.1318125817047 75.33041160243167 2533.4820000001655 
-43.1318125817047 75.33041160243167 2541.815000000166 
-43.1318125817047 75.33041160243167 2550.1480000001648 
-43.1318125817047 75.33041160243167 2558.4810000001635 
-43.1318125817047 75.33041160243167 2566.814000000164 
-43.1318125817047 75.33041160243167 2575.1470000001646 
-43.1318125817047 75.33041160243167 2583.4800000001633 
-43.1318125817047 75.33041160243167 2591.813000000162 
-43.1318125817047 75.33041160243167 2600.1460000001625 
-43.1318125817047 75.33041160243167 2608.479000000163 
-43.1318125817047 75.33041160243167 2616.812000000162 
-43.1318125817047 75.33041160243167 2625.1450000001605 
-43.1318125817047 75.33041160243167 2633.478000000161 
-43.1318125817047 75.33041160243167 2641.8110000001616 
-43.1318125817047 75.33041160243167 2650.1440000001603 
-43.1318125817047 75.33041160243167 2658.477000000159 
-43.1318125817047 75.33041160243167 2666.8100000001596 
-43.1318125817047 75.33041160243167 2675.14300000016 
-43.1318125817047 75.33041160243167 2683.476000000159 
-43.1318125817047 75.33041160243167 2691.8090000001575 
-43.1318125817047 75.33041160243167 2700.142000000158 
-43.1318125817047 75.33041160243167 2708.4750000001586 
-43.1318125817047 75.33041160243167 2716.8080000001573 
-43.1318125817047 75.33041160243167 2725.141000000156 
-43.1318125817047 75.33041160243167 2733.4740000001566 
-43.1318125817047 75.33041160243167 2741.807000000157 
-43.1318125817047 75.33041160243167 2750.140000000156 
-43.1318125817047 75.33041160243167 2758.4730000001546 
-43.1318125817047 75.33041160243167 2766.806000000155 
-43.1318125817047 75.33041160243167 2775.1390000001556 
-43.1318125817047 75.33041160243167 2783.4720000001544 
-43.1318125817047 75.33041160243167 2791.805000000153 
-43.1318125817047 75.33041160243167 2800.1380000001536 
-43.1318125817047 75.33041160243167 2808.471000000154 
-43.1318125817047 75.33041160243167 2816.804000000153 
-43.1318125817047 75.33041160243167 2825.1370000001516 
-43.1318125817047 75.33041160243167 2833.470000000152 
-43.1318125817047 75.33041160243167 2841.8030000001527 
-43.1318125817047 75.33041160243167 2850.1360000001514 
-43.1318125817047 75.33041160243167 2858.46900000015 
-43.1318125817047 75.33041160243167 2866.8020000001507 
-43.1318125817047 75.33041160243167 2875.135000000151 
-43.1318125817047 75.33041160243167 2883.46800000015 
-43.1318125817047 75.33041160243167 2891.8010000001486 
-43.1318125817047 75.33041160243167 2900.134000000149 
-43.1318125817047 75.33041160243167 2908.4670000001497 
-43.1318125817047 75.33041160243167 2916.8000000001484 
-43.1318125817047 75.33041160243167 2925.133000000147 
-43.1318125817047 75.33041160243167 2933.4660000001477 
-43.1318125817047 75.33041160243167 2941.799000000148 
-43.1318125817047 75.33041160243167 2950.132000000147 
-43.1318125817047 75.33041160243167 2958.4650000001457 
-43.1318125817047 75.33041160243167 2966.798000000146 
-43.1318125817047 75.33041160243167 2975.1310000001467 
-43.1318125817047 75.33041160243167 2983.4640000001455 
-43.1318125817047 75.33041160243167 2991.797000000144 
-43.1318125817047 75.33041160243167 3000.1300000001447 
-43.1318125817047 75.33041160243167 3008.4630000001453 
-43.1318125817047 75.33041160243167 3016.796000000144 
-43.1318125817047 75.33041160243167 3025.1290000001427 
-43.1318125817047 75.33041160243167 3033.4620000001432 
-43.1318125817047 75.33041160243167 3041.795000000144 
-43.1318125817047 75.33041160243167 3050.1280000001425 
-43.1318125817047 75.33041160243167 3058.461000000141 
-43.1318125817047 75.33041160243167 3066.7940000001418 
-43.1318125817047 75.33041160243167 3075.1270000001423 
-43.1318125817047 75.33041160243167 3083.460000000141 
-43.1318125817047 75.33041160243167 3091.7930000001397 
-43.1318125817047 75.33041160243167 3100.1260000001403 
-43.1318125817047 75.33041160243167 3108.459000000141 
-43.1318125817047 75.33041160243167 3116.7920000001395 
-43.1318125817047 75.33041160243167 3125.1250000001382 
-43.1318125817047 75.33041160243167 3133.458000000139 
-43.1318125817047 75.33041160243167 3141.7910000001393 
-43.1318125817047 75.33041160243167 3150.124000000138 
-43.1318125817047 75.33041160243167 3158.4570000001368 
-43.1318125817047 75.33041160243167 3166.7900000001373 
-43.1318125817047 75.33041160243167 3175.123000000138 
-43.1318125817047 75.33041160243167 3183.4560000001366 
-43.1318125817047 75.33041160243167 3191.7890000001353 
-43.1318125817047 75.33041160243167 3200.122000000136 
-43.1318125817047 75.33041160243167 3208.4550000001364 
-43.1318125817047 75.33041160243167 3216.788000000135 
-43.1318125817047 75.33041160243167 3225.121000000134 
-43.1318125817047 75.33041160243167 3233.4540000001343 
-43.1318125817047 75.33041160243167 3241.787000000135 
-43.1318125817047 75.33041160243167 3250.1200000001336 
-43.1318125817047 75.33041160243167 3258.4530000001323 
-43.1318125817047 75.33041160243167 3266.786000000133 
-43.1318125817047 75.33041160243167 3275.1190000001334 
-43.1318125817047 75.33041160243167 3283.452000000132 
-43.1318125817047 75.33041160243167 3291.785000000131 
-43.1318125817047 75.33041160243167 3300.1180000001314 
-43.1318125817047 75.33041160243167 3308.451000000132 
-43.1318125817047 75.33041160243167 3316.7840000001306 
-43.1318125817047 75.33041160243167 3325.1170000001293 
-43.1318125817047 75.33041160243167 3333.45000000013 
-43.1318125817047 75.33041160243167 3341.7830000001304 
-43.1318125817047 75.33041160243167 3350.116000000129 
-43.1318125817047 75.33041160243167 3358.449000000128 
-43.1318125817047 75.33041160243167 3366.7820000001284 
-43.1318125817047 75.33041160243167 3375.115000000129 
-43.1318125817047 75.33041160243167 3383.4480000001276 
-43.1318125817047 75.33041160243167 3391.7810000001264 
-43.1318125817047 75.33041160243167 3400.114000000127 
-43.1318125817047 75.33041160243167 3408.4470000001274 
-43.1318125817047 75.33041160243167 3416.780000000126 
-43.1318125817047 75.33041160243167 3425.113000000125 
-43.1318125817047 75.33041160243167 3433.4460000001254 
-43.1318125817047 75.33041160243167 3441.779000000126 
-43.1318125817047 75.33041160243167 3450.1120000001247 
-43.1318125817047 75.33041160243167 3458.4450000001234 
-43.1318125817047 75.33041160243167 3466.778000000124 
-43.1318125817047 75.33041160243167 3475.1110000001245 
-43.1318125817047 75.33041160243167 3483.444000000123 
-43.1318125817047 75.33041160243167 3491.777000000122 
-43.1318125817047 75.33041160243167 3500.1100000001225 
-43.1318125817047 75.33041160243167 3508.443000000123 
-43.1318125817047 75.33041160243167 3516.7760000001217 
-43.1318125817047 75.33041160243167 3525.1090000001204 
-43.1318125817047 75.33041160243167 3533.442000000121 
-43.1318125817047 75.33041160243167 3541.7750000001215 
-43.1318125817047 75.33041160243167 3550.1080000001202 
-43.1318125817047 75.33041160243167 3558.441000000119 
-43.1318125817047 75.33041160243167 3566.7740000001195 
-43.1318125817047 75.33041160243167 3575.10700000012 
-43.1318125817047 75.33041160243167 3583.4400000001187 
-43.1318125817047 75.33041160243167 3591.7730000001175 
-43.1318125817047 75.33041160243167 3600.106000000118 
-43.1318125817047 75.33041160243167 3608.4390000001185 
-43.1318125817047 75.33041160243167 3616.7720000001173 
-43.1318125817047 75.33041160243167 3625.105000000116 
-43.1318125817047 75.33041160243167 3633.4380000001165 
-43.1318125817047 75.33041160243167 3641.771000000117 
-43.1318125817047 75.33041160243167 3650.104000000116 
-43.1318125817047 75.33041160243167 3658.4370000001145 
-43.1318125817047 75.33041160243167 3666.770000000115 
-43.1318125817047 75.33041160243167 3675.1030000001156 
-43.1318125817047 75.33041160243167 3683.4360000001143 
-43.1318125817047 75.33041160243167 3691.769000000113 
-43.1318125817047 75.33041160243167 3700.1020000001135 
-43.1318125817047 75.33041160243167 3708.435000000114 
-43.1318125817047 75.33041160243167 3716.768000000113 
-43.1318125817047 75.33041160243167 3725.1010000001115 
-43.1318125817047 75.33041160243167 3733.434000000112 
-43.1318125817047 75.33041160243167 3741.7670000001126 
-43.1318125817047 75.33041160243167 3750.1000000001113 
-43.1318125817047 75.33041160243167 3758.43300000011 
-43.1318125817047 75.33041160243167 3766.7660000001106 
-43.1318125817047 75.33041160243167 3775.099000000111 
-43.1318125817047 75.33041160243167 3783.43200000011 
-43.1318125817047 75.33041160243167 3791.7650000001086 
-43.1318125817047 75.33041160243167 3800.098000000109 
-43.1318125817047 75.33041160243167 3808.4310000001096 
-43.1318125817047 75.33041160243167 3816.7640000001084 
-43.1318125817047 75.33041160243167 3825.097000000107 
-43.1318125817047 75.33041160243167 3833.4300000001076 
-43.1318125817047 75.33041160243167 3841.763000000108 
-43.1318125817047 75.33041160243167 3850.096000000107 
-43.1318125817047 75.33041160243167 3858.4290000001056 
-43.1318125817047 75.33041160243167 3866.762000000106 
-43.1318125817047 75.33041160243167 3875.0950000001067 
-43.1318125817047 75.33041160243167 3883.4280000001054 
-43.1318125817047 75.33041160243167 3891.761000000104 
-43.1318125817047 75.33041160243167 3900.0940000001046 
-43.1318125817047 75.33041160243167 3908.427000000105 
-43.1318125817047 75.33041160243167 3916.760000000104 
-43.1318125817047 75.33041160243167 3925.0930000001026 
-43.1318125817047 75.33041160243167 3933.426000000103 
-43.1318125817047 75.33041160243167 3941.7590000001037 
-43.1318125817047 75.33041160243167 3950.0920000001024 
-43.1318125817047 75.33041160243167 3958.425000000101 
-43.1318125817047 75.33041160243167 3966.7580000001017 
-43.1318125817047 75.33041160243167 3975.091000000102 
-43.1318125817047 75.33041160243167 3983.424000000101 
-43.1318125817047 75.33041160243167 3991.7570000000997 
-43.1318125817047 75.33041160243167 4000.0900000001 
-43.1318125817047 75.33041160243167 4008.4230000001007 
-43.1318125817047 75.33041160243167 4016.7560000000994 
-43.1318125817047 75.33041160243167 4025.089000000098 
-43.1318125817047 75.33041160243167 4033.4220000000987 
-43.1318125817047 75.33041160243167 4041.7550000000992 
-43.1318125817047 75.33041160243167 4050.088000000098 
-43.1318125817047 75.33041160243167 4058.4210000000967 
-43.1318125817047 75.33041160243167 4066.754000000097 
-43.1318125817047 75.33041160243167 4075.0870000000978 
-43.1318125817047 75.33041160243167 4083.4200000000965 
-43.1318125817047 75.33041160243167 4091.753000000095 
-43.1318125817047 75.33041160243167 4100.086000000096 
-43.1318125817047 75.33041160243167 4108.419000000096 
-43.1318125817047 75.33041160243167 4116.752000000095 
-43.1318125817047 75.33041160243167 4125.085000000094 
-43.1318125817047 75.33041160243167 4133.418000000094 
-43.1318125817047 75.33041160243167 4141.751000000095 
-43.1318125817047 75.33041160243167 4150.0840000000935 
-43.1318125817047 75.33041160243167 4158.417000000092 
-43.1318125817047 75.33041160243167 4166.750000000093 
-43.1318125817047 75.33041160243167 4175.083000000093 
-43.1318125817047 75.33041160243167 4183.416000000092 
-43.1318125817047 75.33041160243167 4191.749000000091 
-43.1318125817047 75.33041160243167 4200.082000000091 
-43.1318125817047 75.33041160243167 4208.415000000092 
-43.1318125817047 75.33041160243167 4216.7480000000905 
-43.1318125817047 75.33041160243167 4225.081000000089 
-43.1318125817047 75.33041160243167 4233.41400000009 
-43.1318125817047 75.33041160243167 4241.74700000009 
-43.1318125817047 75.33041160243167 4250.080000000089 
-43.1318125817047 75.33041160243167 4258.413000000088 
-43.1318125817047 75.33041160243167 4266.746000000088 
-43.1318125817047 75.33041160243167 4275.079000000089 
-43.1318125817047 75.33041160243167 4283.412000000088 
-43.1318125817047 75.33041160243167 4291.745000000086 
-43.1318125817047 75.33041160243167 4300.078000000087 
-43.1318125817047 75.33041160243167 4308.4110000000865 
-43.1318125817047 75.33041160243167 4316.744000000086 
-43.1318125817047 75.33041160243167 4325.077000000086 
-43.1318125817047 75.33041160243167 4333.410000000085 
-43.1318125817047 75.33041160243167 4341.743000000085 
-43.1318125817047 75.33041160243167 4350.076000000085 
-43.1318125817047 75.33041160243167 4358.409000000084 
-43.1318125817047 75.33041160243167 4366.742000000084 
-43.1318125817047 75.33041160243167 4375.0750000000835 
-43.1318125817047 75.33041160243167 4383.408000000083 
-43.1318125817047 75.33041160243167 4391.741000000083 
-43.1318125817047 75.33041160243167 4400.074000000082 
-43.1318125817047 75.33041160243167 4408.407000000082 
-43.1318125817047 75.33041160243167 4416.740000000082 
-43.1318125817047 75.33041160243167 4425.073000000081 
-43.1318125817047 75.33041160243167 4433.406000000081 
-43.1318125817047 75.33041160243167 4441.7390000000805 
-43.1318125817047 75.33041160243167 4450.07200000008 
-43.1318125817047 75.33041160243167 4458.40500000008 
-43.1318125817047 75.33041160243167 4466.738000000079 
-43.1318125817047 75.33041160243167 4475.071000000079 
-43.1318125817047 75.33041160243167 4483.404000000079 
-43.1318125817047 75.33041160243167 4491.737000000078 
-43.1318125817047 75.33041160243167 4500.070000000078 
-43.1318125817047 75.33041160243167 4508.403000000078 
-43.1318125817047 75.33041160243167 4516.736000000077 
-43.1318125817047 75.33041160243167 4525.069000000077 
-43.1318125817047 75.33041160243167 4533.402000000076 
-43.1318125817047 75.33041160243167 4541.735000000076 
-43.1318125817047 75.33041160243167 4550.068000000076 
-43.1318125817047 75.33041160243167 4558.401000000075 
-43.1318125817047 75.33041160243167 4566.734000000075 
-43.1318125817047 75.33041160243167 4575.067000000075 
-43.1318125817047 75.33041160243167 4583.400000000074 
-43.1318125817047 75.33041160243167 4591.733000000074 
-43.1318125817047 75.33041160243167 4600.0660000000735 
-43.1318125817047 75.33041160243167 4608.399000000073 
-43.1318125817047 75.33041160243167 4616.732000000073 
-43.1318125817047 75.33041160243167 4625.065000000072 
-43.1318125817047 75.33041160243167 4633.398000000072 
-43.1318125817047 75.33041160243167 4641.731000000072 
-43.1318125817047 75.33041160243167 4650.064000000071 
-43.1318125817047 75.33041160243167 4658.397000000071 
-43.1318125817047 75.33041160243167 4666.7300000000705 
-43.1318125817047 75.33041160243167 4675.06300000007 
-43.1318125817047 75.33041160243167 4683.39600000007 
-43.1318125817047 75.33041160243167 4691.729000000069 
-43.1318125817047 75.33041160243167 4700.062000000069 
-43.1318125817047 75.33041160243167 4708.395000000069 
-43.1318125817047 75.33041160243167 4716.728000000068 
-43.1318125817047 75.33041160243167 4725.061000000068 
-43.1318125817047 75.33041160243167 4733.3940000000675 
-43.1318125817047 75.33041160243167 4741.727000000067 
-43.1318125817047 75.33041160243167 4750.060000000067 
-43.1318125817047 75.33041160243167 4758.393000000066 
-43.1318125817047 75.33041160243167 4766.726000000066 
-43.1318125817047 75.33041160243167 4775.059000000066 
-43.1318125817047 75.33041160243167 4783.392000000065 
-43.1318125817047 75.33041160243167 4791.725000000065 
-43.1318125817047 75.33041160243167 4800.058000000065 
-43.1318125817047 75.33041160243167 4808.391000000064 
-43.1318125817047 75.33041160243167 4816.724000000064 
-43.1318125817047 75.33041160243167 4825.057000000063 
-43.1318125817047 75.33041160243167 4833.390000000063 
-43.1318125817047 75.33041160243167 4841.723000000063 
-43.1318125817047 75.33041160243167 4850.056000000062 
-43.1318125817047 75.33041160243167 4858.389000000062 
-43.1318125817047 75.33041160243167 4866.722000000062 
-43.1318125817047 75.33041160243167 4875.055000000061 
-43.1318125817047 75.33041160243167 4883.388000000061 
-43.1318125817047 75.33041160243167 4891.7210000000605 
-43.1318125817047 75.33041160243167 4900.05400000006 
-43.1318125817047 75.33041160243167 4908.38700000006 
-43.1318125817047 75.33041160243167 4916.720000000059 
-43.1318125817047 75.33041160243167 4925.053000000059 
-43.1318125817047 75.33041160243167 4933.386000000059 
-43.1318125817047 75.33041160243167 4941.719000000058 
-43.1318125817047 75.33041160243167 4950.052000000058 
-43.1318125817047 75.33041160243167 4958.3850000000575 
-43.1318125817047 75.33041160243167 4966.718000000057 
-43.1318125817047 75.33041160243167 4975.051000000057 
-43.1318125817047 75.33041160243167 4983.384000000056 
-43.1318125817047 75.33041160243167 4991.717000000056 
-43.1318125817047 75.33041160243167 5000.050000000056 
-43.1318125817047 75.33041160243167 5008.383000000055 
-43.1318125817047 75.33041160243167 5016.716000000055 
-43.1318125817047 75.33041160243167 5025.049000000055 
-43.1318125817047 75.33041160243167 5033.382000000054 
-43.1318125817047 75.33041160243167 5041.715000000054 
-43.1318125817047 75.33041160243167 5050.048000000053 
-43.1318125817047 75.33041160243167 5058.381000000053 
-43.1318125817047 75.33041160243167 5066.714000000053 
-43.1318125817047 75.33041160243167 5075.047000000052 
-43.1318125817047 75.33041160243167 5083.380000000052 
-43.1318125817047 75.33041160243167 5091.713000000052 
-43.1318125817047 75.33041160243167 5100.046000000051 
-43.1318125817047 75.33041160243167 5108.379000000051 
-43.1318125817047 75.33041160243167 5116.7120000000505 
-43.1318125817047 75.33041160243167 5125.04500000005 
-43.1318125817047 75.33041160243167 5133.37800000005 
-43.1318125817047 75.33041160243167 5141.711000000049 
-43.1318125817047 75.33041160243167 5150.044000000049 
-43.1318125817047 75.33041160243167 5158.377000000049 
-43.1318125817047 75.33041160243167 5166.710000000048 
-43.1318125817047 75.33041160243167 5175.043000000048 
-43.1318125817047 75.33041160243167 5183.3760000000475 
-43.1318125817047 75.33041160243167 5191.709000000047 
-43.1318125817047 75.33041160243167 5200.042000000047 
-43.1318125817047 75.33041160243167 5208.375000000046 
-43.1318125817047 75.33041160243167 5216.708000000046 
-43.1318125817047 75.33041160243167 5225.041000000046 
-43.1318125817047 75.33041160243167 5233.374000000045 
-43.1318125817047 75.33041160243167 5241.707000000045 
-43.1318125817047 75.33041160243167 5250.0400000000445 
-43.1318125817047 75.33041160243167 5258.373000000044 
-43.1318125817047 75.33041160243167 5266.706000000044 
-43.1318125817047 75.33041160243167 5275.039000000043 
-43.1318125817047 75.33041160243167 5283.372000000043 
-43.1318125817047 75.33041160243167 5291.705000000043 
-43.1318125817047 75.33041160243167 5300.038000000042 
-43.1318125817047 75.33041160243167 5308.371000000042 
-43.1318125817047 75.33041160243167 5316.704000000042 
-43.1318125817047 75.33041160243167 5325.037000000041 
-43.1318125817047 75.33041160243167 5333.370000000041 
-43.1318125817047 75.33041160243167 5341.70300000004 
-43.1318125817047 75.33041160243167 5350.03600000004 
-43.1318125817047 75.33041160243167 5358.36900000004 
-43.1318125817047 75.33041160243167 5366.702000000039 
-43.1318125817047 75.33041160243167 5375.035000000039 
-43.1318125817047 75.33041160243167 5383.368000000039 
-43.1318125817047 75.33041160243167 5391.701000000038 
-43.1318125817047 75.33041160243167 5400.034000000038 
-43.1318125817047 75.33041160243167 5408.3670000000375 
-43.1318125817047 75.33041160243167 5416.700000000037 
-43.1318125817047 75.33041160243167 5425.033000000037 
-43.1318125817047 75.33041160243167 5433.366000000036 
-43.1318125817047 75.33041160243167 5441.699000000036 
-43.1318125817047 75.33041160243167 5450.032000000036 
-43.1318125817047 75.33041160243167 5458.365000000035 
-43.1318125817047 75.33041160243167 5466.698000000035 
-43.1318125817047 75.33041160243167 5475.0310000000345 
-43.1318125817047 75.33041160243167 5483.364000000034 
-43.1318125817047 75.33041160243167 5491.697000000034 
-43.1318125817047 75.33041160243167 5500.030000000033 
-43.1318125817047 75.33041160243167 5508.363000000033 
-43.1318125817047 75.33041160243167 5516.696000000033 
-43.1318125817047 75.33041160243167 5525.029000000032 
-43.1318125817047 75.33041160243167 5533.362000000032 
-43.1318125817047 75.33041160243167 5541.6950000000315 
-43.1318125817047 75.33041160243167 5550.028000000031 
-43.1318125817047 75.33041160243167 5558.361000000031 
-43.1318125817047 75.33041160243167 5566.69400000003 
-43.1318125817047 75.33041160243167 5575.02700000003 
-43.1318125817047 75.33041160243167 5583.36000000003 
-43.1318125817047 75.33041160243167 5591.693000000029 
-43.1318125817047 75.33041160243167 5600.026000000029 
-43.1318125817047 75.33041160243167 5608.359000000029 
-43.1318125817047 75.33041160243167 5616.692000000028 
-43.1318125817047 75.33041160243167 5625.025000000028 
-43.1318125817047 75.33041160243167 5633.3580000000275 
-43.1318125817047 75.33041160243167 5641.691000000027 
-43.1318125817047 75.33041160243167 5650.024000000027 
-43.1318125817047 75.33041160243167 5658.357000000026 
-43.1318125817047 75.33041160243167 5666.690000000026 
-43.1318125817047 75.33041160243167 5675.023000000026 
-43.1318125817047 75.33041160243167 5683.356000000025 
-43.1318125817047 75.33041160243167 5691.689000000025 
-43.1318125817047 75.33041160243167 5700.0220000000245 
-43.1318125817047 75.33041160243167 5708.355000000024 
-43.1318125817047 75.33041160243167 5716.688000000024 
-43.1318125817047 75.33041160243167 5725.021000000023 
-43.1318125817047 75.33041160243167 5733.354000000023 
-43.1318125817047 75.33041160243167 5741.687000000023 
-43.1318125817047 75.33041160243167 5750.020000000022 
-43.1318125817047 75.33041160243167 5758.353000000022 
-43.1318125817047 75.33041160243167 5766.6860000000215 
-43.1318125817047 75.33041160243167 5775.019000000021 
-43.1318125817047 75.33041160243167 5783.352000000021 
-43.1318125817047 75.33041160243167 5791.68500000002 
-43.1318125817047 75.33041160243167 5800.01800000002 
-43.1318125817047 75.33041160243167 5808.35100000002 
-43.1318125817047 75.33041160243167 5816.684000000019 
-43.1318125817047 75.33041160243167 5825.017000000019 
-43.1318125817047 75.33041160243167 5833.350000000019 
-43.1318125817047 75.33041160243167 5841.683000000018 
-43.1318125817047 75.33041160243167 5850.016000000018 
-43.1318125817047 75.33041160243167 5858.349000000017 
-43.1318125817047 75.33041160243167 5866.682000000017 
-43.1318125817047 75.33041160243167 5875.015000000017 
-43.1318125817047 75.33041160243167 5883.348000000016 
-43.1318125817047 75.33041160243167 5891.681000000016 
-43.1318125817047 75.33041160243167 5900.014000000016 
-43.1318125817047 75.33041160243167 5908.347000000015 
-43.1318125817047 75.33041160243167 5916.680000000015 
-43.1318125817047 75.33041160243167 5925.0130000000145 
-43.1318125817047 75.33041160243167 5933.346000000014 
-43.1318125817047 75.33041160243167 5941.679000000014 
-43.1318125817047 75.33041160243167 5950.012000000013 
-43.1318125817047 75.33041160243167 5958.345000000013 
-43.1318125817047 75.33041160243167 5966.678000000013 
-43.1318125817047 75.33041160243167 5975.011000000012 
-43.1318125817047 75.33041160243167 5983.344000000012 
-43.1318125817047 75.33041160243167 5991.6770000000115 
-43.1318125817047 75.33041160243167 6000.010000000011 
-43.1318125817047 75.33041160243167 6008.343000000011 
-43.1318125817047 75.33041160243167 6016.67600000001 
-43.1318125817047 75.33041160243167 6025.00900000001 
-43.1318125817047 75.33041160243167 6033.34200000001 
-43.1318125817047 75.33041160243167 6041.675000000009 
-43.1318125817047 75.33041160243167 6050.008000000009 
-43.1318125817047 75.33041160243167 6058.3410000000085 
-43.1318125817047 75.33041160243167 6066.674000000008 
-43.1318125817047 75.33041160243167 6075.007000000008 
-43.1318125817047 75.33041160243167 6083.340000000007 
-43.1318125817047 75.33041160243167 6091.673000000007 
-43.1318125817047 75.33041160243167 6100.006000000007 
-43.1318125817047 75.33041160243167 6108.339000000006 
-43.1318125817047 75.33041160243167 6116.672000000006 
-43.1318125817047 75.33041160243167 6125.005000000006 
-43.1318125817047 75.33041160243167 6133.338000000005 
-43.1318125817047 75.33041160243167 6141.671000000005 
-43.1318125817047 75.33041160243167 6150.004000000004 
-43.1318125817047 75.33041160243167 6158.337000000004 
-43.1318125817047 75.33041160243167 6166.670000000004 
-43.1318125817047 75.33041160243167 6175.003000000003 
-43.1318125817047 75.33041160243167 6183.336000000003 
-43.1318125817047 75.33041160243167 6191.669000000003 
-43.1318125817047 75.33041160243167 6200.002000000002 
-43.1318125817047 75.33041160243167 6208.335000000002 
-43.1318125817047 75.33041160243167 6216.6680000000015 
-43.1318125817047 75.33041160243167 6225.001000000001 
-43.1318125817047 75.33041160243167 6233.334000000001 
-43.1318125817047 75.33041160243167 6241.667 
-43.1318125817047 75.33041160243167 6250.0 
-43.1318125817047 75.33041160243167 6258.333 
-43.1318125817047 75.33041160243167 6266.665999999999 
-43.1318125817047 75.33041160243167 6274.998999999999 
-43.1318125817047 75.33041160243167 6283.3319999999985 
-43.1318125817047 75.33041160243167 6291.664999999998 
-43.1318125817047 75.33041160243167 6299.997999999998 
-43.1318125817047 75.33041160243167 6308.330999999997 
-43.1318125817047 75.33041160243167 6316.663999999997 
-43.1318125817047 75.33041160243167 6324.996999999997 
-43.1318125817047 75.33041160243167 6333.329999999996 
-43.1318125817047 75.33041160243167 6341.662999999996 
-43.1318125817047 75.33041160243167 6349.995999999996 
-43.1318125817047 75.33041160243167 6358.328999999995 
-43.1318125817047 75.33041160243167 6366.661999999995 
-43.1318125817047 75.33041160243167 6374.994999999994 
-43.1318125817047 75.33041160243167 6383.327999999994 
-43.1318125817047 75.33041160243167 6391.660999999994 
-43.1318125817047 75.33041160243167 6399.993999999993 
-43.1318125817047 75.33041160243167 6408.326999999993 
-43.1318125817047 75.33041160243167 6416.659999999993 
-43.1318125817047 75.33041160243167 6424.992999999992 
-43.1318125817047 75.33041160243167 6433.325999999992 
-43.1318125817047 75.33041160243167 6441.6589999999915 
-43.1318125817047 75.33041160243167 6449.991999999991 
-43.1318125817047 75.33041160243167 6458.324999999991 
-43.1318125817047 75.33041160243167 6466.65799999999 
-43.1318125817047 75.33041160243167 6474.99099999999 
-43.1318125817047 75.33041160243167 6483.32399999999 
-43.1318125817047 75.33041160243167 6491.656999999989 
-43.1318125817047 75.33041160243167 6499.989999999989 
-43.1318125817047 75.33041160243167 6508.3229999999885 
-43.1318125817047 75.33041160243167 6516.655999999988 
-43.1318125817047 75.33041160243167 6524.988999999988 
-43.1318125817047 75.33041160243167 6533.321999999987 
-43.1318125817047 75.33041160243167 6541.654999999987 
-43.1318125817047 75.33041160243167 6549.987999999987 
-43.1318125817047 75.33041160243167 6558.320999999986 
-43.1318125817047 75.33041160243167 6566.653999999986 
-43.1318125817047 75.33041160243167 6574.9869999999855 
-43.1318125817047 75.33041160243167 6583.319999999985 
-43.1318125817047 75.33041160243167 6591.652999999985 
-43.1318125817047 75.33041160243167 6599.985999999984 
-43.1318125817047 75.33041160243167 6608.318999999984 
-43.1318125817047 75.33041160243167 6616.651999999984 
-43.1318125817047 75.33041160243167 6624.984999999983 
-43.1318125817047 75.33041160243167 6633.317999999983 
-43.1318125817047 75.33041160243167 6641.650999999983 
-43.1318125817047 75.33041160243167 6649.983999999982 
-43.1318125817047 75.33041160243167 6658.316999999982 
-43.1318125817047 75.33041160243167 6666.649999999981 
-43.1318125817047 75.33041160243167 6674.982999999981 
-43.1318125817047 75.33041160243167 6683.315999999981 
-43.1318125817047 75.33041160243167 6691.64899999998 
-43.1318125817047 75.33041160243167 6699.98199999998 
-43.1318125817047 75.33041160243167 6708.31499999998 
-43.1318125817047 75.33041160243167 6716.647999999979 
-43.1318125817047 75.33041160243167 6724.980999999979 
-43.1318125817047 75.33041160243167 6733.3139999999785 
-43.1318125817047 75.33041160243167 6741.646999999978 
-43.1318125817047 75.33041160243167 6749.979999999978 
-43.1318125817047 75.33041160243167 6758.312999999977 
-43.1318125817047 75.33041160243167 6766.645999999977 
-43.1318125817047 75.33041160243167 6774.978999999977 
-43.1318125817047 75.33041160243167 6783.311999999976 
-43.1318125817047 75.33041160243167 6791.644999999976 
-43.1318125817047 75.33041160243167 6799.9779999999755 
-43.1318125817047 75.33041160243167 6808.310999999975 
-43.1318125817047 75.33041160243167 6816.643999999975 
-43.1318125817047 75.33041160243167 6824.976999999974 
-43.1318125817047 75.33041160243167 6833.309999999974 
-43.1318125817047 75.33041160243167 6841.642999999974 
-43.1318125817047 75.33041160243167 6849.975999999973 
-43.1318125817047 75.33041160243167 6858.308999999973 
-43.1318125817047 75.33041160243167 6866.6419999999725 
-43.1318125817047 75.33041160243167 6874.974999999972 
-43.1318125817047 75.33041160243167 6883.307999999972 
-43.1318125817047 75.33041160243167 6891.640999999971 
-43.1318125817047 75.33041160243167 6899.973999999971 
-43.1318125817047 75.33041160243167 6908.306999999971 
-43.1318125817047 75.33041160243167 6916.63999999997 
-43.1318125817047 75.33041160243167 6924.97299999997 
-43.1318125817047 75.33041160243167 6933.30599999997 
-43.1318125817047 75.33041160243167 6941.638999999969 
-43.1318125817047 75.33041160243167 6949.971999999969 
-43.1318125817047 75.33041160243167 6958.3049999999685 
-43.1318125817047 75.33041160243167 6966.637999999968 
-43.1318125817047 75.33041160243167 6974.970999999968 
-43.1318125817047 75.33041160243167 6983.303999999967 
-43.1318125817047 75.33041160243167 6991.636999999967 
-43.1318125817047 75.33041160243167 6999.969999999967 
-43.1318125817047 75.33041160243167 7008.302999999966 
-43.1318125817047 75.33041160243167 7016.635999999966 
-43.1318125817047 75.33041160243167 7024.9689999999655 
-43.1318125817047 75.33041160243167 7033.301999999965 
-43.1318125817047 75.33041160243167 7041.634999999965 
-43.1318125817047 75.33041160243167 7049.967999999964 
-43.1318125817047 75.33041160243167 7058.300999999964 
-43.1318125817047 75.33041160243167 7066.633999999964 
-43.1318125817047 75.33041160243167 7074.966999999963 
-43.1318125817047 75.33041160243167 7083.299999999963 
-43.1318125817047 75.33041160243167 7091.6329999999625 
-43.1318125817047 75.33041160243167 7099.965999999962 
-43.1318125817047 75.33041160243167 7108.298999999962 
-43.1318125817047 75.33041160243167 7116.631999999961 
-43.1318125817047 75.33041160243167 7124.964999999961 
-43.1318125817047 75.33041160243167 7133.297999999961 
-43.1318125817047 75.33041160243167 7141.63099999996 
-43.1318125817047 75.33041160243167 7149.96399999996 
-43.1318125817047 75.33041160243167 7158.29699999996 
-43.1318125817047 75.33041160243167 7166.629999999959 
-43.1318125817047 75.33041160243167 7174.962999999959 
-43.1318125817047 75.33041160243167 7183.295999999958 
-43.1318125817047 75.33041160243167 7191.628999999958 
-43.1318125817047 75.33041160243167 7199.961999999958 
-43.1318125817047 75.33041160243167 7208.294999999957 
-43.1318125817047 75.33041160243167 7216.627999999957 
-43.1318125817047 75.33041160243167 7224.960999999957 
-43.1318125817047 75.33041160243167 7233.293999999956 
-43.1318125817047 75.33041160243167 7241.626999999956 
-43.1318125817047 75.33041160243167 7249.9599999999555 
-43.1318125817047 75.33041160243167 7258.292999999955 
-43.1318125817047 75.33041160243167 7266.625999999955 
-43.1318125817047 75.33041160243167 7274.958999999954 
-43.1318125817047 75.33041160243167 7283.291999999954 
-43.1318125817047 75.33041160243167 7291.624999999954 
-43.1318125817047 75.33041160243167 7299.957999999953 
-43.1318125817047 75.33041160243167 7308.290999999953 
-43.1318125817047 75.33041160243167 7316.6239999999525 
-43.1318125817047 75.33041160243167 7324.956999999952 
-43.1318125817047 75.33041160243167 7333.289999999952 
-43.1318125817047 75.33041160243167 7341.622999999951 
-43.1318125817047 75.33041160243167 7349.955999999951 
-43.1318125817047 75.33041160243167 7358.288999999951 
-43.1318125817047 75.33041160243167 7366.62199999995 
-43.1318125817047 75.33041160243167 7374.95499999995 
-43.1318125817047 75.33041160243167 7383.2879999999495 
-43.1318125817047 75.33041160243167 7391.620999999949 
-43.1318125817047 75.33041160243167 7399.953999999949 
-43.1318125817047 75.33041160243167 7408.286999999948 
-43.1318125817047 75.33041160243167 7416.619999999948 
-43.1318125817047 75.33041160243167 7424.952999999948 
-43.1318125817047 75.33041160243167 7433.285999999947 
-43.1318125817047 75.33041160243167 7441.618999999947 
-43.1318125817047 75.33041160243167 7449.951999999947 
-43.1318125817047 75.33041160243167 7458.284999999946 
-43.1318125817047 75.33041160243167 7466.617999999946 
-43.1318125817047 75.33041160243167 7474.950999999945 
-43.1318125817047 75.33041160243167 7483.283999999945 
-43.1318125817047 75.33041160243167 7491.616999999945 
-43.1318125817047 75.33041160243167 7499.949999999944 
-43.1318125817047 75.33041160243167 7508.282999999944 
-43.1318125817047 75.33041160243167 7516.615999999944 
-43.1318125817047 75.33041160243167 7524.948999999943 
-43.1318125817047 75.33041160243167 7533.281999999943 
-43.1318125817047 75.33041160243167 7541.6149999999425 
-43.1318125817047 75.33041160243167 7549.947999999942 
-43.1318125817047 75.33041160243167 7558.280999999942 
-43.1318125817047 75.33041160243167 7566.613999999941 
-43.1318125817047 75.33041160243167 7574.946999999941 
-43.1318125817047 75.33041160243167 7583.279999999941 
-43.1318125817047 75.33041160243167 7591.61299999994 
-43.1318125817047 75.33041160243167 7599.94599999994 
-43.1318125817047 75.33041160243167 7608.2789999999395 
-43.1318125817047 75.33041160243167 7616.611999999939 
-43.1318125817047 75.33041160243167 7624.944999999939 
-43.1318125817047 75.33041160243167 7633.277999999938 
-43.1318125817047 75.33041160243167 7641.610999999938 
-43.1318125817047 75.33041160243167 7649.943999999938 
-43.1318125817047 75.33041160243167 7658.276999999937 
-43.1318125817047 75.33041160243167 7666.609999999937 
-43.1318125817047 75.33041160243167 7674.942999999937 
-43.1318125817047 75.33041160243167 7683.275999999936 
-43.1318125817047 75.33041160243167 7691.608999999936 
-43.1318125817047 75.33041160243167 7699.941999999935 
-43.1318125817047 75.33041160243167 7708.274999999935 
-43.1318125817047 75.33041160243167 7716.607999999935 
-43.1318125817047 75.33041160243167 7724.940999999934 
-43.1318125817047 75.33041160243167 7733.273999999934 
-43.1318125817047 75.33041160243167 7741.606999999934 
-43.1318125817047 75.33041160243167 7749.939999999933 
-43.1318125817047 75.33041160243167 7758.272999999933 
-43.1318125817047 75.33041160243167 7766.6059999999325 
-43.1318125817047 75.33041160243167 7774.938999999932 
-43.1318125817047 75.33041160243167 7783.271999999932 
-43.1318125817047 75.33041160243167 7791.604999999931 
-43.1318125817047 75.33041160243167 7799.937999999931 
-43.1318125817047 75.33041160243167 7808.270999999931 
-43.1318125817047 75.33041160243167 7816.60399999993 
-43.1318125817047 75.33041160243167 7824.93699999993 
-43.1318125817047 75.33041160243167 7833.2699999999295 
-43.1318125817047 75.33041160243167 7841.602999999929 
-43.1318125817047 75.33041160243167 7849.935999999929 
-43.1318125817047 75.33041160243167 7858.268999999928 
-43.1318125817047 75.33041160243167 7866.601999999928 
-43.1318125817047 75.33041160243167 7874.934999999928 
-43.1318125817047 75.33041160243167 7883.267999999927 
-43.1318125817047 75.33041160243167 7891.600999999927 
-43.1318125817047 75.33041160243167 7899.9339999999265 
-43.1318125817047 75.33041160243167 7908.266999999926 
-43.1318125817047 75.33041160243167 7916.599999999926 
-43.1318125817047 75.33041160243167 7924.932999999925 
-43.1318125817047 75.33041160243167 7933.265999999925 
-43.1318125817047 75.33041160243167 7941.598999999925 
-43.1318125817047 75.33041160243167 7949.931999999924 
-43.1318125817047 75.33041160243167 7958.264999999924 
-43.1318125817047 75.33041160243167 7966.597999999924 
-43.1318125817047 75.33041160243167 7974.930999999923 
-43.1318125817047 75.33041160243167 7983.263999999923 
-43.1318125817047 75.33041160243167 7991.596999999922 
-43.1318125817047 75.33041160243167 7999.929999999922 
-43.1318125817047 75.33041160243167 8008.262999999922 
-43.1318125817047 75.33041160243167 8016.595999999921 
-43.1318125817047 75.33041160243167 8024.928999999921 
-43.1318125817047 75.33041160243167 8033.261999999921 
-43.1318125817047 75.33041160243167 8041.59499999992 
-43.1318125817047 75.33041160243167 8049.92799999992 
-43.1318125817047 75.33041160243167 8058.2609999999195 
-43.1318125817047 75.33041160243167 8066.593999999919 
-43.1318125817047 75.33041160243167 8074.926999999919 
-43.1318125817047 75.33041160243167 8083.259999999918 
-43.1318125817047 75.33041160243167 8091.592999999918 
-43.1318125817047 75.33041160243167 8099.925999999918 
-43.1318125817047 75.33041160243167 8108.258999999917 
-43.1318125817047 75.33041160243167 8116.591999999917 
-43.1318125817047 75.33041160243167 8124.9249999999165 
-43.1318125817047 75.33041160243167 8133.257999999916 
-43.1318125817047 75.33041160243167 8141.590999999916 
-43.1318125817047 75.33041160243167 8149.923999999915 
-43.1318125817047 75.33041160243167 8158.256999999915 
-43.1318125817047 75.33041160243167 8166.589999999915 
-43.1318125817047 75.33041160243167 8174.922999999914 
-43.1318125817047 75.33041160243167 8183.255999999914 
-43.1318125817047 75.33041160243167 8191.5889999999135 
-43.1318125817047 75.33041160243167 8199.921999999913 
-43.1318125817047 75.33041160243167 8208.254999999914 
-43.1318125817047 75.33041160243167 8216.587999999912 
-43.1318125817047 75.33041160243167 8224.920999999911 
-43.1318125817047 75.33041160243167 8233.253999999912 
-43.1318125817047 75.33041160243167 8241.586999999912 
-43.1318125817047 75.33041160243167 8249.919999999911 
-43.1318125817047 75.33041160243167 8258.25299999991 
-43.1318125817047 75.33041160243167 8266.58599999991 
-43.1318125817047 75.33041160243167 8274.91899999991 
-43.1318125817047 75.33041160243167 8283.25199999991 
-43.1318125817047 75.33041160243167 8291.584999999908 
-43.1318125817047 75.33041160243167 8299.917999999909 
-43.1318125817047 75.33041160243167 8308.25099999991 
-43.1318125817047 75.33041160243167 8316.583999999908 
-43.1318125817047 75.33041160243167 8324.916999999907 
-43.1318125817047 75.33041160243167 8333.249999999907 
-43.1318125817047 75.33041160243167 8341.582999999908 
-43.1318125817047 75.33041160243167 8349.915999999906 
-43.1318125817047 75.33041160243167 8358.248999999905 
-43.1318125817047 75.33041160243167 8366.581999999906 
-43.1318125817047 75.33041160243167 8374.914999999906 
-43.1318125817047 75.33041160243167 8383.247999999905 
-43.1318125817047 75.33041160243167 8391.580999999904 
-43.1318125817047 75.33041160243167 8399.913999999904 
-43.1318125817047 75.33041160243167 8408.246999999905 
-43.1318125817047 75.33041160243167 8416.579999999904 
-43.1318125817047 75.33041160243167 8424.912999999902 
-43.1318125817047 75.33041160243167 8433.245999999903 
-43.1318125817047 75.33041160243167 8441.578999999903 
-43.1318125817047 75.33041160243167 8449.911999999902 
-43.1318125817047 75.33041160243167 8458.2449999999 
-43.1318125817047 75.33041160243167 8466.577999999901 
-43.1318125817047 75.33041160243167 8474.910999999902 
-43.1318125817047 75.33041160243167 8483.2439999999 
-43.1318125817047 75.33041160243167 8491.5769999999 
-43.1318125817047 75.33041160243167 8499.9099999999 
-43.1318125817047 75.33041160243167 8508.2429999999 
-43.1318125817047 75.33041160243167 8516.575999999899 
-43.1318125817047 75.33041160243167 8524.908999999898 
-43.1318125817047 75.33041160243167 8533.241999999898 
-43.1318125817047 75.33041160243167 8541.574999999899 
-43.1318125817047 75.33041160243167 8549.907999999898 
-43.1318125817047 75.33041160243167 8558.240999999896 
-43.1318125817047 75.33041160243167 8566.573999999897 
-43.1318125817047 75.33041160243167 8574.906999999897 
-43.1318125817047 75.33041160243167 8583.239999999896 
-43.1318125817047 75.33041160243167 8591.572999999895 
-43.1318125817047 75.33041160243167 8599.905999999895 
-43.1318125817047 75.33041160243167 8608.238999999896 
-43.1318125817047 75.33041160243167 8616.571999999895 
-43.1318125817047 75.33041160243167 8624.904999999893 
-43.1318125817047 75.33041160243167 8633.237999999894 
-43.1318125817047 75.33041160243167 8641.570999999894 
-43.1318125817047 75.33041160243167 8649.903999999893 
-43.1318125817047 75.33041160243167 8658.236999999892 
-43.1318125817047 75.33041160243167 8666.569999999892 
-43.1318125817047 75.33041160243167 8674.902999999893 
-43.1318125817047 75.33041160243167 8683.235999999892 
-43.1318125817047 75.33041160243167 8691.56899999989 
-43.1318125817047 75.33041160243167 8699.90199999989 
-43.1318125817047 75.33041160243167 8708.234999999891 
-43.1318125817047 75.33041160243167 8716.56799999989 
-43.1318125817047 75.33041160243167 8724.900999999889 
-43.1318125817047 75.33041160243167 8733.23399999989 
-43.1318125817047 75.33041160243167 8741.56699999989 
-43.1318125817047 75.33041160243167 8749.899999999889 
-43.1318125817047 75.33041160243167 8758.232999999887 
-43.1318125817047 75.33041160243167 8766.565999999888 
-43.1318125817047 75.33041160243167 8774.898999999888 
-43.1318125817047 75.33041160243167 8783.231999999887 
-43.1318125817047 75.33041160243167 8791.564999999886 
-43.1318125817047 75.33041160243167 8799.897999999886 
-43.1318125817047 75.33041160243167 8808.230999999887 
-43.1318125817047 75.33041160243167 8816.563999999886 
-43.1318125817047 75.33041160243167 8824.896999999884 
-43.1318125817047 75.33041160243167 8833.229999999885 
-43.1318125817047 75.33041160243167 8841.562999999886 
-43.1318125817047 75.33041160243167 8849.895999999884 
-43.1318125817047 75.33041160243167 8858.228999999883 
-43.1318125817047 75.33041160243167 8866.561999999883 
-43.1318125817047 75.33041160243167 8874.894999999884 
-43.1318125817047 75.33041160243167 8883.227999999883 
-43.1318125817047 75.33041160243167 8891.560999999881 
-43.1318125817047 75.33041160243167 8899.893999999882 
-43.1318125817047 75.33041160243167 8908.226999999883 
-43.1318125817047 75.33041160243167 8916.559999999881 
-43.1318125817047 75.33041160243167 8924.89299999988 
-43.1318125817047 75.33041160243167 8933.22599999988 
-43.1318125817047 75.33041160243167 8941.558999999881 
-43.1318125817047 75.33041160243167 8949.89199999988 
-43.1318125817047 75.33041160243167 8958.224999999878 
-43.1318125817047 75.33041160243167 8966.557999999879 
-43.1318125817047 75.33041160243167 8974.89099999988 
-43.1318125817047 75.33041160243167 8983.223999999878 
-43.1318125817047 75.33041160243167 8991.556999999877 
-43.1318125817047 75.33041160243167 8999.889999999878 
-43.1318125817047 75.33041160243167 9008.222999999878 
-43.1318125817047 75.33041160243167 9016.555999999877 
-43.1318125817047 75.33041160243167 9024.888999999876 
-43.1318125817047 75.33041160243167 9033.221999999876 
-43.1318125817047 75.33041160243167 9041.554999999877 
-43.1318125817047 75.33041160243167 9049.887999999875 
-43.1318125817047 75.33041160243167 9058.220999999874 
-43.1318125817047 75.33041160243167 9066.553999999875 
-43.1318125817047 75.33041160243167 9074.886999999875 
-43.1318125817047 75.33041160243167 9083.219999999874 
-43.1318125817047 75.33041160243167 9091.552999999873 
-43.1318125817047 75.33041160243167 9099.885999999873 
-43.1318125817047 75.33041160243167 9108.218999999874 
-43.1318125817047 75.33041160243167 9116.551999999872 
-43.1318125817047 75.33041160243167 9124.884999999871 
-43.1318125817047 75.33041160243167 9133.217999999872 
-43.1318125817047 75.33041160243167 9141.550999999872 
-43.1318125817047 75.33041160243167 9149.88399999987 
-43.1318125817047 75.33041160243167 9158.21699999987 
-43.1318125817047 75.33041160243167 9166.54999999987 
-43.1318125817047 75.33041160243167 9174.88299999987 
-43.1318125817047 75.33041160243167 9183.21599999987 
-43.1318125817047 75.33041160243167 9191.548999999868 
-43.1318125817047 75.33041160243167 9199.881999999869 
-43.1318125817047 75.33041160243167 9208.21499999987 
-43.1318125817047 75.33041160243167 9216.547999999868 
-43.1318125817047 75.33041160243167 9224.880999999867 
-43.1318125817047 75.33041160243167 9233.213999999867 
-43.1318125817047 75.33041160243167 9241.546999999868 
-43.1318125817047 75.33041160243167 9249.879999999866 
-43.1318125817047 75.33041160243167 9258.212999999865 
-43.1318125817047 75.33041160243167 9266.545999999866 
-43.1318125817047 75.33041160243167 9274.878999999866 
-43.1318125817047 75.33041160243167 9283.211999999865 
-43.1318125817047 75.33041160243167 9291.544999999864 
-43.1318125817047 75.33041160243167 9299.877999999864 
-43.1318125817047 75.33041160243167 9308.210999999865 
-43.1318125817047 75.33041160243167 9316.543999999863 
-43.1318125817047 75.33041160243167 9324.876999999862 
-43.1318125817047 75.33041160243167 9333.209999999863 
-43.1318125817047 75.33041160243167 9341.542999999863 
-43.1318125817047 75.33041160243167 9349.875999999862 
-43.1318125817047 75.33041160243167 9358.20899999986 
-43.1318125817047 75.33041160243167 9366.541999999861 
-43.1318125817047 75.33041160243167 9374.874999999862 
-43.1318125817047 75.33041160243167 9383.20799999986 
-43.1318125817047 75.33041160243167 9391.54099999986 
-43.1318125817047 75.33041160243167 9399.87399999986 
-43.1318125817047 75.33041160243167 9408.20699999986 
-43.1318125817047 75.33041160243167 9416.539999999859 
-43.1318125817047 75.33041160243167 9424.872999999858 
-43.1318125817047 75.33041160243167 9433.205999999858 
-43.1318125817047 75.33041160243167 9441.538999999859 
-43.1318125817047 75.33041160243167 9449.871999999858 
-43.1318125817047 75.33041160243167 9458.204999999856 
-43.1318125817047 75.33041160243167 9466.537999999857 
-43.1318125817047 75.33041160243167 9474.870999999857 
-43.1318125817047 75.33041160243167 9483.203999999856 
-43.1318125817047 75.33041160243167 9491.536999999855 
-43.1318125817047 75.33041160243167 9499.869999999855 
-43.1318125817047 75.33041160243167 9508.202999999856 
-43.1318125817047 75.33041160243167 9516.535999999855 
-43.1318125817047 75.33041160243167 9524.868999999853 
-43.1318125817047 75.33041160243167 9533.201999999854 
-43.1318125817047 75.33041160243167 9541.534999999854 
-43.1318125817047 75.33041160243167 9549.867999999853 
-43.1318125817047 75.33041160243167 9558.200999999852 
-43.1318125817047 75.33041160243167 9566.533999999852 
-43.1318125817047 75.33041160243167 9574.866999999853 
-43.1318125817047 75.33041160243167 9583.199999999852 
-43.1318125817047 75.33041160243167 9591.53299999985 
-43.1318125817047 75.33041160243167 9599.86599999985 
-43.1318125817047 75.33041160243167 9608.198999999851 
-43.1318125817047 75.33041160243167 9616.53199999985 
-43.1318125817047 75.33041160243167 9624.864999999849 
-43.1318125817047 75.33041160243167 9633.19799999985 
-43.1318125817047 75.33041160243167 9641.53099999985 
-43.1318125817047 75.33041160243167 9649.863999999849 
-43.1318125817047 75.33041160243167 9658.196999999847 
-43.1318125817047 75.33041160243167 9666.529999999848 
-43.1318125817047 75.33041160243167 9674.862999999848 
-43.1318125817047 75.33041160243167 9683.195999999847 
-43.1318125817047 75.33041160243167 9691.528999999846 
-43.1318125817047 75.33041160243167 9699.861999999846 
-43.1318125817047 75.33041160243167 9708.194999999847 
-43.1318125817047 75.33041160243167 9716.527999999846 
-43.1318125817047 75.33041160243167 9724.860999999844 
-43.1318125817047 75.33041160243167 9733.193999999845 
-43.1318125817047 75.33041160243167 9741.526999999845 
-43.1318125817047 75.33041160243167 9749.859999999844 
-43.1318125817047 75.33041160243167 9758.192999999843 
-43.1318125817047 75.33041160243167 9766.525999999843 
-43.1318125817047 75.33041160243167 9774.858999999844 
-43.1318125817047 75.33041160243167 9783.191999999843 
-43.1318125817047 75.33041160243167 9791.524999999841 
-43.1318125817047 75.33041160243167 9799.857999999842 
-43.1318125817047 75.33041160243167 9808.190999999842 
-43.1318125817047 75.33041160243167 9816.523999999841 
-43.1318125817047 75.33041160243167 9824.85699999984 
-43.1318125817047 75.33041160243167 9833.18999999984 
-43.1318125817047 75.33041160243167 9841.522999999841 
-43.1318125817047 75.33041160243167 9849.85599999984 
-43.1318125817047 75.33041160243167 9858.188999999838 
-43.1318125817047 75.33041160243167 9866.521999999839 
-43.1318125817047 75.33041160243167 9874.85499999984 
-43.1318125817047 75.33041160243167 9883.187999999838 
-43.1318125817047 75.33041160243167 9891.520999999837 
-43.1318125817047 75.33041160243167 9899.853999999837 
-43.1318125817047 75.33041160243167 9908.186999999838 
-43.1318125817047 75.33041160243167 9916.519999999837 
-43.1318125817047 75.33041160243167 9924.852999999835 
-43.1318125817047 75.33041160243167 9933.185999999836 
-43.1318125817047 75.33041160243167 9941.518999999837 
-43.1318125817047 75.33041160243167 9949.851999999835 
-43.1318125817047 75.33041160243167 9958.184999999834 
-43.1318125817047 75.33041160243167 9966.517999999835 
-43.1318125817047 75.33041160243167 9974.850999999835 
-43.1318125817047 75.33041160243167 9983.183999999834 
-43.1318125817047 75.33041160243167 9991.516999999832 
-43.1318125817047 75.33041160243167 9999.849999999833 
-43.1318125817047 75.33041160243167 10008.182999999834 
-43.1318125817047 75.33041160243167 10016.515999999832 
-43.1318125817047 75.33041160243167 10024.848999999831 
-43.1318125817047 75.33041160243167 10033.181999999832 
-43.1318125817047 75.33041160243167 10041.514999999832 
-43.1318125817047 75.33041160243167 10049.84799999983 
-43.1318125817047 75.33041160243167 10058.18099999983 
-43.1318125817047 75.33041160243167 10066.51399999983 
-43.1318125817047 75.33041160243167 10074.84699999983 
-43.1318125817047 75.33041160243167 10083.17999999983 
-43.1318125817047 75.33041160243167 10091.512999999828 
-43.1318125817047 75.33041160243167 10099.845999999829 
-43.1318125817047 75.33041160243167 10108.17899999983 
-43.1318125817047 75.33041160243167 10116.511999999828 
-43.1318125817047 75.33041160243167 10124.844999999827 
-43.1318125817047 75.33041160243167 10133.177999999827 
-43.1318125817047 75.33041160243167 10141.510999999828 
-43.1318125817047 75.33041160243167 10149.843999999826 
-43.1318125817047 75.33041160243167 10158.176999999825 
-43.1318125817047 75.33041160243167 10166.509999999826 
-43.1318125817047 75.33041160243167 10174.842999999826 
-43.1318125817047 75.33041160243167 10183.175999999825 
-43.1318125817047 75.33041160243167 10191.508999999824 
-43.1318125817047 75.33041160243167 10199.841999999824 
-43.1318125817047 75.33041160243167 10208.174999999825 
-43.1318125817047 75.33041160243167 10216.507999999823 
-43.1318125817047 75.33041160243167 10224.840999999822 
-43.1318125817047 75.33041160243167 10233.173999999823 
-43.1318125817047 75.33041160243167 10241.506999999823 
-43.1318125817047 75.33041160243167 10249.839999999822 
-43.1318125817047 75.33041160243167 10258.17299999982 
-43.1318125817047 75.33041160243167 10266.505999999821 
-43.1318125817047 75.33041160243167 10274.838999999822 
-43.1318125817047 75.33041160243167 10283.17199999982 
-43.1318125817047 75.33041160243167 10291.50499999982 
-43.1318125817047 75.33041160243167 10299.83799999982 
-43.1318125817047 75.33041160243167 10308.17099999982 
-43.1318125817047 75.33041160243167 10316.503999999819 
-43.1318125817047 75.33041160243167 10324.836999999818 
-43.1318125817047 75.33041160243167 10333.169999999818 
-43.1318125817047 75.33041160243167 10341.502999999819 
-43.1318125817047 75.33041160243167 10349.835999999817 
-43.1318125817047 75.33041160243167 10358.168999999816 
-43.1318125817047 75.33041160243167 10366.501999999817 
-43.1318125817047 75.33041160243167 10374.834999999817 
-43.1318125817047 75.33041160243167 10383.167999999816 
-43.1318125817047 75.33041160243167 10391.500999999815 
-43.1318125817047 75.33041160243167 10399.833999999815 
-43.1318125817047 75.33041160243167 10408.166999999816 
-43.1318125817047 75.33041160243167 10416.499999999814 
-43.1318125817047 75.33041160243167 10424.832999999813 
-43.1318125817047 75.33041160243167 10433.165999999814 
-43.1318125817047 75.33041160243167 10441.498999999814 
-43.1318125817047 75.33041160243167 10449.831999999813 
-43.1318125817047 75.33041160243167 10458.164999999812 
-43.1318125817047 75.33041160243167 10466.497999999812 
-43.1318125817047 75.33041160243167 10474.830999999813 
-43.1318125817047 75.33041160243167 10483.163999999811 
-43.1318125817047 75.33041160243167 10491.49699999981 
-43.1318125817047 75.33041160243167 10499.82999999981 
-43.1318125817047 75.33041160243167 10508.162999999811 
-43.1318125817047 75.33041160243167 10516.49599999981 
-43.1318125817047 75.33041160243167 10524.828999999809 
-43.1318125817047 75.33041160243167 10533.16199999981 
-43.1318125817047 75.33041160243167 10541.49499999981 
-43.1318125817047 75.33041160243167 10549.827999999809 
-43.1318125817047 75.33041160243167 10558.160999999807 
-43.1318125817047 75.33041160243167 10566.493999999808 
-43.1318125817047 75.33041160243167 10574.826999999808 
-43.1318125817047 75.33041160243167 10583.159999999807 
-43.1318125817047 75.33041160243167 10591.492999999806 
-43.1318125817047 75.33041160243167 10599.825999999806 
-43.1318125817047 75.33041160243167 10608.158999999807 
-43.1318125817047 75.33041160243167 10616.491999999806 
-43.1318125817047 75.33041160243167 10624.824999999804 
-43.1318125817047 75.33041160243167 10633.157999999805 
-43.1318125817047 75.33041160243167 10641.490999999805 
-43.1318125817047 75.33041160243167 10649.823999999804 
-43.1318125817047 75.33041160243167 10658.156999999803 
-43.1318125817047 75.33041160243167 10666.489999999803 
-43.1318125817047 75.33041160243167 10674.822999999804 
-43.1318125817047 75.33041160243167 10683.155999999803 
-43.1318125817047 75.33041160243167 10691.488999999801 
-43.1318125817047 75.33041160243167 10699.821999999802 
-43.1318125817047 75.33041160243167 10708.154999999802 
-43.1318125817047 75.33041160243167 10716.487999999801 
-43.1318125817047 75.33041160243167 10724.8209999998 
-43.1318125817047 75.33041160243167 10733.1539999998 
-43.1318125817047 75.33041160243167 10741.4869999998 
-43.1318125817047 75.33041160243167 10749.8199999998 
-43.1318125817047 75.33041160243167 10758.152999999798 
-43.1318125817047 75.33041160243167 10766.485999999799 
-43.1318125817047 75.33041160243167 10774.8189999998 
-43.1318125817047 75.33041160243167 10783.151999999798 
-43.1318125817047 75.33041160243167 10791.484999999797 
-43.1318125817047 75.33041160243167 10799.817999999797 
-43.1318125817047 75.33041160243167 10808.150999999798 
-43.1318125817047 75.33041160243167 10816.483999999797 
-43.1318125817047 75.33041160243167 10824.816999999795 
-43.1318125817047 75.33041160243167 10833.149999999796 
-43.1318125817047 75.33041160243167 10841.482999999796 
-43.1318125817047 75.33041160243167 10849.815999999795 
-43.1318125817047 75.33041160243167 10858.148999999794 
-43.1318125817047 75.33041160243167 10866.481999999794 
-43.1318125817047 75.33041160243167 10874.814999999795 
-43.1318125817047 75.33041160243167 10883.147999999794 
-43.1318125817047 75.33041160243167 10891.480999999792 
-43.1318125817047 75.33041160243167 10899.813999999793 
-43.1318125817047 75.33041160243167 10908.146999999793 
-43.1318125817047 75.33041160243167 10916.479999999792 
-43.1318125817047 75.33041160243167 10924.812999999791 
-43.1318125817047 75.33041160243167 10933.145999999791 
-43.1318125817047 75.33041160243167 10941.478999999792 
-43.1318125817047 75.33041160243167 10949.81199999979 
-43.1318125817047 75.33041160243167 10958.14499999979 
-43.1318125817047 75.33041160243167 10966.47799999979 
-43.1318125817047 75.33041160243167 10974.81099999979 
-43.1318125817047 75.33041160243167 10983.14399999979 
-43.1318125817047 75.33041160243167 10991.476999999788 
-43.1318125817047 75.33041160243167 10999.809999999788 
-43.1318125817047 75.33041160243167 11008.142999999789 
-43.1318125817047 75.33041160243167 11016.475999999788 
-43.1318125817047 75.33041160243167 11024.808999999786 
-43.1318125817047 75.33041160243167 11033.141999999787 
-43.1318125817047 75.33041160243167 11041.474999999788 
-43.1318125817047 75.33041160243167 11049.807999999786 
-43.1318125817047 75.33041160243167 11058.140999999785 
-43.1318125817047 75.33041160243167 11066.473999999786 
-43.1318125817047 75.33041160243167 11074.806999999786 
-43.1318125817047 75.33041160243167 11083.139999999785 
-43.1318125817047 75.33041160243167 11091.472999999783 
-43.1318125817047 75.33041160243167 11099.805999999784 
-43.1318125817047 75.33041160243167 11108.138999999785 
-43.1318125817047 75.33041160243167 11116.471999999783 
-43.1318125817047 75.33041160243167 11124.804999999782 
-43.1318125817047 75.33041160243167 11133.137999999783 
-43.1318125817047 75.33041160243167 11141.470999999783 
-43.1318125817047 75.33041160243167 11149.803999999782 
-43.1318125817047 75.33041160243167 11158.13699999978 
-43.1318125817047 75.33041160243167 11166.469999999781 
-43.1318125817047 75.33041160243167 11174.802999999782 
-43.1318125817047 75.33041160243167 11183.13599999978 
-43.1318125817047 75.33041160243167 11191.468999999779 
-43.1318125817047 75.33041160243167 11199.80199999978 
-43.1318125817047 75.33041160243167 11208.13499999978 
-43.1318125817047 75.33041160243167 11216.467999999779 
-43.1318125817047 75.33041160243167 11224.800999999778 
-43.1318125817047 75.33041160243167 11233.133999999778 
-43.1318125817047 75.33041160243167 11241.466999999779 
-43.1318125817047 75.33041160243167 11249.799999999777 
-43.1318125817047 75.33041160243167 11258.132999999776 
-43.1318125817047 75.33041160243167 11266.465999999777 
-43.1318125817047 75.33041160243167 11274.798999999777 
-43.1318125817047 75.33041160243167 11283.131999999776 
-43.1318125817047 75.33041160243167 11291.464999999775 
-43.1318125817047 75.33041160243167 11299.797999999775 
-43.1318125817047 75.33041160243167 11308.130999999776 
-43.1318125817047 75.33041160243167 11316.463999999774 
-43.1318125817047 75.33041160243167 11324.796999999773 
-43.1318125817047 75.33041160243167 11333.129999999774 
-43.1318125817047 75.33041160243167 11341.462999999774 
-43.1318125817047 75.33041160243167 11349.795999999773 
-43.1318125817047 75.33041160243167 11358.128999999772 
-43.1318125817047 75.33041160243167 11366.461999999772 
-43.1318125817047 75.33041160243167 11374.794999999773 
-43.1318125817047 75.33041160243167 11383.127999999771 
-43.1318125817047 75.33041160243167 11391.46099999977 
-43.1318125817047 75.33041160243167 11399.79399999977 
-43.1318125817047 75.33041160243167 11408.126999999771 
-43.1318125817047 75.33041160243167 11416.45999999977 
-43.1318125817047 75.33041160243167 11424.792999999769 
-43.1318125817047 75.33041160243167 11433.12599999977 
-43.1318125817047 75.33041160243167 11441.45899999977 
-43.1318125817047 75.33041160243167 11449.791999999768 
-43.1318125817047 75.33041160243167 11458.124999999767 
-43.1318125817047 75.33041160243167 11466.457999999768 
-43.1318125817047 75.33041160243167 11474.790999999768 
-43.1318125817047 75.33041160243167 11483.123999999767 
-43.1318125817047 75.33041160243167 11491.456999999766 
-43.1318125817047 75.33041160243167 11499.789999999766 
-43.1318125817047 75.33041160243167 11508.122999999767 
-43.1318125817047 75.33041160243167 11516.455999999765 
-43.1318125817047 75.33041160243167 11524.788999999764 
-43.1318125817047 75.33041160243167 11533.121999999765 
-43.1318125817047 75.33041160243167 11541.454999999765 
-43.1318125817047 75.33041160243167 11549.787999999764 
-43.1318125817047 75.33041160243167 11558.120999999763 
-43.1318125817047 75.33041160243167 11566.453999999763 
-43.1318125817047 75.33041160243167 11574.786999999764 
-43.1318125817047 75.33041160243167 11583.119999999763 
-43.1318125817047 75.33041160243167 11591.452999999761 
-43.1318125817047 75.33041160243167 11599.785999999762 
-43.1318125817047 75.33041160243167 11608.118999999762 
-43.1318125817047 75.33041160243167 11616.451999999761 
-43.1318125817047 75.33041160243167 11624.78499999976 
-43.1318125817047 75.33041160243167 11633.11799999976 
-43.1318125817047 75.33041160243167 11641.45099999976 
-43.1318125817047 75.33041160243167 11649.78399999976 
-43.1318125817047 75.33041160243167 11658.116999999758 
-43.1318125817047 75.33041160243167 11666.449999999759 
-43.1318125817047 75.33041160243167 11674.78299999976 
-43.1318125817047 75.33041160243167 11683.115999999758 
-43.1318125817047 75.33041160243167 11691.448999999757 
-43.1318125817047 75.33041160243167 11699.781999999757 
-43.1318125817047 75.33041160243167 11708.114999999758 
-43.1318125817047 75.33041160243167 11716.447999999757 
-43.1318125817047 75.33041160243167 11724.780999999755 
-43.1318125817047 75.33041160243167 11733.113999999756 
-43.1318125817047 75.33041160243167 11741.446999999756 
-43.1318125817047 75.33041160243167 11749.779999999755 
-43.1318125817047 75.33041160243167 11758.112999999754 
-43.1318125817047 75.33041160243167 11766.445999999754 
-43.1318125817047 75.33041160243167 11774.778999999755 
-43.1318125817047 75.33041160243167 11783.111999999754 
-43.1318125817047 75.33041160243167 11791.444999999752 
-43.1318125817047 75.33041160243167 11799.777999999753 
-43.1318125817047 75.33041160243167 11808.110999999753 
-43.1318125817047 75.33041160243167 11816.443999999752 
-43.1318125817047 75.33041160243167 11824.77699999975 
-43.1318125817047 75.33041160243167 11833.109999999751 
-43.1318125817047 75.33041160243167 11841.442999999752 
-43.1318125817047 75.33041160243167 11849.77599999975 
-43.1318125817047 75.33041160243167 11858.10899999975 
-43.1318125817047 75.33041160243167 11866.44199999975 
-43.1318125817047 75.33041160243167 11874.77499999975 
-43.1318125817047 75.33041160243167 11883.10799999975 
-43.1318125817047 75.33041160243167 11891.440999999748 
-43.1318125817047 75.33041160243167 11899.773999999748 
-43.1318125817047 75.33041160243167 11908.106999999749 
-43.1318125817047 75.33041160243167 11916.439999999748 
-43.1318125817047 75.33041160243167 11924.772999999746 
-43.1318125817047 75.33041160243167 11933.105999999747 
-43.1318125817047 75.33041160243167 11941.438999999747 
-43.1318125817047 75.33041160243167 11949.771999999746 
-43.1318125817047 75.33041160243167 11958.104999999745 
-43.1318125817047 75.33041160243167 11966.437999999745 
-43.1318125817047 75.33041160243167 11974.770999999746 
-43.1318125817047 75.33041160243167 11983.103999999745 
-43.1318125817047 75.33041160243167 11991.436999999743 
-43.1318125817047 75.33041160243167 11999.769999999744 
-43.1318125817047 75.33041160243167 12008.102999999744 
-43.1318125817047 75.33041160243167 12016.435999999743 
-43.1318125817047 75.33041160243167 12024.768999999742 
-43.1318125817047 75.33041160243167 12033.101999999742 
-43.1318125817047 75.33041160243167 12041.434999999743 
-43.1318125817047 75.33041160243167 12049.767999999742 
-43.1318125817047 75.33041160243167 12058.10099999974 
-43.1318125817047 75.33041160243167 12066.433999999741 
-43.1318125817047 75.33041160243167 12074.766999999742 
-43.1318125817047 75.33041160243167 12083.09999999974 
-43.1318125817047 75.33041160243167 12091.432999999739 
-43.1318125817047 75.33041160243167 12099.76599999974 
-43.1318125817047 75.33041160243167 12108.09899999974 
-43.1318125817047 75.33041160243167 12116.431999999739 
-43.1318125817047 75.33041160243167 12124.764999999737 
-43.1318125817047 75.33041160243167 12133.097999999738 
-43.1318125817047 75.33041160243167 12141.430999999739 
-43.1318125817047 75.33041160243167 12149.763999999737 
-43.1318125817047 75.33041160243167 12158.096999999736 
-43.1318125817047 75.33041160243167 12166.429999999737 
-43.1318125817047 75.33041160243167 12174.762999999737 
-43.1318125817047 75.33041160243167 12183.095999999736 
-43.1318125817047 75.33041160243167 12191.428999999735 
-43.1318125817047 75.33041160243167 12199.761999999735 
-43.1318125817047 75.33041160243167 12208.094999999736 
-43.1318125817047 75.33041160243167 12216.427999999734 
-43.1318125817047 75.33041160243167 12224.760999999733 
-43.1318125817047 75.33041160243167 12233.093999999734 
-43.1318125817047 75.33041160243167 12241.426999999734 
-43.1318125817047 75.33041160243167 12249.759999999733 
-43.1318125817047 75.33041160243167 12258.092999999732 
-43.1318125817047 75.33041160243167 12266.425999999732 
-43.1318125817047 75.33041160243167 12274.758999999733 
-43.1318125817047 75.33041160243167 12283.091999999731 
-43.1318125817047 75.33041160243167 12291.42499999973 
-43.1318125817047 75.33041160243167 12299.75799999973 
-43.1318125817047 75.33041160243167 12308.090999999731 
-43.1318125817047 75.33041160243167 12316.42399999973 
-43.1318125817047 75.33041160243167 12324.756999999729 
-43.1318125817047 75.33041160243167 12333.08999999973 
-43.1318125817047 75.33041160243167 12341.42299999973 
-43.1318125817047 75.33041160243167 12349.755999999728 
-43.1318125817047 75.33041160243167 12358.088999999727 
-43.1318125817047 75.33041160243167 12366.421999999728 
-43.1318125817047 75.33041160243167 12374.754999999728 
-43.1318125817047 75.33041160243167 12383.087999999727 
-43.1318125817047 75.33041160243167 12391.420999999726 
-43.1318125817047 75.33041160243167 12399.753999999726 
-43.1318125817047 75.33041160243167 12408.086999999727 
-43.1318125817047 75.33041160243167 12416.419999999725 
-43.1318125817047 75.33041160243167 12424.752999999724 
-43.1318125817047 75.33041160243167 12433.085999999725 
-43.1318125817047 75.33041160243167 12441.418999999725 
-43.1318125817047 75.33041160243167 12449.751999999724 
-43.1318125817047 75.33041160243167 12458.084999999723 
-43.1318125817047 75.33041160243167 12466.417999999723 
-43.1318125817047 75.33041160243167 12474.750999999724 
-43.1318125817047 75.33041160243167 12483.083999999722 
-43.1318125817047 75.33041160243167 12491.416999999721 
-43.1318125817047 75.33041160243167 12499.749999999722 
