1501 
-58.755018186887696 -0.00876519270495962 0.2500000002783054 
-58.755018186887696 -0.00876519270495962 8.583000000278844 
-58.755018186887696 -0.00876519270495962 16.916000000277563 
-58.755018186887696 -0.00876519270495962 25.249000000276283 
-58.755018186887696 -0.00876519270495962 33.58200000027682 
-58.755018186887696 -0.00876519270495962 41.91500000027736 
-58.755018186887696 -0.00876519270495962 50.24800000027608 
-58.755018186887696 -0.00876519270495962 58.5810000002748 
-58.755018186887696 -0.00876519270495962 66.91400000027534 
-58.755018186887696 -0.00876519270495962 75.24700000027588 
-58.755018186887696 -0.00876519270495962 83.5800000002746 
-58.755018186887696 -0.00876519270495962 91.91300000027331 
-58.755018186887696 -0.00876519270495962 100.24600000027385 
-58.755018186887696 -0.00876519270495962 108.57900000027439 
-58.755018186887696 -0.00876519270495962 116.91200000027311 
-58.755018186887696 -0.00876519270495962 125.24500000027183 
-58.755018186887696 -0.00876519270495962 133.57800000027237 
-58.755018186887696 -0.00876519270495962 141.9110000002729 
-58.755018186887696 -0.00876519270495962 150.24400000027163 
-58.755018186887696 -0.00876519270495962 158.57700000027035 
-58.755018186887696 -0.00876519270495962 166.91000000027088 
-58.755018186887696 -0.00876519270495962 175.24300000027142 
-58.755018186887696 -0.00876519270495962 183.57600000027014 
-58.755018186887696 -0.00876519270495962 191.90900000026886 
-58.755018186887696 -0.00876519270495962 200.2420000002694 
-58.755018186887696 -0.00876519270495962 208.57500000026994 
-58.755018186887696 -0.00876519270495962 216.90800000026866 
-58.755018186887696 -0.00876519270495962 225.24100000026738 
-58.755018186887696 -0.00876519270495962 233.57400000026792 
-58.755018186887696 -0.00876519270495962 241.90700000026845 
-58.755018186887696 -0.00876519270495962 250.24000000026717 
-58.755018186887696 -0.00876519270495962 258.5730000002659 
-58.755018186887696 -0.00876519270495962 266.90600000026643 
-58.755018186887696 -0.00876519270495962 275.23900000026697 
-58.755018186887696 -0.00876519270495962 283.5720000002657 
-58.755018186887696 -0.00876519270495962 291.9050000002644 
-58.755018186887696 -0.00876519270495962 300.23800000026495 
-58.755018186887696 -0.00876519270495962 308.5710000002655 
-58.755018186887696 -0.00876519270495962 316.9040000002642 
-58.755018186887696 -0.00876519270495962 325.2370000002629 
-58.755018186887696 -0.00876519270495962 333.57000000026346 
-58.755018186887696 -0.00876519270495962 341.903000000264 
-58.755018186887696 -0.00876519270495962 350.2360000002627 
-58.755018186887696 -0.00876519270495962 358.56900000026144 
-58.755018186887696 -0.00876519270495962 366.902000000262 
-58.755018186887696 -0.00876519270495962 375.2350000002625 
-58.755018186887696 -0.00876519270495962 383.56800000026124 
-58.755018186887696 -0.00876519270495962 391.90100000025996 
-58.755018186887696 -0.00876519270495962 400.2340000002605 
-58.755018186887696 -0.00876519270495962 408.56700000026103 
-58.755018186887696 -0.00876519270495962 416.90000000025975 
-58.755018186887696 -0.00876519270495962 425.23300000025847 
-58.755018186887696 -0.00876519270495962 433.566000000259 
-58.755018186887696 -0.00876519270495962 441.89900000025955 
-58.755018186887696 -0.00876519270495962 450.23200000025827 
-58.755018186887696 -0.00876519270495962 458.565000000257 
-58.755018186887696 -0.00876519270495962 466.8980000002575 
-58.755018186887696 -0.00876519270495962 475.23100000025806 
-58.755018186887696 -0.00876519270495962 483.5640000002568 
-58.755018186887696 -0.00876519270495962 491.8970000002555 
-58.755018186887696 -0.00876519270495962 500.23000000025604 
-58.755018186887696 -0.00876519270495962 508.5630000002566 
-58.755018186887696 -0.00876519270495962 516.8960000002553 
-58.755018186887696 -0.00876519270495962 525.229000000254 
-58.755018186887696 -0.00876519270495962 533.5620000002546 
-58.755018186887696 -0.00876519270495962 541.8950000002551 
-58.755018186887696 -0.00876519270495962 550.2280000002538 
-58.755018186887696 -0.00876519270495962 558.5610000002525 
-58.755018186887696 -0.00876519270495962 566.8940000002531 
-58.755018186887696 -0.00876519270495962 575.2270000002536 
-58.755018186887696 -0.00876519270495962 583.5600000002523 
-58.755018186887696 -0.00876519270495962 591.893000000251 
-58.755018186887696 -0.00876519270495962 600.2260000002516 
-58.755018186887696 -0.00876519270495962 608.5590000002521 
-58.755018186887696 -0.00876519270495962 616.8920000002508 
-58.755018186887696 -0.00876519270495962 625.2250000002496 
-58.755018186887696 -0.00876519270495962 633.5580000002501 
-58.755018186887696 -0.00876519270495962 641.8910000002506 
-58.755018186887696 -0.00876519270495962 650.2240000002494 
-58.755018186887696 -0.00876519270495962 658.5570000002481 
-58.755018186887696 -0.00876519270495962 666.8900000002486 
-58.755018186887696 -0.00876519270495962 675.2230000002492 
-58.755018186887696 -0.00876519270495962 683.5560000002479 
-58.755018186887696 -0.00876519270495962 691.8890000002466 
-58.755018186887696 -0.00876519270495962 700.2220000002471 
-58.755018186887696 -0.00876519270495962 708.5550000002477 
-58.755018186887696 -0.00876519270495962 716.8880000002464 
-58.755018186887696 -0.00876519270495962 725.2210000002451 
-58.755018186887696 -0.00876519270495962 733.5540000002457 
-58.755018186887696 -0.00876519270495962 741.8870000002462 
-58.755018186887696 -0.00876519270495962 750.2200000002449 
-58.755018186887696 -0.00876519270495962 758.5530000002436 
-58.755018186887696 -0.00876519270495962 766.8860000002442 
-58.755018186887696 -0.00876519270495962 775.2190000002447 
-58.755018186887696 -0.00876519270495962 783.5520000002434 
-58.755018186887696 -0.00876519270495962 791.8850000002421 
-58.755018186887696 -0.00876519270495962 800.2180000002427 
-58.755018186887696 -0.00876519270495962 808.5510000002432 
-58.755018186887696 -0.00876519270495962 816.8840000002419 
-58.755018186887696 -0.00876519270495962 825.2170000002407 
-58.755018186887696 -0.00876519270495962 833.5500000002412 
-58.755018186887696 -0.00876519270495962 841.8830000002417 
-58.755018186887696 -0.00876519270495962 850.2160000002405 
-58.755018186887696 -0.00876519270495962 858.5490000002392 
-58.755018186887696 -0.00876519270495962 866.8820000002397 
-58.755018186887696 -0.00876519270495962 875.2150000002403 
-58.755018186887696 -0.00876519270495962 883.548000000239 
-58.755018186887696 -0.00876519270495962 891.8810000002377 
-58.755018186887696 -0.00876519270495962 900.2140000002382 
-58.755018186887696 -0.00876519270495962 908.5470000002388 
-58.755018186887696 -0.00876519270495962 916.8800000002375 
-58.755018186887696 -0.00876519270495962 925.2130000002362 
-58.755018186887696 -0.00876519270495962 933.5460000002367 
-58.755018186887696 -0.00876519270495962 941.8790000002373 
-58.755018186887696 -0.00876519270495962 950.212000000236 
-58.755018186887696 -0.00876519270495962 958.5450000002347 
-58.755018186887696 -0.00876519270495962 966.8780000002353 
-58.755018186887696 -0.00876519270495962 975.2110000002358 
-58.755018186887696 -0.00876519270495962 983.5440000002345 
-58.755018186887696 -0.00876519270495962 991.8770000002332 
-58.755018186887696 -0.00876519270495962 1000.2100000002338 
-58.755018186887696 -0.00876519270495962 1008.5430000002343 
-58.755018186887696 -0.00876519270495962 1016.876000000233 
-58.755018186887696 -0.00876519270495962 1025.2090000002318 
-58.755018186887696 -0.00876519270495962 1033.5420000002323 
-58.755018186887696 -0.00876519270495962 1041.8750000002328 
-58.755018186887696 -0.00876519270495962 1050.2080000002316 
-58.755018186887696 -0.00876519270495962 1058.5410000002303 
-58.755018186887696 -0.00876519270495962 1066.8740000002308 
-58.755018186887696 -0.00876519270495962 1075.2070000002313 
-58.755018186887696 -0.00876519270495962 1083.54000000023 
-58.755018186887696 -0.00876519270495962 1091.8730000002288 
-58.755018186887696 -0.00876519270495962 1100.2060000002293 
-58.755018186887696 -0.00876519270495962 1108.5390000002299 
-58.755018186887696 -0.00876519270495962 1116.8720000002286 
-58.755018186887696 -0.00876519270495962 1125.2050000002273 
-58.755018186887696 -0.00876519270495962 1133.5380000002278 
-58.755018186887696 -0.00876519270495962 1141.8710000002284 
-58.755018186887696 -0.00876519270495962 1150.204000000227 
-58.755018186887696 -0.00876519270495962 1158.5370000002258 
-58.755018186887696 -0.00876519270495962 1166.8700000002264 
-58.755018186887696 -0.00876519270495962 1175.203000000227 
-58.755018186887696 -0.00876519270495962 1183.5360000002256 
-58.755018186887696 -0.00876519270495962 1191.8690000002243 
-58.755018186887696 -0.00876519270495962 1200.2020000002249 
-58.755018186887696 -0.00876519270495962 1208.5350000002254 
-58.755018186887696 -0.00876519270495962 1216.8680000002241 
-58.755018186887696 -0.00876519270495962 1225.2010000002228 
-58.755018186887696 -0.00876519270495962 1233.5340000002234 
-58.755018186887696 -0.00876519270495962 1241.867000000224 
-58.755018186887696 -0.00876519270495962 1250.2000000002226 
-58.755018186887696 -0.00876519270495962 1258.5330000002214 
-58.755018186887696 -0.00876519270495962 1266.866000000222 
-58.755018186887696 -0.00876519270495962 1275.1990000002224 
-58.755018186887696 -0.00876519270495962 1283.5320000002212 
-58.755018186887696 -0.00876519270495962 1291.8650000002199 
-58.755018186887696 -0.00876519270495962 1300.1980000002204 
-58.755018186887696 -0.00876519270495962 1308.531000000221 
-58.755018186887696 -0.00876519270495962 1316.8640000002197 
-58.755018186887696 -0.00876519270495962 1325.1970000002184 
-58.755018186887696 -0.00876519270495962 1333.530000000219 
-58.755018186887696 -0.00876519270495962 1341.8630000002195 
-58.755018186887696 -0.00876519270495962 1350.1960000002182 
-58.755018186887696 -0.00876519270495962 1358.529000000217 
-58.755018186887696 -0.00876519270495962 1366.8620000002174 
-58.755018186887696 -0.00876519270495962 1375.195000000218 
-58.755018186887696 -0.00876519270495962 1383.5280000002167 
-58.755018186887696 -0.00876519270495962 1391.8610000002154 
-58.755018186887696 -0.00876519270495962 1400.194000000216 
-58.755018186887696 -0.00876519270495962 1408.5270000002165 
-58.755018186887696 -0.00876519270495962 1416.8600000002152 
-58.755018186887696 -0.00876519270495962 1425.193000000214 
-58.755018186887696 -0.00876519270495962 1433.5260000002145 
-58.755018186887696 -0.00876519270495962 1441.859000000215 
-58.755018186887696 -0.00876519270495962 1450.1920000002137 
-58.755018186887696 -0.00876519270495962 1458.5250000002125 
-58.755018186887696 -0.00876519270495962 1466.858000000213 
-58.755018186887696 -0.00876519270495962 1475.1910000002135 
-58.755018186887696 -0.00876519270495962 1483.5240000002123 
-58.755018186887696 -0.00876519270495962 1491.857000000211 
-58.755018186887696 -0.00876519270495962 1500.1900000002115 
-58.755018186887696 -0.00876519270495962 1508.523000000212 
-58.755018186887696 -0.00876519270495962 1516.8560000002108 
-58.755018186887696 -0.00876519270495962 1525.1890000002095 
-58.755018186887696 -0.00876519270495962 1533.52200000021 
-58.755018186887696 -0.00876519270495962 1541.8550000002106 
-58.755018186887696 -0.00876519270495962 1550.1880000002093 
-58.755018186887696 -0.00876519270495962 1558.521000000208 
-58.755018186887696 -0.00876519270495962 1566.8540000002085 
-58.755018186887696 -0.00876519270495962 1575.187000000209 
-58.755018186887696 -0.00876519270495962 1583.5200000002078 
-58.755018186887696 -0.00876519270495962 1591.8530000002065 
-58.755018186887696 -0.00876519270495962 1600.186000000207 
-58.755018186887696 -0.00876519270495962 1608.5190000002076 
-58.755018186887696 -0.00876519270495962 1616.8520000002063 
-58.755018186887696 -0.00876519270495962 1625.185000000205 
-58.755018186887696 -0.00876519270495962 1633.5180000002056 
-58.755018186887696 -0.00876519270495962 1641.851000000206 
-58.755018186887696 -0.00876519270495962 1650.1840000002048 
-58.755018186887696 -0.00876519270495962 1658.5170000002036 
-58.755018186887696 -0.00876519270495962 1666.850000000204 
-58.755018186887696 -0.00876519270495962 1675.1830000002046 
-58.755018186887696 -0.00876519270495962 1683.5160000002033 
-58.755018186887696 -0.00876519270495962 1691.849000000202 
-58.755018186887696 -0.00876519270495962 1700.1820000002026 
-58.755018186887696 -0.00876519270495962 1708.5150000002031 
-58.755018186887696 -0.00876519270495962 1716.8480000002019 
-58.755018186887696 -0.00876519270495962 1725.1810000002006 
-58.755018186887696 -0.00876519270495962 1733.5140000002011 
-58.755018186887696 -0.00876519270495962 1741.8470000002017 
-58.755018186887696 -0.00876519270495962 1750.1800000002004 
-58.755018186887696 -0.00876519270495962 1758.513000000199 
-58.755018186887696 -0.00876519270495962 1766.8460000001996 
-58.755018186887696 -0.00876519270495962 1775.1790000002002 
-58.755018186887696 -0.00876519270495962 1783.512000000199 
-58.755018186887696 -0.00876519270495962 1791.8450000001976 
-58.755018186887696 -0.00876519270495962 1800.1780000001982 
-58.755018186887696 -0.00876519270495962 1808.5110000001987 
-58.755018186887696 -0.00876519270495962 1816.8440000001974 
-58.755018186887696 -0.00876519270495962 1825.1770000001961 
-58.755018186887696 -0.00876519270495962 1833.5100000001967 
-58.755018186887696 -0.00876519270495962 1841.8430000001972 
-58.755018186887696 -0.00876519270495962 1850.176000000196 
-58.755018186887696 -0.00876519270495962 1858.5090000001946 
-58.755018186887696 -0.00876519270495962 1866.8420000001952 
-58.755018186887696 -0.00876519270495962 1875.1750000001957 
-58.755018186887696 -0.00876519270495962 1883.5080000001944 
-58.755018186887696 -0.00876519270495962 1891.8410000001932 
-58.755018186887696 -0.00876519270495962 1900.1740000001937 
-58.755018186887696 -0.00876519270495962 1908.5070000001942 
-58.755018186887696 -0.00876519270495962 1916.840000000193 
-58.755018186887696 -0.00876519270495962 1925.1730000001917 
-58.755018186887696 -0.00876519270495962 1933.5060000001922 
-58.755018186887696 -0.00876519270495962 1941.8390000001928 
-58.755018186887696 -0.00876519270495962 1950.1720000001915 
-58.755018186887696 -0.00876519270495962 1958.5050000001902 
-58.755018186887696 -0.00876519270495962 1966.8380000001907 
-58.755018186887696 -0.00876519270495962 1975.1710000001913 
-58.755018186887696 -0.00876519270495962 1983.50400000019 
-58.755018186887696 -0.00876519270495962 1991.8370000001887 
-58.755018186887696 -0.00876519270495962 2000.1700000001892 
-58.755018186887696 -0.00876519270495962 2008.5030000001898 
-58.755018186887696 -0.00876519270495962 2016.8360000001885 
-58.755018186887696 -0.00876519270495962 2025.1690000001872 
-58.755018186887696 -0.00876519270495962 2033.5020000001878 
-58.755018186887696 -0.00876519270495962 2041.8350000001883 
-58.755018186887696 -0.00876519270495962 2050.168000000187 
-58.755018186887696 -0.00876519270495962 2058.5010000001857 
-58.755018186887696 -0.00876519270495962 2066.8340000001863 
-58.755018186887696 -0.00876519270495962 2075.167000000187 
-58.755018186887696 -0.00876519270495962 2083.5000000001855 
-58.755018186887696 -0.00876519270495962 2091.8330000001843 
-58.755018186887696 -0.00876519270495962 2100.166000000185 
-58.755018186887696 -0.00876519270495962 2108.4990000001853 
-58.755018186887696 -0.00876519270495962 2116.832000000184 
-58.755018186887696 -0.00876519270495962 2125.1650000001828 
-58.755018186887696 -0.00876519270495962 2133.4980000001833 
-58.755018186887696 -0.00876519270495962 2141.831000000184 
-58.755018186887696 -0.00876519270495962 2150.1640000001826 
-58.755018186887696 -0.00876519270495962 2158.4970000001813 
-58.755018186887696 -0.00876519270495962 2166.830000000182 
-58.755018186887696 -0.00876519270495962 2175.1630000001824 
-58.755018186887696 -0.00876519270495962 2183.496000000181 
-58.755018186887696 -0.00876519270495962 2191.82900000018 
-58.755018186887696 -0.00876519270495962 2200.1620000001803 
-58.755018186887696 -0.00876519270495962 2208.495000000181 
-58.755018186887696 -0.00876519270495962 2216.8280000001796 
-58.755018186887696 -0.00876519270495962 2225.1610000001783 
-58.755018186887696 -0.00876519270495962 2233.494000000179 
-58.755018186887696 -0.00876519270495962 2241.8270000001794 
-58.755018186887696 -0.00876519270495962 2250.160000000178 
-58.755018186887696 -0.00876519270495962 2258.493000000177 
-58.755018186887696 -0.00876519270495962 2266.8260000001774 
-58.755018186887696 -0.00876519270495962 2275.159000000178 
-58.755018186887696 -0.00876519270495962 2283.4920000001766 
-58.755018186887696 -0.00876519270495962 2291.8250000001754 
-58.755018186887696 -0.00876519270495962 2300.158000000176 
-58.755018186887696 -0.00876519270495962 2308.4910000001764 
-58.755018186887696 -0.00876519270495962 2316.824000000175 
-58.755018186887696 -0.00876519270495962 2325.157000000174 
-58.755018186887696 -0.00876519270495962 2333.4900000001744 
-58.755018186887696 -0.00876519270495962 2341.823000000175 
-58.755018186887696 -0.00876519270495962 2350.1560000001737 
-58.755018186887696 -0.00876519270495962 2358.4890000001724 
-58.755018186887696 -0.00876519270495962 2366.822000000173 
-58.755018186887696 -0.00876519270495962 2375.1550000001735 
-58.755018186887696 -0.00876519270495962 2383.488000000172 
-58.755018186887696 -0.00876519270495962 2391.821000000171 
-58.755018186887696 -0.00876519270495962 2400.1540000001714 
-58.755018186887696 -0.00876519270495962 2408.487000000172 
-58.755018186887696 -0.00876519270495962 2416.8200000001707 
-58.755018186887696 -0.00876519270495962 2425.1530000001694 
-58.755018186887696 -0.00876519270495962 2433.48600000017 
-58.755018186887696 -0.00876519270495962 2441.8190000001705 
-58.755018186887696 -0.00876519270495962 2450.152000000169 
-58.755018186887696 -0.00876519270495962 2458.485000000168 
-58.755018186887696 -0.00876519270495962 2466.8180000001685 
-58.755018186887696 -0.00876519270495962 2475.151000000169 
-58.755018186887696 -0.00876519270495962 2483.4840000001677 
-58.755018186887696 -0.00876519270495962 2491.8170000001664 
-58.755018186887696 -0.00876519270495962 2500.150000000167 
-58.755018186887696 -0.00876519270495962 2508.4830000001675 
-58.755018186887696 -0.00876519270495962 2516.8160000001662 
-58.755018186887696 -0.00876519270495962 2525.149000000165 
-58.755018186887696 -0.00876519270495962 2533.4820000001655 
-58.755018186887696 -0.00876519270495962 2541.815000000166 
-58.755018186887696 -0.00876519270495962 2550.1480000001648 
-58.755018186887696 -0.00876519270495962 2558.4810000001635 
-58.755018186887696 -0.00876519270495962 2566.814000000164 
-58.755018186887696 -0.00876519270495962 2575.1470000001646 
-58.755018186887696 -0.00876519270495962 2583.4800000001633 
-58.755018186887696 -0.00876519270495962 2591.813000000162 
-58.755018186887696 -0.00876519270495962 2600.1460000001625 
-58.755018186887696 -0.00876519270495962 2608.479000000163 
-58.755018186887696 -0.00876519270495962 2616.812000000162 
-58.755018186887696 -0.00876519270495962 2625.1450000001605 
-58.755018186887696 -0.00876519270495962 2633.478000000161 
-58.755018186887696 -0.00876519270495962 2641.8110000001616 
-58.755018186887696 -0.00876519270495962 2650.1440000001603 
-58.755018186887696 -0.00876519270495962 2658.477000000159 
-58.755018186887696 -0.00876519270495962 2666.8100000001596 
-58.755018186887696 -0.00876519270495962 2675.14300000016 
-58.755018186887696 -0.00876519270495962 2683.476000000159 
-58.755018186887696 -0.00876519270495962 2691.8090000001575 
-58.755018186887696 -0.00876519270495962 2700.142000000158 
-58.755018186887696 -0.00876519270495962 2708.4750000001586 
-58.755018186887696 -0.00876519270495962 2716.8080000001573 
-58.755018186887696 -0.00876519270495962 2725.141000000156 
-58.755018186887696 -0.00876519270495962 2733.4740000001566 
-58.755018186887696 -0.00876519270495962 2741.807000000157 
-58.755018186887696 -0.00876519270495962 2750.140000000156 
-58.755018186887696 -0.00876519270495962 2758.4730000001546 
-58.755018186887696 -0.00876519270495962 2766.806000000155 
-58.755018186887696 -0.00876519270495962 2775.1390000001556 
-58.755018186887696 -0.00876519270495962 2783.4720000001544 
-58.755018186887696 -0.00876519270495962 2791.805000000153 
-58.755018186887696 -0.00876519270495962 2800.1380000001536 
-58.755018186887696 -0.00876519270495962 2808.471000000154 
-58.755018186887696 -0.00876519270495962 2816.804000000153 
-58.755018186887696 -0.00876519270495962 2825.1370000001516 
-58.755018186887696 -0.00876519270495962 2833.470000000152 
-58.755018186887696 -0.00876519270495962 2841.8030000001527 
-58.755018186887696 -0.00876519270495962 2850.1360000001514 
-58.755018186887696 -0.00876519270495962 2858.46900000015 
-58.755018186887696 -0.00876519270495962 2866.8020000001507 
-58.755018186887696 -0.00876519270495962 2875.135000000151 
-58.755018186887696 -0.00876519270495962 2883.46800000015 
-58.755018186887696 -0.00876519270495962 2891.8010000001486 
-58.755018186887696 -0.00876519270495962 2900.134000000149 
-58.755018186887696 -0.00876519270495962 2908.4670000001497 
-58.755018186887696 -0.00876519270495962 2916.8000000001484 
-58.755018186887696 -0.00876519270495962 2925.133000000147 
-58.755018186887696 -0.00876519270495962 2933.4660000001477 
-58.755018186887696 -0.00876519270495962 2941.799000000148 
-58.755018186887696 -0.00876519270495962 2950.132000000147 
-58.755018186887696 -0.00876519270495962 2958.4650000001457 
-58.755018186887696 -0.00876519270495962 2966.798000000146 
-58.755018186887696 -0.00876519270495962 2975.1310000001467 
-58.755018186887696 -0.00876519270495962 2983.4640000001455 
-58.755018186887696 -0.00876519270495962 2991.797000000144 
-58.755018186887696 -0.00876519270495962 3000.1300000001447 
-58.755018186887696 -0.00876519270495962 3008.4630000001453 
-58.755018186887696 -0.00876519270495962 3016.796000000144 
-58.755018186887696 -0.00876519270495962 3025.1290000001427 
-58.755018186887696 -0.00876519270495962 3033.4620000001432 
-58.755018186887696 -0.00876519270495962 3041.795000000144 
-58.755018186887696 -0.00876519270495962 3050.1280000001425 
-58.755018186887696 -0.00876519270495962 3058.461000000141 
-58.755018186887696 -0.00876519270495962 3066.7940000001418 
-58.755018186887696 -0.00876519270495962 3075.1270000001423 
-58.755018186887696 -0.00876519270495962 3083.460000000141 
-58.755018186887696 -0.00876519270495962 3091.7930000001397 
-58.755018186887696 -0.00876519270495962 3100.1260000001403 
-58.755018186887696 -0.00876519270495962 3108.459000000141 
-58.755018186887696 -0.00876519270495962 3116.7920000001395 
-58.755018186887696 -0.00876519270495962 3125.1250000001382 
-58.755018186887696 -0.00876519270495962 3133.458000000139 
-58.755018186887696 -0.00876519270495962 3141.7910000001393 
-58.755018186887696 -0.00876519270495962 3150.124000000138 
-58.755018186887696 -0.00876519270495962 3158.4570000001368 
-58.755018186887696 -0.00876519270495962 3166.7900000001373 
-58.755018186887696 -0.00876519270495962 3175.123000000138 
-58.755018186887696 -0.00876519270495962 3183.4560000001366 
-58.755018186887696 -0.00876519270495962 3191.7890000001353 
-58.755018186887696 -0.00876519270495962 3200.122000000136 
-58.755018186887696 -0.00876519270495962 3208.4550000001364 
-58.755018186887696 -0.00876519270495962 3216.788000000135 
-58.755018186887696 -0.00876519270495962 3225.121000000134 
-58.755018186887696 -0.00876519270495962 3233.4540000001343 
-58.755018186887696 -0.00876519270495962 3241.787000000135 
-58.755018186887696 -0.00876519270495962 3250.1200000001336 
-58.755018186887696 -0.00876519270495962 3258.4530000001323 
-58.755018186887696 -0.00876519270495962 3266.786000000133 
-58.755018186887696 -0.00876519270495962 3275.1190000001334 
-58.755018186887696 -0.00876519270495962 3283.452000000132 
-58.755018186887696 -0.00876519270495962 3291.785000000131 
-58.755018186887696 -0.00876519270495962 3300.1180000001314 
-58.755018186887696 -0.00876519270495962 3308.451000000132 
-58.755018186887696 -0.00876519270495962 3316.7840000001306 
-58.755018186887696 -0.00876519270495962 3325.1170000001293 
-58.755018186887696 -0.00876519270495962 3333.45000000013 
-58.755018186887696 -0.00876519270495962 3341.7830000001304 
-58.755018186887696 -0.00876519270495962 3350.116000000129 
-58.755018186887696 -0.00876519270495962 3358.449000000128 
-58.755018186887696 -0.00876519270495962 3366.7820000001284 
-58.755018186887696 -0.00876519270495962 3375.115000000129 
-58.755018186887696 -0.00876519270495962 3383.4480000001276 
-58.755018186887696 -0.00876519270495962 3391.7810000001264 
-58.755018186887696 -0.00876519270495962 3400.114000000127 
-58.755018186887696 -0.00876519270495962 3408.4470000001274 
-58.755018186887696 -0.00876519270495962 3416.780000000126 
-58.755018186887696 -0.00876519270495962 3425.113000000125 
-58.755018186887696 -0.00876519270495962 3433.4460000001254 
-58.755018186887696 -0.00876519270495962 3441.779000000126 
-58.755018186887696 -0.00876519270495962 3450.1120000001247 
-58.755018186887696 -0.00876519270495962 3458.4450000001234 
-58.755018186887696 -0.00876519270495962 3466.778000000124 
-58.755018186887696 -0.00876519270495962 3475.1110000001245 
-58.755018186887696 -0.00876519270495962 3483.444000000123 
-58.755018186887696 -0.00876519270495962 3491.777000000122 
-58.755018186887696 -0.00876519270495962 3500.1100000001225 
-58.755018186887696 -0.00876519270495962 3508.443000000123 
-58.755018186887696 -0.00876519270495962 3516.7760000001217 
-58.755018186887696 -0.00876519270495962 3525.1090000001204 
-58.755018186887696 -0.00876519270495962 3533.442000000121 
-58.755018186887696 -0.00876519270495962 3541.7750000001215 
-58.755018186887696 -0.00876519270495962 3550.1080000001202 
-58.755018186887696 -0.00876519270495962 3558.441000000119 
-58.755018186887696 -0.00876519270495962 3566.7740000001195 
-58.755018186887696 -0.00876519270495962 3575.10700000012 
-58.755018186887696 -0.00876519270495962 3583.4400000001187 
-58.755018186887696 -0.00876519270495962 3591.7730000001175 
-58.755018186887696 -0.00876519270495962 3600.106000000118 
-58.755018186887696 -0.00876519270495962 3608.4390000001185 
-58.755018186887696 -0.00876519270495962 3616.7720000001173 
-58.755018186887696 -0.00876519270495962 3625.105000000116 
-58.755018186887696 -0.00876519270495962 3633.4380000001165 
-58.755018186887696 -0.00876519270495962 3641.771000000117 
-58.755018186887696 -0.00876519270495962 3650.104000000116 
-58.755018186887696 -0.00876519270495962 3658.4370000001145 
-58.755018186887696 -0.00876519270495962 3666.770000000115 
-58.755018186887696 -0.00876519270495962 3675.1030000001156 
-58.755018186887696 -0.00876519270495962 3683.4360000001143 
-58.755018186887696 -0.00876519270495962 3691.769000000113 
-58.755018186887696 -0.00876519270495962 3700.1020000001135 
-58.755018186887696 -0.00876519270495962 3708.435000000114 
-58.755018186887696 -0.00876519270495962 3716.768000000113 
-58.755018186887696 -0.00876519270495962 3725.1010000001115 
-58.755018186887696 -0.00876519270495962 3733.434000000112 
-58.755018186887696 -0.00876519270495962 3741.7670000001126 
-58.755018186887696 -0.00876519270495962 3750.1000000001113 
-58.755018186887696 -0.00876519270495962 3758.43300000011 
-58.755018186887696 -0.00876519270495962 3766.7660000001106 
-58.755018186887696 -0.00876519270495962 3775.099000000111 
-58.755018186887696 -0.00876519270495962 3783.43200000011 
-58.755018186887696 -0.00876519270495962 3791.7650000001086 
-58.755018186887696 -0.00876519270495962 3800.098000000109 
-58.755018186887696 -0.00876519270495962 3808.4310000001096 
-58.755018186887696 -0.00876519270495962 3816.7640000001084 
-58.755018186887696 -0.00876519270495962 3825.097000000107 
-58.755018186887696 -0.00876519270495962 3833.4300000001076 
-58.755018186887696 -0.00876519270495962 3841.763000000108 
-58.755018186887696 -0.00876519270495962 3850.096000000107 
-58.755018186887696 -0.00876519270495962 3858.4290000001056 
-58.755018186887696 -0.00876519270495962 3866.762000000106 
-58.755018186887696 -0.00876519270495962 3875.0950000001067 
-58.755018186887696 -0.00876519270495962 3883.4280000001054 
-58.755018186887696 -0.00876519270495962 3891.761000000104 
-58.755018186887696 -0.00876519270495962 3900.0940000001046 
-58.755018186887696 -0.00876519270495962 3908.427000000105 
-58.755018186887696 -0.00876519270495962 3916.760000000104 
-58.755018186887696 -0.00876519270495962 3925.0930000001026 
-58.755018186887696 -0.00876519270495962 3933.426000000103 
-58.755018186887696 -0.00876519270495962 3941.7590000001037 
-58.755018186887696 -0.00876519270495962 3950.0920000001024 
-58.755018186887696 -0.00876519270495962 3958.425000000101 
-58.755018186887696 -0.00876519270495962 3966.7580000001017 
-58.755018186887696 -0.00876519270495962 3975.091000000102 
-58.755018186887696 -0.00876519270495962 3983.424000000101 
-58.755018186887696 -0.00876519270495962 3991.7570000000997 
-58.755018186887696 -0.00876519270495962 4000.0900000001 
-58.755018186887696 -0.00876519270495962 4008.4230000001007 
-58.755018186887696 -0.00876519270495962 4016.7560000000994 
-58.755018186887696 -0.00876519270495962 4025.089000000098 
-58.755018186887696 -0.00876519270495962 4033.4220000000987 
-58.755018186887696 -0.00876519270495962 4041.7550000000992 
-58.755018186887696 -0.00876519270495962 4050.088000000098 
-58.755018186887696 -0.00876519270495962 4058.4210000000967 
-58.755018186887696 -0.00876519270495962 4066.754000000097 
-58.755018186887696 -0.00876519270495962 4075.0870000000978 
-58.755018186887696 -0.00876519270495962 4083.4200000000965 
-58.755018186887696 -0.00876519270495962 4091.753000000095 
-58.755018186887696 -0.00876519270495962 4100.086000000096 
-58.755018186887696 -0.00876519270495962 4108.419000000096 
-58.755018186887696 -0.00876519270495962 4116.752000000095 
-58.755018186887696 -0.00876519270495962 4125.085000000094 
-58.755018186887696 -0.00876519270495962 4133.418000000094 
-58.755018186887696 -0.00876519270495962 4141.751000000095 
-58.755018186887696 -0.00876519270495962 4150.0840000000935 
-58.755018186887696 -0.00876519270495962 4158.417000000092 
-58.755018186887696 -0.00876519270495962 4166.750000000093 
-58.755018186887696 -0.00876519270495962 4175.083000000093 
-58.755018186887696 -0.00876519270495962 4183.416000000092 
-58.755018186887696 -0.00876519270495962 4191.749000000091 
-58.755018186887696 -0.00876519270495962 4200.082000000091 
-58.755018186887696 -0.00876519270495962 4208.415000000092 
-58.755018186887696 -0.00876519270495962 4216.7480000000905 
-58.755018186887696 -0.00876519270495962 4225.081000000089 
-58.755018186887696 -0.00876519270495962 4233.41400000009 
-58.755018186887696 -0.00876519270495962 4241.74700000009 
-58.755018186887696 -0.00876519270495962 4250.080000000089 
-58.755018186887696 -0.00876519270495962 4258.413000000088 
-58.755018186887696 -0.00876519270495962 4266.746000000088 
-58.755018186887696 -0.00876519270495962 4275.079000000089 
-58.755018186887696 -0.00876519270495962 4283.412000000088 
-58.755018186887696 -0.00876519270495962 4291.745000000086 
-58.755018186887696 -0.00876519270495962 4300.078000000087 
-58.755018186887696 -0.00876519270495962 4308.4110000000865 
-58.755018186887696 -0.00876519270495962 4316.744000000086 
-58.755018186887696 -0.00876519270495962 4325.077000000086 
-58.755018186887696 -0.00876519270495962 4333.410000000085 
-58.755018186887696 -0.00876519270495962 4341.743000000085 
-58.755018186887696 -0.00876519270495962 4350.076000000085 
-58.755018186887696 -0.00876519270495962 4358.409000000084 
-58.755018186887696 -0.00876519270495962 4366.742000000084 
-58.755018186887696 -0.00876519270495962 4375.0750000000835 
-58.755018186887696 -0.00876519270495962 4383.408000000083 
-58.755018186887696 -0.00876519270495962 4391.741000000083 
-58.755018186887696 -0.00876519270495962 4400.074000000082 
-58.755018186887696 -0.00876519270495962 4408.407000000082 
-58.755018186887696 -0.00876519270495962 4416.740000000082 
-58.755018186887696 -0.00876519270495962 4425.073000000081 
-58.755018186887696 -0.00876519270495962 4433.406000000081 
-58.755018186887696 -0.00876519270495962 4441.7390000000805 
-58.755018186887696 -0.00876519270495962 4450.07200000008 
-58.755018186887696 -0.00876519270495962 4458.40500000008 
-58.755018186887696 -0.00876519270495962 4466.738000000079 
-58.755018186887696 -0.00876519270495962 4475.071000000079 
-58.755018186887696 -0.00876519270495962 4483.404000000079 
-58.755018186887696 -0.00876519270495962 4491.737000000078 
-58.755018186887696 -0.00876519270495962 4500.070000000078 
-58.755018186887696 -0.00876519270495962 4508.403000000078 
-58.755018186887696 -0.00876519270495962 4516.736000000077 
-58.755018186887696 -0.00876519270495962 4525.069000000077 
-58.755018186887696 -0.00876519270495962 4533.402000000076 
-58.755018186887696 -0.00876519270495962 4541.735000000076 
-58.755018186887696 -0.00876519270495962 4550.068000000076 
-58.755018186887696 -0.00876519270495962 4558.401000000075 
-58.755018186887696 -0.00876519270495962 4566.734000000075 
-58.755018186887696 -0.00876519270495962 4575.067000000075 
-58.755018186887696 -0.00876519270495962 4583.400000000074 
-58.755018186887696 -0.00876519270495962 4591.733000000074 
-58.755018186887696 -0.00876519270495962 4600.0660000000735 
-58.755018186887696 -0.00876519270495962 4608.399000000073 
-58.755018186887696 -0.00876519270495962 4616.732000000073 
-58.755018186887696 -0.00876519270495962 4625.065000000072 
-58.755018186887696 -0.00876519270495962 4633.398000000072 
-58.755018186887696 -0.00876519270495962 4641.731000000072 
-58.755018186887696 -0.00876519270495962 4650.064000000071 
-58.755018186887696 -0.00876519270495962 4658.397000000071 
-58.755018186887696 -0.00876519270495962 4666.7300000000705 
-58.755018186887696 -0.00876519270495962 4675.06300000007 
-58.755018186887696 -0.00876519270495962 4683.39600000007 
-58.755018186887696 -0.00876519270495962 4691.729000000069 
-58.755018186887696 -0.00876519270495962 4700.062000000069 
-58.755018186887696 -0.00876519270495962 4708.395000000069 
-58.755018186887696 -0.00876519270495962 4716.728000000068 
-58.755018186887696 -0.00876519270495962 4725.061000000068 
-58.755018186887696 -0.00876519270495962 4733.3940000000675 
-58.755018186887696 -0.00876519270495962 4741.727000000067 
-58.755018186887696 -0.00876519270495962 4750.060000000067 
-58.755018186887696 -0.00876519270495962 4758.393000000066 
-58.755018186887696 -0.00876519270495962 4766.726000000066 
-58.755018186887696 -0.00876519270495962 4775.059000000066 
-58.755018186887696 -0.00876519270495962 4783.392000000065 
-58.755018186887696 -0.00876519270495962 4791.725000000065 
-58.755018186887696 -0.00876519270495962 4800.058000000065 
-58.755018186887696 -0.00876519270495962 4808.391000000064 
-58.755018186887696 -0.00876519270495962 4816.724000000064 
-58.755018186887696 -0.00876519270495962 4825.057000000063 
-58.755018186887696 -0.00876519270495962 4833.390000000063 
-58.755018186887696 -0.00876519270495962 4841.723000000063 
-58.755018186887696 -0.00876519270495962 4850.056000000062 
-58.755018186887696 -0.00876519270495962 4858.389000000062 
-58.755018186887696 -0.00876519270495962 4866.722000000062 
-58.755018186887696 -0.00876519270495962 4875.055000000061 
-58.755018186887696 -0.00876519270495962 4883.388000000061 
-58.755018186887696 -0.00876519270495962 4891.7210000000605 
-58.755018186887696 -0.00876519270495962 4900.05400000006 
-58.755018186887696 -0.00876519270495962 4908.38700000006 
-58.755018186887696 -0.00876519270495962 4916.720000000059 
-58.755018186887696 -0.00876519270495962 4925.053000000059 
-58.755018186887696 -0.00876519270495962 4933.386000000059 
-58.755018186887696 -0.00876519270495962 4941.719000000058 
-58.755018186887696 -0.00876519270495962 4950.052000000058 
-58.755018186887696 -0.00876519270495962 4958.3850000000575 
-58.755018186887696 -0.00876519270495962 4966.718000000057 
-58.755018186887696 -0.00876519270495962 4975.051000000057 
-58.755018186887696 -0.00876519270495962 4983.384000000056 
-58.755018186887696 -0.00876519270495962 4991.717000000056 
-58.755018186887696 -0.00876519270495962 5000.050000000056 
-58.755018186887696 -0.00876519270495962 5008.383000000055 
-58.755018186887696 -0.00876519270495962 5016.716000000055 
-58.755018186887696 -0.00876519270495962 5025.049000000055 
-58.755018186887696 -0.00876519270495962 5033.382000000054 
-58.755018186887696 -0.00876519270495962 5041.715000000054 
-58.755018186887696 -0.00876519270495962 5050.048000000053 
-58.755018186887696 -0.00876519270495962 5058.381000000053 
-58.755018186887696 -0.00876519270495962 5066.714000000053 
-58.755018186887696 -0.00876519270495962 5075.047000000052 
-58.755018186887696 -0.00876519270495962 5083.380000000052 
-58.755018186887696 -0.00876519270495962 5091.713000000052 
-58.755018186887696 -0.00876519270495962 5100.046000000051 
-58.755018186887696 -0.00876519270495962 5108.379000000051 
-58.755018186887696 -0.00876519270495962 5116.7120000000505 
-58.755018186887696 -0.00876519270495962 5125.04500000005 
-58.755018186887696 -0.00876519270495962 5133.37800000005 
-58.755018186887696 -0.00876519270495962 5141.711000000049 
-58.755018186887696 -0.00876519270495962 5150.044000000049 
-58.755018186887696 -0.00876519270495962 5158.377000000049 
-58.755018186887696 -0.00876519270495962 5166.710000000048 
-58.755018186887696 -0.00876519270495962 5175.043000000048 
-58.755018186887696 -0.00876519270495962 5183.3760000000475 
-58.755018186887696 -0.00876519270495962 5191.709000000047 
-58.755018186887696 -0.00876519270495962 5200.042000000047 
-58.755018186887696 -0.00876519270495962 5208.375000000046 
-58.755018186887696 -0.00876519270495962 5216.708000000046 
-58.755018186887696 -0.00876519270495962 5225.041000000046 
-58.755018186887696 -0.00876519270495962 5233.374000000045 
-58.755018186887696 -0.00876519270495962 5241.707000000045 
-58.755018186887696 -0.00876519270495962 5250.0400000000445 
-58.755018186887696 -0.00876519270495962 5258.373000000044 
-58.755018186887696 -0.00876519270495962 5266.706000000044 
-58.755018186887696 -0.00876519270495962 5275.039000000043 
-58.755018186887696 -0.00876519270495962 5283.372000000043 
-58.755018186887696 -0.00876519270495962 5291.705000000043 
-58.755018186887696 -0.00876519270495962 5300.038000000042 
-58.755018186887696 -0.00876519270495962 5308.371000000042 
-58.755018186887696 -0.00876519270495962 5316.704000000042 
-58.755018186887696 -0.00876519270495962 5325.037000000041 
-58.755018186887696 -0.00876519270495962 5333.370000000041 
-58.755018186887696 -0.00876519270495962 5341.70300000004 
-58.755018186887696 -0.00876519270495962 5350.03600000004 
-58.755018186887696 -0.00876519270495962 5358.36900000004 
-58.755018186887696 -0.00876519270495962 5366.702000000039 
-58.755018186887696 -0.00876519270495962 5375.035000000039 
-58.755018186887696 -0.00876519270495962 5383.368000000039 
-58.755018186887696 -0.00876519270495962 5391.701000000038 
-58.755018186887696 -0.00876519270495962 5400.034000000038 
-58.755018186887696 -0.00876519270495962 5408.3670000000375 
-58.755018186887696 -0.00876519270495962 5416.700000000037 
-58.755018186887696 -0.00876519270495962 5425.033000000037 
-58.755018186887696 -0.00876519270495962 5433.366000000036 
-58.755018186887696 -0.00876519270495962 5441.699000000036 
-58.755018186887696 -0.00876519270495962 5450.032000000036 
-58.755018186887696 -0.00876519270495962 5458.365000000035 
-58.755018186887696 -0.00876519270495962 5466.698000000035 
-58.755018186887696 -0.00876519270495962 5475.0310000000345 
-58.755018186887696 -0.00876519270495962 5483.364000000034 
-58.755018186887696 -0.00876519270495962 5491.697000000034 
-58.755018186887696 -0.00876519270495962 5500.030000000033 
-58.755018186887696 -0.00876519270495962 5508.363000000033 
-58.755018186887696 -0.00876519270495962 5516.696000000033 
-58.755018186887696 -0.00876519270495962 5525.029000000032 
-58.755018186887696 -0.00876519270495962 5533.362000000032 
-58.755018186887696 -0.00876519270495962 5541.6950000000315 
-58.755018186887696 -0.00876519270495962 5550.028000000031 
-58.755018186887696 -0.00876519270495962 5558.361000000031 
-58.755018186887696 -0.00876519270495962 5566.69400000003 
-58.755018186887696 -0.00876519270495962 5575.02700000003 
-58.755018186887696 -0.00876519270495962 5583.36000000003 
-58.755018186887696 -0.00876519270495962 5591.693000000029 
-58.755018186887696 -0.00876519270495962 5600.026000000029 
-58.755018186887696 -0.00876519270495962 5608.359000000029 
-58.755018186887696 -0.00876519270495962 5616.692000000028 
-58.755018186887696 -0.00876519270495962 5625.025000000028 
-58.755018186887696 -0.00876519270495962 5633.3580000000275 
-58.755018186887696 -0.00876519270495962 5641.691000000027 
-58.755018186887696 -0.00876519270495962 5650.024000000027 
-58.755018186887696 -0.00876519270495962 5658.357000000026 
-58.755018186887696 -0.00876519270495962 5666.690000000026 
-58.755018186887696 -0.00876519270495962 5675.023000000026 
-58.755018186887696 -0.00876519270495962 5683.356000000025 
-58.755018186887696 -0.00876519270495962 5691.689000000025 
-58.755018186887696 -0.00876519270495962 5700.0220000000245 
-58.755018186887696 -0.00876519270495962 5708.355000000024 
-58.755018186887696 -0.00876519270495962 5716.688000000024 
-58.755018186887696 -0.00876519270495962 5725.021000000023 
-58.755018186887696 -0.00876519270495962 5733.354000000023 
-58.755018186887696 -0.00876519270495962 5741.687000000023 
-58.755018186887696 -0.00876519270495962 5750.020000000022 
-58.755018186887696 -0.00876519270495962 5758.353000000022 
-58.755018186887696 -0.00876519270495962 5766.6860000000215 
-58.755018186887696 -0.00876519270495962 5775.019000000021 
-58.755018186887696 -0.00876519270495962 5783.352000000021 
-58.755018186887696 -0.00876519270495962 5791.68500000002 
-58.755018186887696 -0.00876519270495962 5800.01800000002 
-58.755018186887696 -0.00876519270495962 5808.35100000002 
-58.755018186887696 -0.00876519270495962 5816.684000000019 
-58.755018186887696 -0.00876519270495962 5825.017000000019 
-58.755018186887696 -0.00876519270495962 5833.350000000019 
-58.755018186887696 -0.00876519270495962 5841.683000000018 
-58.755018186887696 -0.00876519270495962 5850.016000000018 
-58.755018186887696 -0.00876519270495962 5858.349000000017 
-58.755018186887696 -0.00876519270495962 5866.682000000017 
-58.755018186887696 -0.00876519270495962 5875.015000000017 
-58.755018186887696 -0.00876519270495962 5883.348000000016 
-58.755018186887696 -0.00876519270495962 5891.681000000016 
-58.755018186887696 -0.00876519270495962 5900.014000000016 
-58.755018186887696 -0.00876519270495962 5908.347000000015 
-58.755018186887696 -0.00876519270495962 5916.680000000015 
-58.755018186887696 -0.00876519270495962 5925.0130000000145 
-58.755018186887696 -0.00876519270495962 5933.346000000014 
-58.755018186887696 -0.00876519270495962 5941.679000000014 
-58.755018186887696 -0.00876519270495962 5950.012000000013 
-58.755018186887696 -0.00876519270495962 5958.345000000013 
-58.755018186887696 -0.00876519270495962 5966.678000000013 
-58.755018186887696 -0.00876519270495962 5975.011000000012 
-58.755018186887696 -0.00876519270495962 5983.344000000012 
-58.755018186887696 -0.00876519270495962 5991.6770000000115 
-58.755018186887696 -0.00876519270495962 6000.010000000011 
-58.755018186887696 -0.00876519270495962 6008.343000000011 
-58.755018186887696 -0.00876519270495962 6016.67600000001 
-58.755018186887696 -0.00876519270495962 6025.00900000001 
-58.755018186887696 -0.00876519270495962 6033.34200000001 
-58.755018186887696 -0.00876519270495962 6041.675000000009 
-58.755018186887696 -0.00876519270495962 6050.008000000009 
-58.755018186887696 -0.00876519270495962 6058.3410000000085 
-58.755018186887696 -0.00876519270495962 6066.674000000008 
-58.755018186887696 -0.00876519270495962 6075.007000000008 
-58.755018186887696 -0.00876519270495962 6083.340000000007 
-58.755018186887696 -0.00876519270495962 6091.673000000007 
-58.755018186887696 -0.00876519270495962 6100.006000000007 
-58.755018186887696 -0.00876519270495962 6108.339000000006 
-58.755018186887696 -0.00876519270495962 6116.672000000006 
-58.755018186887696 -0.00876519270495962 6125.005000000006 
-58.755018186887696 -0.00876519270495962 6133.338000000005 
-58.755018186887696 -0.00876519270495962 6141.671000000005 
-58.755018186887696 -0.00876519270495962 6150.004000000004 
-58.755018186887696 -0.00876519270495962 6158.337000000004 
-58.755018186887696 -0.00876519270495962 6166.670000000004 
-58.755018186887696 -0.00876519270495962 6175.003000000003 
-58.755018186887696 -0.00876519270495962 6183.336000000003 
-58.755018186887696 -0.00876519270495962 6191.669000000003 
-58.755018186887696 -0.00876519270495962 6200.002000000002 
-58.755018186887696 -0.00876519270495962 6208.335000000002 
-58.755018186887696 -0.00876519270495962 6216.6680000000015 
-58.755018186887696 -0.00876519270495962 6225.001000000001 
-58.755018186887696 -0.00876519270495962 6233.334000000001 
-58.755018186887696 -0.00876519270495962 6241.667 
-58.755018186887696 -0.00876519270495962 6250.0 
-58.755018186887696 -0.00876519270495962 6258.333 
-58.755018186887696 -0.00876519270495962 6266.665999999999 
-58.755018186887696 -0.00876519270495962 6274.998999999999 
-58.755018186887696 -0.00876519270495962 6283.3319999999985 
-58.755018186887696 -0.00876519270495962 6291.664999999998 
-58.755018186887696 -0.00876519270495962 6299.997999999998 
-58.755018186887696 -0.00876519270495962 6308.330999999997 
-58.755018186887696 -0.00876519270495962 6316.663999999997 
-58.755018186887696 -0.00876519270495962 6324.996999999997 
-58.755018186887696 -0.00876519270495962 6333.329999999996 
-58.755018186887696 -0.00876519270495962 6341.662999999996 
-58.755018186887696 -0.00876519270495962 6349.995999999996 
-58.755018186887696 -0.00876519270495962 6358.328999999995 
-58.755018186887696 -0.00876519270495962 6366.661999999995 
-58.755018186887696 -0.00876519270495962 6374.994999999994 
-58.755018186887696 -0.00876519270495962 6383.327999999994 
-58.755018186887696 -0.00876519270495962 6391.660999999994 
-58.755018186887696 -0.00876519270495962 6399.993999999993 
-58.755018186887696 -0.00876519270495962 6408.326999999993 
-58.755018186887696 -0.00876519270495962 6416.659999999993 
-58.755018186887696 -0.00876519270495962 6424.992999999992 
-58.755018186887696 -0.00876519270495962 6433.325999999992 
-58.755018186887696 -0.00876519270495962 6441.6589999999915 
-58.755018186887696 -0.00876519270495962 6449.991999999991 
-58.755018186887696 -0.00876519270495962 6458.324999999991 
-58.755018186887696 -0.00876519270495962 6466.65799999999 
-58.755018186887696 -0.00876519270495962 6474.99099999999 
-58.755018186887696 -0.00876519270495962 6483.32399999999 
-58.755018186887696 -0.00876519270495962 6491.656999999989 
-58.755018186887696 -0.00876519270495962 6499.989999999989 
-58.755018186887696 -0.00876519270495962 6508.3229999999885 
-58.755018186887696 -0.00876519270495962 6516.655999999988 
-58.755018186887696 -0.00876519270495962 6524.988999999988 
-58.755018186887696 -0.00876519270495962 6533.321999999987 
-58.755018186887696 -0.00876519270495962 6541.654999999987 
-58.755018186887696 -0.00876519270495962 6549.987999999987 
-58.755018186887696 -0.00876519270495962 6558.320999999986 
-58.755018186887696 -0.00876519270495962 6566.653999999986 
-58.755018186887696 -0.00876519270495962 6574.9869999999855 
-58.755018186887696 -0.00876519270495962 6583.319999999985 
-58.755018186887696 -0.00876519270495962 6591.652999999985 
-58.755018186887696 -0.00876519270495962 6599.985999999984 
-58.755018186887696 -0.00876519270495962 6608.318999999984 
-58.755018186887696 -0.00876519270495962 6616.651999999984 
-58.755018186887696 -0.00876519270495962 6624.984999999983 
-58.755018186887696 -0.00876519270495962 6633.317999999983 
-58.755018186887696 -0.00876519270495962 6641.650999999983 
-58.755018186887696 -0.00876519270495962 6649.983999999982 
-58.755018186887696 -0.00876519270495962 6658.316999999982 
-58.755018186887696 -0.00876519270495962 6666.649999999981 
-58.755018186887696 -0.00876519270495962 6674.982999999981 
-58.755018186887696 -0.00876519270495962 6683.315999999981 
-58.755018186887696 -0.00876519270495962 6691.64899999998 
-58.755018186887696 -0.00876519270495962 6699.98199999998 
-58.755018186887696 -0.00876519270495962 6708.31499999998 
-58.755018186887696 -0.00876519270495962 6716.647999999979 
-58.755018186887696 -0.00876519270495962 6724.980999999979 
-58.755018186887696 -0.00876519270495962 6733.3139999999785 
-58.755018186887696 -0.00876519270495962 6741.646999999978 
-58.755018186887696 -0.00876519270495962 6749.979999999978 
-58.755018186887696 -0.00876519270495962 6758.312999999977 
-58.755018186887696 -0.00876519270495962 6766.645999999977 
-58.755018186887696 -0.00876519270495962 6774.978999999977 
-58.755018186887696 -0.00876519270495962 6783.311999999976 
-58.755018186887696 -0.00876519270495962 6791.644999999976 
-58.755018186887696 -0.00876519270495962 6799.9779999999755 
-58.755018186887696 -0.00876519270495962 6808.310999999975 
-58.755018186887696 -0.00876519270495962 6816.643999999975 
-58.755018186887696 -0.00876519270495962 6824.976999999974 
-58.755018186887696 -0.00876519270495962 6833.309999999974 
-58.755018186887696 -0.00876519270495962 6841.642999999974 
-58.755018186887696 -0.00876519270495962 6849.975999999973 
-58.755018186887696 -0.00876519270495962 6858.308999999973 
-58.755018186887696 -0.00876519270495962 6866.6419999999725 
-58.755018186887696 -0.00876519270495962 6874.974999999972 
-58.755018186887696 -0.00876519270495962 6883.307999999972 
-58.755018186887696 -0.00876519270495962 6891.640999999971 
-58.755018186887696 -0.00876519270495962 6899.973999999971 
-58.755018186887696 -0.00876519270495962 6908.306999999971 
-58.755018186887696 -0.00876519270495962 6916.63999999997 
-58.755018186887696 -0.00876519270495962 6924.97299999997 
-58.755018186887696 -0.00876519270495962 6933.30599999997 
-58.755018186887696 -0.00876519270495962 6941.638999999969 
-58.755018186887696 -0.00876519270495962 6949.971999999969 
-58.755018186887696 -0.00876519270495962 6958.3049999999685 
-58.755018186887696 -0.00876519270495962 6966.637999999968 
-58.755018186887696 -0.00876519270495962 6974.970999999968 
-58.755018186887696 -0.00876519270495962 6983.303999999967 
-58.755018186887696 -0.00876519270495962 6991.636999999967 
-58.755018186887696 -0.00876519270495962 6999.969999999967 
-58.755018186887696 -0.00876519270495962 7008.302999999966 
-58.755018186887696 -0.00876519270495962 7016.635999999966 
-58.755018186887696 -0.00876519270495962 7024.9689999999655 
-58.755018186887696 -0.00876519270495962 7033.301999999965 
-58.755018186887696 -0.00876519270495962 7041.634999999965 
-58.755018186887696 -0.00876519270495962 7049.967999999964 
-58.755018186887696 -0.00876519270495962 7058.300999999964 
-58.755018186887696 -0.00876519270495962 7066.633999999964 
-58.755018186887696 -0.00876519270495962 7074.966999999963 
-58.755018186887696 -0.00876519270495962 7083.299999999963 
-58.755018186887696 -0.00876519270495962 7091.6329999999625 
-58.755018186887696 -0.00876519270495962 7099.965999999962 
-58.755018186887696 -0.00876519270495962 7108.298999999962 
-58.755018186887696 -0.00876519270495962 7116.631999999961 
-58.755018186887696 -0.00876519270495962 7124.964999999961 
-58.755018186887696 -0.00876519270495962 7133.297999999961 
-58.755018186887696 -0.00876519270495962 7141.63099999996 
-58.755018186887696 -0.00876519270495962 7149.96399999996 
-58.755018186887696 -0.00876519270495962 7158.29699999996 
-58.755018186887696 -0.00876519270495962 7166.629999999959 
-58.755018186887696 -0.00876519270495962 7174.962999999959 
-58.755018186887696 -0.00876519270495962 7183.295999999958 
-58.755018186887696 -0.00876519270495962 7191.628999999958 
-58.755018186887696 -0.00876519270495962 7199.961999999958 
-58.755018186887696 -0.00876519270495962 7208.294999999957 
-58.755018186887696 -0.00876519270495962 7216.627999999957 
-58.755018186887696 -0.00876519270495962 7224.960999999957 
-58.755018186887696 -0.00876519270495962 7233.293999999956 
-58.755018186887696 -0.00876519270495962 7241.626999999956 
-58.755018186887696 -0.00876519270495962 7249.9599999999555 
-58.755018186887696 -0.00876519270495962 7258.292999999955 
-58.755018186887696 -0.00876519270495962 7266.625999999955 
-58.755018186887696 -0.00876519270495962 7274.958999999954 
-58.755018186887696 -0.00876519270495962 7283.291999999954 
-58.755018186887696 -0.00876519270495962 7291.624999999954 
-58.755018186887696 -0.00876519270495962 7299.957999999953 
-58.755018186887696 -0.00876519270495962 7308.290999999953 
-58.755018186887696 -0.00876519270495962 7316.6239999999525 
-58.755018186887696 -0.00876519270495962 7324.956999999952 
-58.755018186887696 -0.00876519270495962 7333.289999999952 
-58.755018186887696 -0.00876519270495962 7341.622999999951 
-58.755018186887696 -0.00876519270495962 7349.955999999951 
-58.755018186887696 -0.00876519270495962 7358.288999999951 
-58.755018186887696 -0.00876519270495962 7366.62199999995 
-58.755018186887696 -0.00876519270495962 7374.95499999995 
-58.755018186887696 -0.00876519270495962 7383.2879999999495 
-58.755018186887696 -0.00876519270495962 7391.620999999949 
-58.755018186887696 -0.00876519270495962 7399.953999999949 
-58.755018186887696 -0.00876519270495962 7408.286999999948 
-58.755018186887696 -0.00876519270495962 7416.619999999948 
-58.755018186887696 -0.00876519270495962 7424.952999999948 
-58.755018186887696 -0.00876519270495962 7433.285999999947 
-58.755018186887696 -0.00876519270495962 7441.618999999947 
-58.755018186887696 -0.00876519270495962 7449.951999999947 
-58.755018186887696 -0.00876519270495962 7458.284999999946 
-58.755018186887696 -0.00876519270495962 7466.617999999946 
-58.755018186887696 -0.00876519270495962 7474.950999999945 
-58.755018186887696 -0.00876519270495962 7483.283999999945 
-58.755018186887696 -0.00876519270495962 7491.616999999945 
-58.755018186887696 -0.00876519270495962 7499.949999999944 
-58.755018186887696 -0.00876519270495962 7508.282999999944 
-58.755018186887696 -0.00876519270495962 7516.615999999944 
-58.755018186887696 -0.00876519270495962 7524.948999999943 
-58.755018186887696 -0.00876519270495962 7533.281999999943 
-58.755018186887696 -0.00876519270495962 7541.6149999999425 
-58.755018186887696 -0.00876519270495962 7549.947999999942 
-58.755018186887696 -0.00876519270495962 7558.280999999942 
-58.755018186887696 -0.00876519270495962 7566.613999999941 
-58.755018186887696 -0.00876519270495962 7574.946999999941 
-58.755018186887696 -0.00876519270495962 7583.279999999941 
-58.755018186887696 -0.00876519270495962 7591.61299999994 
-58.755018186887696 -0.00876519270495962 7599.94599999994 
-58.755018186887696 -0.00876519270495962 7608.2789999999395 
-58.755018186887696 -0.00876519270495962 7616.611999999939 
-58.755018186887696 -0.00876519270495962 7624.944999999939 
-58.755018186887696 -0.00876519270495962 7633.277999999938 
-58.755018186887696 -0.00876519270495962 7641.610999999938 
-58.755018186887696 -0.00876519270495962 7649.943999999938 
-58.755018186887696 -0.00876519270495962 7658.276999999937 
-58.755018186887696 -0.00876519270495962 7666.609999999937 
-58.755018186887696 -0.00876519270495962 7674.942999999937 
-58.755018186887696 -0.00876519270495962 7683.275999999936 
-58.755018186887696 -0.00876519270495962 7691.608999999936 
-58.755018186887696 -0.00876519270495962 7699.941999999935 
-58.755018186887696 -0.00876519270495962 7708.274999999935 
-58.755018186887696 -0.00876519270495962 7716.607999999935 
-58.755018186887696 -0.00876519270495962 7724.940999999934 
-58.755018186887696 -0.00876519270495962 7733.273999999934 
-58.755018186887696 -0.00876519270495962 7741.606999999934 
-58.755018186887696 -0.00876519270495962 7749.939999999933 
-58.755018186887696 -0.00876519270495962 7758.272999999933 
-58.755018186887696 -0.00876519270495962 7766.6059999999325 
-58.755018186887696 -0.00876519270495962 7774.938999999932 
-58.755018186887696 -0.00876519270495962 7783.271999999932 
-58.755018186887696 -0.00876519270495962 7791.604999999931 
-58.755018186887696 -0.00876519270495962 7799.937999999931 
-58.755018186887696 -0.00876519270495962 7808.270999999931 
-58.755018186887696 -0.00876519270495962 7816.60399999993 
-58.755018186887696 -0.00876519270495962 7824.93699999993 
-58.755018186887696 -0.00876519270495962 7833.2699999999295 
-58.755018186887696 -0.00876519270495962 7841.602999999929 
-58.755018186887696 -0.00876519270495962 7849.935999999929 
-58.755018186887696 -0.00876519270495962 7858.268999999928 
-58.755018186887696 -0.00876519270495962 7866.601999999928 
-58.755018186887696 -0.00876519270495962 7874.934999999928 
-58.755018186887696 -0.00876519270495962 7883.267999999927 
-58.755018186887696 -0.00876519270495962 7891.600999999927 
-58.755018186887696 -0.00876519270495962 7899.9339999999265 
-58.755018186887696 -0.00876519270495962 7908.266999999926 
-58.755018186887696 -0.00876519270495962 7916.599999999926 
-58.755018186887696 -0.00876519270495962 7924.932999999925 
-58.755018186887696 -0.00876519270495962 7933.265999999925 
-58.755018186887696 -0.00876519270495962 7941.598999999925 
-58.755018186887696 -0.00876519270495962 7949.931999999924 
-58.755018186887696 -0.00876519270495962 7958.264999999924 
-58.755018186887696 -0.00876519270495962 7966.597999999924 
-58.755018186887696 -0.00876519270495962 7974.930999999923 
-58.755018186887696 -0.00876519270495962 7983.263999999923 
-58.755018186887696 -0.00876519270495962 7991.596999999922 
-58.755018186887696 -0.00876519270495962 7999.929999999922 
-58.755018186887696 -0.00876519270495962 8008.262999999922 
-58.755018186887696 -0.00876519270495962 8016.595999999921 
-58.755018186887696 -0.00876519270495962 8024.928999999921 
-58.755018186887696 -0.00876519270495962 8033.261999999921 
-58.755018186887696 -0.00876519270495962 8041.59499999992 
-58.755018186887696 -0.00876519270495962 8049.92799999992 
-58.755018186887696 -0.00876519270495962 8058.2609999999195 
-58.755018186887696 -0.00876519270495962 8066.593999999919 
-58.755018186887696 -0.00876519270495962 8074.926999999919 
-58.755018186887696 -0.00876519270495962 8083.259999999918 
-58.755018186887696 -0.00876519270495962 8091.592999999918 
-58.755018186887696 -0.00876519270495962 8099.925999999918 
-58.755018186887696 -0.00876519270495962 8108.258999999917 
-58.755018186887696 -0.00876519270495962 8116.591999999917 
-58.755018186887696 -0.00876519270495962 8124.9249999999165 
-58.755018186887696 -0.00876519270495962 8133.257999999916 
-58.755018186887696 -0.00876519270495962 8141.590999999916 
-58.755018186887696 -0.00876519270495962 8149.923999999915 
-58.755018186887696 -0.00876519270495962 8158.256999999915 
-58.755018186887696 -0.00876519270495962 8166.589999999915 
-58.755018186887696 -0.00876519270495962 8174.922999999914 
-58.755018186887696 -0.00876519270495962 8183.255999999914 
-58.755018186887696 -0.00876519270495962 8191.5889999999135 
-58.755018186887696 -0.00876519270495962 8199.921999999913 
-58.755018186887696 -0.00876519270495962 8208.254999999914 
-58.755018186887696 -0.00876519270495962 8216.587999999912 
-58.755018186887696 -0.00876519270495962 8224.920999999911 
-58.755018186887696 -0.00876519270495962 8233.253999999912 
-58.755018186887696 -0.00876519270495962 8241.586999999912 
-58.755018186887696 -0.00876519270495962 8249.919999999911 
-58.755018186887696 -0.00876519270495962 8258.25299999991 
-58.755018186887696 -0.00876519270495962 8266.58599999991 
-58.755018186887696 -0.00876519270495962 8274.91899999991 
-58.755018186887696 -0.00876519270495962 8283.25199999991 
-58.755018186887696 -0.00876519270495962 8291.584999999908 
-58.755018186887696 -0.00876519270495962 8299.917999999909 
-58.755018186887696 -0.00876519270495962 8308.25099999991 
-58.755018186887696 -0.00876519270495962 8316.583999999908 
-58.755018186887696 -0.00876519270495962 8324.916999999907 
-58.755018186887696 -0.00876519270495962 8333.249999999907 
-58.755018186887696 -0.00876519270495962 8341.582999999908 
-58.755018186887696 -0.00876519270495962 8349.915999999906 
-58.755018186887696 -0.00876519270495962 8358.248999999905 
-58.755018186887696 -0.00876519270495962 8366.581999999906 
-58.755018186887696 -0.00876519270495962 8374.914999999906 
-58.755018186887696 -0.00876519270495962 8383.247999999905 
-58.755018186887696 -0.00876519270495962 8391.580999999904 
-58.755018186887696 -0.00876519270495962 8399.913999999904 
-58.755018186887696 -0.00876519270495962 8408.246999999905 
-58.755018186887696 -0.00876519270495962 8416.579999999904 
-58.755018186887696 -0.00876519270495962 8424.912999999902 
-58.755018186887696 -0.00876519270495962 8433.245999999903 
-58.755018186887696 -0.00876519270495962 8441.578999999903 
-58.755018186887696 -0.00876519270495962 8449.911999999902 
-58.755018186887696 -0.00876519270495962 8458.2449999999 
-58.755018186887696 -0.00876519270495962 8466.577999999901 
-58.755018186887696 -0.00876519270495962 8474.910999999902 
-58.755018186887696 -0.00876519270495962 8483.2439999999 
-58.755018186887696 -0.00876519270495962 8491.5769999999 
-58.755018186887696 -0.00876519270495962 8499.9099999999 
-58.755018186887696 -0.00876519270495962 8508.2429999999 
-58.755018186887696 -0.00876519270495962 8516.575999999899 
-58.755018186887696 -0.00876519270495962 8524.908999999898 
-58.755018186887696 -0.00876519270495962 8533.241999999898 
-58.755018186887696 -0.00876519270495962 8541.574999999899 
-58.755018186887696 -0.00876519270495962 8549.907999999898 
-58.755018186887696 -0.00876519270495962 8558.240999999896 
-58.755018186887696 -0.00876519270495962 8566.573999999897 
-58.755018186887696 -0.00876519270495962 8574.906999999897 
-58.755018186887696 -0.00876519270495962 8583.239999999896 
-58.755018186887696 -0.00876519270495962 8591.572999999895 
-58.755018186887696 -0.00876519270495962 8599.905999999895 
-58.755018186887696 -0.00876519270495962 8608.238999999896 
-58.755018186887696 -0.00876519270495962 8616.571999999895 
-58.755018186887696 -0.00876519270495962 8624.904999999893 
-58.755018186887696 -0.00876519270495962 8633.237999999894 
-58.755018186887696 -0.00876519270495962 8641.570999999894 
-58.755018186887696 -0.00876519270495962 8649.903999999893 
-58.755018186887696 -0.00876519270495962 8658.236999999892 
-58.755018186887696 -0.00876519270495962 8666.569999999892 
-58.755018186887696 -0.00876519270495962 8674.902999999893 
-58.755018186887696 -0.00876519270495962 8683.235999999892 
-58.755018186887696 -0.00876519270495962 8691.56899999989 
-58.755018186887696 -0.00876519270495962 8699.90199999989 
-58.755018186887696 -0.00876519270495962 8708.234999999891 
-58.755018186887696 -0.00876519270495962 8716.56799999989 
-58.755018186887696 -0.00876519270495962 8724.900999999889 
-58.755018186887696 -0.00876519270495962 8733.23399999989 
-58.755018186887696 -0.00876519270495962 8741.56699999989 
-58.755018186887696 -0.00876519270495962 8749.899999999889 
-58.755018186887696 -0.00876519270495962 8758.232999999887 
-58.755018186887696 -0.00876519270495962 8766.565999999888 
-58.755018186887696 -0.00876519270495962 8774.898999999888 
-58.755018186887696 -0.00876519270495962 8783.231999999887 
-58.755018186887696 -0.00876519270495962 8791.564999999886 
-58.755018186887696 -0.00876519270495962 8799.897999999886 
-58.755018186887696 -0.00876519270495962 8808.230999999887 
-58.755018186887696 -0.00876519270495962 8816.563999999886 
-58.755018186887696 -0.00876519270495962 8824.896999999884 
-58.755018186887696 -0.00876519270495962 8833.229999999885 
-58.755018186887696 -0.00876519270495962 8841.562999999886 
-58.755018186887696 -0.00876519270495962 8849.895999999884 
-58.755018186887696 -0.00876519270495962 8858.228999999883 
-58.755018186887696 -0.00876519270495962 8866.561999999883 
-58.755018186887696 -0.00876519270495962 8874.894999999884 
-58.755018186887696 -0.00876519270495962 8883.227999999883 
-58.755018186887696 -0.00876519270495962 8891.560999999881 
-58.755018186887696 -0.00876519270495962 8899.893999999882 
-58.755018186887696 -0.00876519270495962 8908.226999999883 
-58.755018186887696 -0.00876519270495962 8916.559999999881 
-58.755018186887696 -0.00876519270495962 8924.89299999988 
-58.755018186887696 -0.00876519270495962 8933.22599999988 
-58.755018186887696 -0.00876519270495962 8941.558999999881 
-58.755018186887696 -0.00876519270495962 8949.89199999988 
-58.755018186887696 -0.00876519270495962 8958.224999999878 
-58.755018186887696 -0.00876519270495962 8966.557999999879 
-58.755018186887696 -0.00876519270495962 8974.89099999988 
-58.755018186887696 -0.00876519270495962 8983.223999999878 
-58.755018186887696 -0.00876519270495962 8991.556999999877 
-58.755018186887696 -0.00876519270495962 8999.889999999878 
-58.755018186887696 -0.00876519270495962 9008.222999999878 
-58.755018186887696 -0.00876519270495962 9016.555999999877 
-58.755018186887696 -0.00876519270495962 9024.888999999876 
-58.755018186887696 -0.00876519270495962 9033.221999999876 
-58.755018186887696 -0.00876519270495962 9041.554999999877 
-58.755018186887696 -0.00876519270495962 9049.887999999875 
-58.755018186887696 -0.00876519270495962 9058.220999999874 
-58.755018186887696 -0.00876519270495962 9066.553999999875 
-58.755018186887696 -0.00876519270495962 9074.886999999875 
-58.755018186887696 -0.00876519270495962 9083.219999999874 
-58.755018186887696 -0.00876519270495962 9091.552999999873 
-58.755018186887696 -0.00876519270495962 9099.885999999873 
-58.755018186887696 -0.00876519270495962 9108.218999999874 
-58.755018186887696 -0.00876519270495962 9116.551999999872 
-58.755018186887696 -0.00876519270495962 9124.884999999871 
-58.755018186887696 -0.00876519270495962 9133.217999999872 
-58.755018186887696 -0.00876519270495962 9141.550999999872 
-58.755018186887696 -0.00876519270495962 9149.88399999987 
-58.755018186887696 -0.00876519270495962 9158.21699999987 
-58.755018186887696 -0.00876519270495962 9166.54999999987 
-58.755018186887696 -0.00876519270495962 9174.88299999987 
-58.755018186887696 -0.00876519270495962 9183.21599999987 
-58.755018186887696 -0.00876519270495962 9191.548999999868 
-58.755018186887696 -0.00876519270495962 9199.881999999869 
-58.755018186887696 -0.00876519270495962 9208.21499999987 
-58.755018186887696 -0.00876519270495962 9216.547999999868 
-58.755018186887696 -0.00876519270495962 9224.880999999867 
-58.755018186887696 -0.00876519270495962 9233.213999999867 
-58.755018186887696 -0.00876519270495962 9241.546999999868 
-58.755018186887696 -0.00876519270495962 9249.879999999866 
-58.755018186887696 -0.00876519270495962 9258.212999999865 
-58.755018186887696 -0.00876519270495962 9266.545999999866 
-58.755018186887696 -0.00876519270495962 9274.878999999866 
-58.755018186887696 -0.00876519270495962 9283.211999999865 
-58.755018186887696 -0.00876519270495962 9291.544999999864 
-58.755018186887696 -0.00876519270495962 9299.877999999864 
-58.755018186887696 -0.00876519270495962 9308.210999999865 
-58.755018186887696 -0.00876519270495962 9316.543999999863 
-58.755018186887696 -0.00876519270495962 9324.876999999862 
-58.755018186887696 -0.00876519270495962 9333.209999999863 
-58.755018186887696 -0.00876519270495962 9341.542999999863 
-58.755018186887696 -0.00876519270495962 9349.875999999862 
-58.755018186887696 -0.00876519270495962 9358.20899999986 
-58.755018186887696 -0.00876519270495962 9366.541999999861 
-58.755018186887696 -0.00876519270495962 9374.874999999862 
-58.755018186887696 -0.00876519270495962 9383.20799999986 
-58.755018186887696 -0.00876519270495962 9391.54099999986 
-58.755018186887696 -0.00876519270495962 9399.87399999986 
-58.755018186887696 -0.00876519270495962 9408.20699999986 
-58.755018186887696 -0.00876519270495962 9416.539999999859 
-58.755018186887696 -0.00876519270495962 9424.872999999858 
-58.755018186887696 -0.00876519270495962 9433.205999999858 
-58.755018186887696 -0.00876519270495962 9441.538999999859 
-58.755018186887696 -0.00876519270495962 9449.871999999858 
-58.755018186887696 -0.00876519270495962 9458.204999999856 
-58.755018186887696 -0.00876519270495962 9466.537999999857 
-58.755018186887696 -0.00876519270495962 9474.870999999857 
-58.755018186887696 -0.00876519270495962 9483.203999999856 
-58.755018186887696 -0.00876519270495962 9491.536999999855 
-58.755018186887696 -0.00876519270495962 9499.869999999855 
-58.755018186887696 -0.00876519270495962 9508.202999999856 
-58.755018186887696 -0.00876519270495962 9516.535999999855 
-58.755018186887696 -0.00876519270495962 9524.868999999853 
-58.755018186887696 -0.00876519270495962 9533.201999999854 
-58.755018186887696 -0.00876519270495962 9541.534999999854 
-58.755018186887696 -0.00876519270495962 9549.867999999853 
-58.755018186887696 -0.00876519270495962 9558.200999999852 
-58.755018186887696 -0.00876519270495962 9566.533999999852 
-58.755018186887696 -0.00876519270495962 9574.866999999853 
-58.755018186887696 -0.00876519270495962 9583.199999999852 
-58.755018186887696 -0.00876519270495962 9591.53299999985 
-58.755018186887696 -0.00876519270495962 9599.86599999985 
-58.755018186887696 -0.00876519270495962 9608.198999999851 
-58.755018186887696 -0.00876519270495962 9616.53199999985 
-58.755018186887696 -0.00876519270495962 9624.864999999849 
-58.755018186887696 -0.00876519270495962 9633.19799999985 
-58.755018186887696 -0.00876519270495962 9641.53099999985 
-58.755018186887696 -0.00876519270495962 9649.863999999849 
-58.755018186887696 -0.00876519270495962 9658.196999999847 
-58.755018186887696 -0.00876519270495962 9666.529999999848 
-58.755018186887696 -0.00876519270495962 9674.862999999848 
-58.755018186887696 -0.00876519270495962 9683.195999999847 
-58.755018186887696 -0.00876519270495962 9691.528999999846 
-58.755018186887696 -0.00876519270495962 9699.861999999846 
-58.755018186887696 -0.00876519270495962 9708.194999999847 
-58.755018186887696 -0.00876519270495962 9716.527999999846 
-58.755018186887696 -0.00876519270495962 9724.860999999844 
-58.755018186887696 -0.00876519270495962 9733.193999999845 
-58.755018186887696 -0.00876519270495962 9741.526999999845 
-58.755018186887696 -0.00876519270495962 9749.859999999844 
-58.755018186887696 -0.00876519270495962 9758.192999999843 
-58.755018186887696 -0.00876519270495962 9766.525999999843 
-58.755018186887696 -0.00876519270495962 9774.858999999844 
-58.755018186887696 -0.00876519270495962 9783.191999999843 
-58.755018186887696 -0.00876519270495962 9791.524999999841 
-58.755018186887696 -0.00876519270495962 9799.857999999842 
-58.755018186887696 -0.00876519270495962 9808.190999999842 
-58.755018186887696 -0.00876519270495962 9816.523999999841 
-58.755018186887696 -0.00876519270495962 9824.85699999984 
-58.755018186887696 -0.00876519270495962 9833.18999999984 
-58.755018186887696 -0.00876519270495962 9841.522999999841 
-58.755018186887696 -0.00876519270495962 9849.85599999984 
-58.755018186887696 -0.00876519270495962 9858.188999999838 
-58.755018186887696 -0.00876519270495962 9866.521999999839 
-58.755018186887696 -0.00876519270495962 9874.85499999984 
-58.755018186887696 -0.00876519270495962 9883.187999999838 
-58.755018186887696 -0.00876519270495962 9891.520999999837 
-58.755018186887696 -0.00876519270495962 9899.853999999837 
-58.755018186887696 -0.00876519270495962 9908.186999999838 
-58.755018186887696 -0.00876519270495962 9916.519999999837 
-58.755018186887696 -0.00876519270495962 9924.852999999835 
-58.755018186887696 -0.00876519270495962 9933.185999999836 
-58.755018186887696 -0.00876519270495962 9941.518999999837 
-58.755018186887696 -0.00876519270495962 9949.851999999835 
-58.755018186887696 -0.00876519270495962 9958.184999999834 
-58.755018186887696 -0.00876519270495962 9966.517999999835 
-58.755018186887696 -0.00876519270495962 9974.850999999835 
-58.755018186887696 -0.00876519270495962 9983.183999999834 
-58.755018186887696 -0.00876519270495962 9991.516999999832 
-58.755018186887696 -0.00876519270495962 9999.849999999833 
-58.755018186887696 -0.00876519270495962 10008.182999999834 
-58.755018186887696 -0.00876519270495962 10016.515999999832 
-58.755018186887696 -0.00876519270495962 10024.848999999831 
-58.755018186887696 -0.00876519270495962 10033.181999999832 
-58.755018186887696 -0.00876519270495962 10041.514999999832 
-58.755018186887696 -0.00876519270495962 10049.84799999983 
-58.755018186887696 -0.00876519270495962 10058.18099999983 
-58.755018186887696 -0.00876519270495962 10066.51399999983 
-58.755018186887696 -0.00876519270495962 10074.84699999983 
-58.755018186887696 -0.00876519270495962 10083.17999999983 
-58.755018186887696 -0.00876519270495962 10091.512999999828 
-58.755018186887696 -0.00876519270495962 10099.845999999829 
-58.755018186887696 -0.00876519270495962 10108.17899999983 
-58.755018186887696 -0.00876519270495962 10116.511999999828 
-58.755018186887696 -0.00876519270495962 10124.844999999827 
-58.755018186887696 -0.00876519270495962 10133.177999999827 
-58.755018186887696 -0.00876519270495962 10141.510999999828 
-58.755018186887696 -0.00876519270495962 10149.843999999826 
-58.755018186887696 -0.00876519270495962 10158.176999999825 
-58.755018186887696 -0.00876519270495962 10166.509999999826 
-58.755018186887696 -0.00876519270495962 10174.842999999826 
-58.755018186887696 -0.00876519270495962 10183.175999999825 
-58.755018186887696 -0.00876519270495962 10191.508999999824 
-58.755018186887696 -0.00876519270495962 10199.841999999824 
-58.755018186887696 -0.00876519270495962 10208.174999999825 
-58.755018186887696 -0.00876519270495962 10216.507999999823 
-58.755018186887696 -0.00876519270495962 10224.840999999822 
-58.755018186887696 -0.00876519270495962 10233.173999999823 
-58.755018186887696 -0.00876519270495962 10241.506999999823 
-58.755018186887696 -0.00876519270495962 10249.839999999822 
-58.755018186887696 -0.00876519270495962 10258.17299999982 
-58.755018186887696 -0.00876519270495962 10266.505999999821 
-58.755018186887696 -0.00876519270495962 10274.838999999822 
-58.755018186887696 -0.00876519270495962 10283.17199999982 
-58.755018186887696 -0.00876519270495962 10291.50499999982 
-58.755018186887696 -0.00876519270495962 10299.83799999982 
-58.755018186887696 -0.00876519270495962 10308.17099999982 
-58.755018186887696 -0.00876519270495962 10316.503999999819 
-58.755018186887696 -0.00876519270495962 10324.836999999818 
-58.755018186887696 -0.00876519270495962 10333.169999999818 
-58.755018186887696 -0.00876519270495962 10341.502999999819 
-58.755018186887696 -0.00876519270495962 10349.835999999817 
-58.755018186887696 -0.00876519270495962 10358.168999999816 
-58.755018186887696 -0.00876519270495962 10366.501999999817 
-58.755018186887696 -0.00876519270495962 10374.834999999817 
-58.755018186887696 -0.00876519270495962 10383.167999999816 
-58.755018186887696 -0.00876519270495962 10391.500999999815 
-58.755018186887696 -0.00876519270495962 10399.833999999815 
-58.755018186887696 -0.00876519270495962 10408.166999999816 
-58.755018186887696 -0.00876519270495962 10416.499999999814 
-58.755018186887696 -0.00876519270495962 10424.832999999813 
-58.755018186887696 -0.00876519270495962 10433.165999999814 
-58.755018186887696 -0.00876519270495962 10441.498999999814 
-58.755018186887696 -0.00876519270495962 10449.831999999813 
-58.755018186887696 -0.00876519270495962 10458.164999999812 
-58.755018186887696 -0.00876519270495962 10466.497999999812 
-58.755018186887696 -0.00876519270495962 10474.830999999813 
-58.755018186887696 -0.00876519270495962 10483.163999999811 
-58.755018186887696 -0.00876519270495962 10491.49699999981 
-58.755018186887696 -0.00876519270495962 10499.82999999981 
-58.755018186887696 -0.00876519270495962 10508.162999999811 
-58.755018186887696 -0.00876519270495962 10516.49599999981 
-58.755018186887696 -0.00876519270495962 10524.828999999809 
-58.755018186887696 -0.00876519270495962 10533.16199999981 
-58.755018186887696 -0.00876519270495962 10541.49499999981 
-58.755018186887696 -0.00876519270495962 10549.827999999809 
-58.755018186887696 -0.00876519270495962 10558.160999999807 
-58.755018186887696 -0.00876519270495962 10566.493999999808 
-58.755018186887696 -0.00876519270495962 10574.826999999808 
-58.755018186887696 -0.00876519270495962 10583.159999999807 
-58.755018186887696 -0.00876519270495962 10591.492999999806 
-58.755018186887696 -0.00876519270495962 10599.825999999806 
-58.755018186887696 -0.00876519270495962 10608.158999999807 
-58.755018186887696 -0.00876519270495962 10616.491999999806 
-58.755018186887696 -0.00876519270495962 10624.824999999804 
-58.755018186887696 -0.00876519270495962 10633.157999999805 
-58.755018186887696 -0.00876519270495962 10641.490999999805 
-58.755018186887696 -0.00876519270495962 10649.823999999804 
-58.755018186887696 -0.00876519270495962 10658.156999999803 
-58.755018186887696 -0.00876519270495962 10666.489999999803 
-58.755018186887696 -0.00876519270495962 10674.822999999804 
-58.755018186887696 -0.00876519270495962 10683.155999999803 
-58.755018186887696 -0.00876519270495962 10691.488999999801 
-58.755018186887696 -0.00876519270495962 10699.821999999802 
-58.755018186887696 -0.00876519270495962 10708.154999999802 
-58.755018186887696 -0.00876519270495962 10716.487999999801 
-58.755018186887696 -0.00876519270495962 10724.8209999998 
-58.755018186887696 -0.00876519270495962 10733.1539999998 
-58.755018186887696 -0.00876519270495962 10741.4869999998 
-58.755018186887696 -0.00876519270495962 10749.8199999998 
-58.755018186887696 -0.00876519270495962 10758.152999999798 
-58.755018186887696 -0.00876519270495962 10766.485999999799 
-58.755018186887696 -0.00876519270495962 10774.8189999998 
-58.755018186887696 -0.00876519270495962 10783.151999999798 
-58.755018186887696 -0.00876519270495962 10791.484999999797 
-58.755018186887696 -0.00876519270495962 10799.817999999797 
-58.755018186887696 -0.00876519270495962 10808.150999999798 
-58.755018186887696 -0.00876519270495962 10816.483999999797 
-58.755018186887696 -0.00876519270495962 10824.816999999795 
-58.755018186887696 -0.00876519270495962 10833.149999999796 
-58.755018186887696 -0.00876519270495962 10841.482999999796 
-58.755018186887696 -0.00876519270495962 10849.815999999795 
-58.755018186887696 -0.00876519270495962 10858.148999999794 
-58.755018186887696 -0.00876519270495962 10866.481999999794 
-58.755018186887696 -0.00876519270495962 10874.814999999795 
-58.755018186887696 -0.00876519270495962 10883.147999999794 
-58.755018186887696 -0.00876519270495962 10891.480999999792 
-58.755018186887696 -0.00876519270495962 10899.813999999793 
-58.755018186887696 -0.00876519270495962 10908.146999999793 
-58.755018186887696 -0.00876519270495962 10916.479999999792 
-58.755018186887696 -0.00876519270495962 10924.812999999791 
-58.755018186887696 -0.00876519270495962 10933.145999999791 
-58.755018186887696 -0.00876519270495962 10941.478999999792 
-58.755018186887696 -0.00876519270495962 10949.81199999979 
-58.755018186887696 -0.00876519270495962 10958.14499999979 
-58.755018186887696 -0.00876519270495962 10966.47799999979 
-58.755018186887696 -0.00876519270495962 10974.81099999979 
-58.755018186887696 -0.00876519270495962 10983.14399999979 
-58.755018186887696 -0.00876519270495962 10991.476999999788 
-58.755018186887696 -0.00876519270495962 10999.809999999788 
-58.755018186887696 -0.00876519270495962 11008.142999999789 
-58.755018186887696 -0.00876519270495962 11016.475999999788 
-58.755018186887696 -0.00876519270495962 11024.808999999786 
-58.755018186887696 -0.00876519270495962 11033.141999999787 
-58.755018186887696 -0.00876519270495962 11041.474999999788 
-58.755018186887696 -0.00876519270495962 11049.807999999786 
-58.755018186887696 -0.00876519270495962 11058.140999999785 
-58.755018186887696 -0.00876519270495962 11066.473999999786 
-58.755018186887696 -0.00876519270495962 11074.806999999786 
-58.755018186887696 -0.00876519270495962 11083.139999999785 
-58.755018186887696 -0.00876519270495962 11091.472999999783 
-58.755018186887696 -0.00876519270495962 11099.805999999784 
-58.755018186887696 -0.00876519270495962 11108.138999999785 
-58.755018186887696 -0.00876519270495962 11116.471999999783 
-58.755018186887696 -0.00876519270495962 11124.804999999782 
-58.755018186887696 -0.00876519270495962 11133.137999999783 
-58.755018186887696 -0.00876519270495962 11141.470999999783 
-58.755018186887696 -0.00876519270495962 11149.803999999782 
-58.755018186887696 -0.00876519270495962 11158.13699999978 
-58.755018186887696 -0.00876519270495962 11166.469999999781 
-58.755018186887696 -0.00876519270495962 11174.802999999782 
-58.755018186887696 -0.00876519270495962 11183.13599999978 
-58.755018186887696 -0.00876519270495962 11191.468999999779 
-58.755018186887696 -0.00876519270495962 11199.80199999978 
-58.755018186887696 -0.00876519270495962 11208.13499999978 
-58.755018186887696 -0.00876519270495962 11216.467999999779 
-58.755018186887696 -0.00876519270495962 11224.800999999778 
-58.755018186887696 -0.00876519270495962 11233.133999999778 
-58.755018186887696 -0.00876519270495962 11241.466999999779 
-58.755018186887696 -0.00876519270495962 11249.799999999777 
-58.755018186887696 -0.00876519270495962 11258.132999999776 
-58.755018186887696 -0.00876519270495962 11266.465999999777 
-58.755018186887696 -0.00876519270495962 11274.798999999777 
-58.755018186887696 -0.00876519270495962 11283.131999999776 
-58.755018186887696 -0.00876519270495962 11291.464999999775 
-58.755018186887696 -0.00876519270495962 11299.797999999775 
-58.755018186887696 -0.00876519270495962 11308.130999999776 
-58.755018186887696 -0.00876519270495962 11316.463999999774 
-58.755018186887696 -0.00876519270495962 11324.796999999773 
-58.755018186887696 -0.00876519270495962 11333.129999999774 
-58.755018186887696 -0.00876519270495962 11341.462999999774 
-58.755018186887696 -0.00876519270495962 11349.795999999773 
-58.755018186887696 -0.00876519270495962 11358.128999999772 
-58.755018186887696 -0.00876519270495962 11366.461999999772 
-58.755018186887696 -0.00876519270495962 11374.794999999773 
-58.755018186887696 -0.00876519270495962 11383.127999999771 
-58.755018186887696 -0.00876519270495962 11391.46099999977 
-58.755018186887696 -0.00876519270495962 11399.79399999977 
-58.755018186887696 -0.00876519270495962 11408.126999999771 
-58.755018186887696 -0.00876519270495962 11416.45999999977 
-58.755018186887696 -0.00876519270495962 11424.792999999769 
-58.755018186887696 -0.00876519270495962 11433.12599999977 
-58.755018186887696 -0.00876519270495962 11441.45899999977 
-58.755018186887696 -0.00876519270495962 11449.791999999768 
-58.755018186887696 -0.00876519270495962 11458.124999999767 
-58.755018186887696 -0.00876519270495962 11466.457999999768 
-58.755018186887696 -0.00876519270495962 11474.790999999768 
-58.755018186887696 -0.00876519270495962 11483.123999999767 
-58.755018186887696 -0.00876519270495962 11491.456999999766 
-58.755018186887696 -0.00876519270495962 11499.789999999766 
-58.755018186887696 -0.00876519270495962 11508.122999999767 
-58.755018186887696 -0.00876519270495962 11516.455999999765 
-58.755018186887696 -0.00876519270495962 11524.788999999764 
-58.755018186887696 -0.00876519270495962 11533.121999999765 
-58.755018186887696 -0.00876519270495962 11541.454999999765 
-58.755018186887696 -0.00876519270495962 11549.787999999764 
-58.755018186887696 -0.00876519270495962 11558.120999999763 
-58.755018186887696 -0.00876519270495962 11566.453999999763 
-58.755018186887696 -0.00876519270495962 11574.786999999764 
-58.755018186887696 -0.00876519270495962 11583.119999999763 
-58.755018186887696 -0.00876519270495962 11591.452999999761 
-58.755018186887696 -0.00876519270495962 11599.785999999762 
-58.755018186887696 -0.00876519270495962 11608.118999999762 
-58.755018186887696 -0.00876519270495962 11616.451999999761 
-58.755018186887696 -0.00876519270495962 11624.78499999976 
-58.755018186887696 -0.00876519270495962 11633.11799999976 
-58.755018186887696 -0.00876519270495962 11641.45099999976 
-58.755018186887696 -0.00876519270495962 11649.78399999976 
-58.755018186887696 -0.00876519270495962 11658.116999999758 
-58.755018186887696 -0.00876519270495962 11666.449999999759 
-58.755018186887696 -0.00876519270495962 11674.78299999976 
-58.755018186887696 -0.00876519270495962 11683.115999999758 
-58.755018186887696 -0.00876519270495962 11691.448999999757 
-58.755018186887696 -0.00876519270495962 11699.781999999757 
-58.755018186887696 -0.00876519270495962 11708.114999999758 
-58.755018186887696 -0.00876519270495962 11716.447999999757 
-58.755018186887696 -0.00876519270495962 11724.780999999755 
-58.755018186887696 -0.00876519270495962 11733.113999999756 
-58.755018186887696 -0.00876519270495962 11741.446999999756 
-58.755018186887696 -0.00876519270495962 11749.779999999755 
-58.755018186887696 -0.00876519270495962 11758.112999999754 
-58.755018186887696 -0.00876519270495962 11766.445999999754 
-58.755018186887696 -0.00876519270495962 11774.778999999755 
-58.755018186887696 -0.00876519270495962 11783.111999999754 
-58.755018186887696 -0.00876519270495962 11791.444999999752 
-58.755018186887696 -0.00876519270495962 11799.777999999753 
-58.755018186887696 -0.00876519270495962 11808.110999999753 
-58.755018186887696 -0.00876519270495962 11816.443999999752 
-58.755018186887696 -0.00876519270495962 11824.77699999975 
-58.755018186887696 -0.00876519270495962 11833.109999999751 
-58.755018186887696 -0.00876519270495962 11841.442999999752 
-58.755018186887696 -0.00876519270495962 11849.77599999975 
-58.755018186887696 -0.00876519270495962 11858.10899999975 
-58.755018186887696 -0.00876519270495962 11866.44199999975 
-58.755018186887696 -0.00876519270495962 11874.77499999975 
-58.755018186887696 -0.00876519270495962 11883.10799999975 
-58.755018186887696 -0.00876519270495962 11891.440999999748 
-58.755018186887696 -0.00876519270495962 11899.773999999748 
-58.755018186887696 -0.00876519270495962 11908.106999999749 
-58.755018186887696 -0.00876519270495962 11916.439999999748 
-58.755018186887696 -0.00876519270495962 11924.772999999746 
-58.755018186887696 -0.00876519270495962 11933.105999999747 
-58.755018186887696 -0.00876519270495962 11941.438999999747 
-58.755018186887696 -0.00876519270495962 11949.771999999746 
-58.755018186887696 -0.00876519270495962 11958.104999999745 
-58.755018186887696 -0.00876519270495962 11966.437999999745 
-58.755018186887696 -0.00876519270495962 11974.770999999746 
-58.755018186887696 -0.00876519270495962 11983.103999999745 
-58.755018186887696 -0.00876519270495962 11991.436999999743 
-58.755018186887696 -0.00876519270495962 11999.769999999744 
-58.755018186887696 -0.00876519270495962 12008.102999999744 
-58.755018186887696 -0.00876519270495962 12016.435999999743 
-58.755018186887696 -0.00876519270495962 12024.768999999742 
-58.755018186887696 -0.00876519270495962 12033.101999999742 
-58.755018186887696 -0.00876519270495962 12041.434999999743 
-58.755018186887696 -0.00876519270495962 12049.767999999742 
-58.755018186887696 -0.00876519270495962 12058.10099999974 
-58.755018186887696 -0.00876519270495962 12066.433999999741 
-58.755018186887696 -0.00876519270495962 12074.766999999742 
-58.755018186887696 -0.00876519270495962 12083.09999999974 
-58.755018186887696 -0.00876519270495962 12091.432999999739 
-58.755018186887696 -0.00876519270495962 12099.76599999974 
-58.755018186887696 -0.00876519270495962 12108.09899999974 
-58.755018186887696 -0.00876519270495962 12116.431999999739 
-58.755018186887696 -0.00876519270495962 12124.764999999737 
-58.755018186887696 -0.00876519270495962 12133.097999999738 
-58.755018186887696 -0.00876519270495962 12141.430999999739 
-58.755018186887696 -0.00876519270495962 12149.763999999737 
-58.755018186887696 -0.00876519270495962 12158.096999999736 
-58.755018186887696 -0.00876519270495962 12166.429999999737 
-58.755018186887696 -0.00876519270495962 12174.762999999737 
-58.755018186887696 -0.00876519270495962 12183.095999999736 
-58.755018186887696 -0.00876519270495962 12191.428999999735 
-58.755018186887696 -0.00876519270495962 12199.761999999735 
-58.755018186887696 -0.00876519270495962 12208.094999999736 
-58.755018186887696 -0.00876519270495962 12216.427999999734 
-58.755018186887696 -0.00876519270495962 12224.760999999733 
-58.755018186887696 -0.00876519270495962 12233.093999999734 
-58.755018186887696 -0.00876519270495962 12241.426999999734 
-58.755018186887696 -0.00876519270495962 12249.759999999733 
-58.755018186887696 -0.00876519270495962 12258.092999999732 
-58.755018186887696 -0.00876519270495962 12266.425999999732 
-58.755018186887696 -0.00876519270495962 12274.758999999733 
-58.755018186887696 -0.00876519270495962 12283.091999999731 
-58.755018186887696 -0.00876519270495962 12291.42499999973 
-58.755018186887696 -0.00876519270495962 12299.75799999973 
-58.755018186887696 -0.00876519270495962 12308.090999999731 
-58.755018186887696 -0.00876519270495962 12316.42399999973 
-58.755018186887696 -0.00876519270495962 12324.756999999729 
-58.755018186887696 -0.00876519270495962 12333.08999999973 
-58.755018186887696 -0.00876519270495962 12341.42299999973 
-58.755018186887696 -0.00876519270495962 12349.755999999728 
-58.755018186887696 -0.00876519270495962 12358.088999999727 
-58.755018186887696 -0.00876519270495962 12366.421999999728 
-58.755018186887696 -0.00876519270495962 12374.754999999728 
-58.755018186887696 -0.00876519270495962 12383.087999999727 
-58.755018186887696 -0.00876519270495962 12391.420999999726 
-58.755018186887696 -0.00876519270495962 12399.753999999726 
-58.755018186887696 -0.00876519270495962 12408.086999999727 
-58.755018186887696 -0.00876519270495962 12416.419999999725 
-58.755018186887696 -0.00876519270495962 12424.752999999724 
-58.755018186887696 -0.00876519270495962 12433.085999999725 
-58.755018186887696 -0.00876519270495962 12441.418999999725 
-58.755018186887696 -0.00876519270495962 12449.751999999724 
-58.755018186887696 -0.00876519270495962 12458.084999999723 
-58.755018186887696 -0.00876519270495962 12466.417999999723 
-58.755018186887696 -0.00876519270495962 12474.750999999724 
-58.755018186887696 -0.00876519270495962 12483.083999999722 
-58.755018186887696 -0.00876519270495962 12491.416999999721 
-58.755018186887696 -0.00876519270495962 12499.749999999722 
