1501 
-117.8753177952676 -0.00876519270495238 0.2500000002783054 
-117.8753177952676 -0.00876519270495238 8.583000000278844 
-117.8753177952676 -0.00876519270495238 16.916000000277563 
-117.8753177952676 -0.00876519270495238 25.249000000276283 
-117.8753177952676 -0.00876519270495238 33.58200000027682 
-117.8753177952676 -0.00876519270495238 41.91500000027736 
-117.8753177952676 -0.00876519270495238 50.24800000027608 
-117.8753177952676 -0.00876519270495238 58.5810000002748 
-117.8753177952676 -0.00876519270495238 66.91400000027534 
-117.8753177952676 -0.00876519270495238 75.24700000027588 
-117.8753177952676 -0.00876519270495238 83.5800000002746 
-117.8753177952676 -0.00876519270495238 91.91300000027331 
-117.8753177952676 -0.00876519270495238 100.24600000027385 
-117.8753177952676 -0.00876519270495238 108.57900000027439 
-117.8753177952676 -0.00876519270495238 116.91200000027311 
-117.8753177952676 -0.00876519270495238 125.24500000027183 
-117.8753177952676 -0.00876519270495238 133.57800000027237 
-117.8753177952676 -0.00876519270495238 141.9110000002729 
-117.8753177952676 -0.00876519270495238 150.24400000027163 
-117.8753177952676 -0.00876519270495238 158.57700000027035 
-117.8753177952676 -0.00876519270495238 166.91000000027088 
-117.8753177952676 -0.00876519270495238 175.24300000027142 
-117.8753177952676 -0.00876519270495238 183.57600000027014 
-117.8753177952676 -0.00876519270495238 191.90900000026886 
-117.8753177952676 -0.00876519270495238 200.2420000002694 
-117.8753177952676 -0.00876519270495238 208.57500000026994 
-117.8753177952676 -0.00876519270495238 216.90800000026866 
-117.8753177952676 -0.00876519270495238 225.24100000026738 
-117.8753177952676 -0.00876519270495238 233.57400000026792 
-117.8753177952676 -0.00876519270495238 241.90700000026845 
-117.8753177952676 -0.00876519270495238 250.24000000026717 
-117.8753177952676 -0.00876519270495238 258.5730000002659 
-117.8753177952676 -0.00876519270495238 266.90600000026643 
-117.8753177952676 -0.00876519270495238 275.23900000026697 
-117.8753177952676 -0.00876519270495238 283.5720000002657 
-117.8753177952676 -0.00876519270495238 291.9050000002644 
-117.8753177952676 -0.00876519270495238 300.23800000026495 
-117.8753177952676 -0.00876519270495238 308.5710000002655 
-117.8753177952676 -0.00876519270495238 316.9040000002642 
-117.8753177952676 -0.00876519270495238 325.2370000002629 
-117.8753177952676 -0.00876519270495238 333.57000000026346 
-117.8753177952676 -0.00876519270495238 341.903000000264 
-117.8753177952676 -0.00876519270495238 350.2360000002627 
-117.8753177952676 -0.00876519270495238 358.56900000026144 
-117.8753177952676 -0.00876519270495238 366.902000000262 
-117.8753177952676 -0.00876519270495238 375.2350000002625 
-117.8753177952676 -0.00876519270495238 383.56800000026124 
-117.8753177952676 -0.00876519270495238 391.90100000025996 
-117.8753177952676 -0.00876519270495238 400.2340000002605 
-117.8753177952676 -0.00876519270495238 408.56700000026103 
-117.8753177952676 -0.00876519270495238 416.90000000025975 
-117.8753177952676 -0.00876519270495238 425.23300000025847 
-117.8753177952676 -0.00876519270495238 433.566000000259 
-117.8753177952676 -0.00876519270495238 441.89900000025955 
-117.8753177952676 -0.00876519270495238 450.23200000025827 
-117.8753177952676 -0.00876519270495238 458.565000000257 
-117.8753177952676 -0.00876519270495238 466.8980000002575 
-117.8753177952676 -0.00876519270495238 475.23100000025806 
-117.8753177952676 -0.00876519270495238 483.5640000002568 
-117.8753177952676 -0.00876519270495238 491.8970000002555 
-117.8753177952676 -0.00876519270495238 500.23000000025604 
-117.8753177952676 -0.00876519270495238 508.5630000002566 
-117.8753177952676 -0.00876519270495238 516.8960000002553 
-117.8753177952676 -0.00876519270495238 525.229000000254 
-117.8753177952676 -0.00876519270495238 533.5620000002546 
-117.8753177952676 -0.00876519270495238 541.8950000002551 
-117.8753177952676 -0.00876519270495238 550.2280000002538 
-117.8753177952676 -0.00876519270495238 558.5610000002525 
-117.8753177952676 -0.00876519270495238 566.8940000002531 
-117.8753177952676 -0.00876519270495238 575.2270000002536 
-117.8753177952676 -0.00876519270495238 583.5600000002523 
-117.8753177952676 -0.00876519270495238 591.893000000251 
-117.8753177952676 -0.00876519270495238 600.2260000002516 
-117.8753177952676 -0.00876519270495238 608.5590000002521 
-117.8753177952676 -0.00876519270495238 616.8920000002508 
-117.8753177952676 -0.00876519270495238 625.2250000002496 
-117.8753177952676 -0.00876519270495238 633.5580000002501 
-117.8753177952676 -0.00876519270495238 641.8910000002506 
-117.8753177952676 -0.00876519270495238 650.2240000002494 
-117.8753177952676 -0.00876519270495238 658.5570000002481 
-117.8753177952676 -0.00876519270495238 666.8900000002486 
-117.8753177952676 -0.00876519270495238 675.2230000002492 
-117.8753177952676 -0.00876519270495238 683.5560000002479 
-117.8753177952676 -0.00876519270495238 691.8890000002466 
-117.8753177952676 -0.00876519270495238 700.2220000002471 
-117.8753177952676 -0.00876519270495238 708.5550000002477 
-117.8753177952676 -0.00876519270495238 716.8880000002464 
-117.8753177952676 -0.00876519270495238 725.2210000002451 
-117.8753177952676 -0.00876519270495238 733.5540000002457 
-117.8753177952676 -0.00876519270495238 741.8870000002462 
-117.8753177952676 -0.00876519270495238 750.2200000002449 
-117.8753177952676 -0.00876519270495238 758.5530000002436 
-117.8753177952676 -0.00876519270495238 766.8860000002442 
-117.8753177952676 -0.00876519270495238 775.2190000002447 
-117.8753177952676 -0.00876519270495238 783.5520000002434 
-117.8753177952676 -0.00876519270495238 791.8850000002421 
-117.8753177952676 -0.00876519270495238 800.2180000002427 
-117.8753177952676 -0.00876519270495238 808.5510000002432 
-117.8753177952676 -0.00876519270495238 816.8840000002419 
-117.8753177952676 -0.00876519270495238 825.2170000002407 
-117.8753177952676 -0.00876519270495238 833.5500000002412 
-117.8753177952676 -0.00876519270495238 841.8830000002417 
-117.8753177952676 -0.00876519270495238 850.2160000002405 
-117.8753177952676 -0.00876519270495238 858.5490000002392 
-117.8753177952676 -0.00876519270495238 866.8820000002397 
-117.8753177952676 -0.00876519270495238 875.2150000002403 
-117.8753177952676 -0.00876519270495238 883.548000000239 
-117.8753177952676 -0.00876519270495238 891.8810000002377 
-117.8753177952676 -0.00876519270495238 900.2140000002382 
-117.8753177952676 -0.00876519270495238 908.5470000002388 
-117.8753177952676 -0.00876519270495238 916.8800000002375 
-117.8753177952676 -0.00876519270495238 925.2130000002362 
-117.8753177952676 -0.00876519270495238 933.5460000002367 
-117.8753177952676 -0.00876519270495238 941.8790000002373 
-117.8753177952676 -0.00876519270495238 950.212000000236 
-117.8753177952676 -0.00876519270495238 958.5450000002347 
-117.8753177952676 -0.00876519270495238 966.8780000002353 
-117.8753177952676 -0.00876519270495238 975.2110000002358 
-117.8753177952676 -0.00876519270495238 983.5440000002345 
-117.8753177952676 -0.00876519270495238 991.8770000002332 
-117.8753177952676 -0.00876519270495238 1000.2100000002338 
-117.8753177952676 -0.00876519270495238 1008.5430000002343 
-117.8753177952676 -0.00876519270495238 1016.876000000233 
-117.8753177952676 -0.00876519270495238 1025.2090000002318 
-117.8753177952676 -0.00876519270495238 1033.5420000002323 
-117.8753177952676 -0.00876519270495238 1041.8750000002328 
-117.8753177952676 -0.00876519270495238 1050.2080000002316 
-117.8753177952676 -0.00876519270495238 1058.5410000002303 
-117.8753177952676 -0.00876519270495238 1066.8740000002308 
-117.8753177952676 -0.00876519270495238 1075.2070000002313 
-117.8753177952676 -0.00876519270495238 1083.54000000023 
-117.8753177952676 -0.00876519270495238 1091.8730000002288 
-117.8753177952676 -0.00876519270495238 1100.2060000002293 
-117.8753177952676 -0.00876519270495238 1108.5390000002299 
-117.8753177952676 -0.00876519270495238 1116.8720000002286 
-117.8753177952676 -0.00876519270495238 1125.2050000002273 
-117.8753177952676 -0.00876519270495238 1133.5380000002278 
-117.8753177952676 -0.00876519270495238 1141.8710000002284 
-117.8753177952676 -0.00876519270495238 1150.204000000227 
-117.8753177952676 -0.00876519270495238 1158.5370000002258 
-117.8753177952676 -0.00876519270495238 1166.8700000002264 
-117.8753177952676 -0.00876519270495238 1175.203000000227 
-117.8753177952676 -0.00876519270495238 1183.5360000002256 
-117.8753177952676 -0.00876519270495238 1191.8690000002243 
-117.8753177952676 -0.00876519270495238 1200.2020000002249 
-117.8753177952676 -0.00876519270495238 1208.5350000002254 
-117.8753177952676 -0.00876519270495238 1216.8680000002241 
-117.8753177952676 -0.00876519270495238 1225.2010000002228 
-117.8753177952676 -0.00876519270495238 1233.5340000002234 
-117.8753177952676 -0.00876519270495238 1241.867000000224 
-117.8753177952676 -0.00876519270495238 1250.2000000002226 
-117.8753177952676 -0.00876519270495238 1258.5330000002214 
-117.8753177952676 -0.00876519270495238 1266.866000000222 
-117.8753177952676 -0.00876519270495238 1275.1990000002224 
-117.8753177952676 -0.00876519270495238 1283.5320000002212 
-117.8753177952676 -0.00876519270495238 1291.8650000002199 
-117.8753177952676 -0.00876519270495238 1300.1980000002204 
-117.8753177952676 -0.00876519270495238 1308.531000000221 
-117.8753177952676 -0.00876519270495238 1316.8640000002197 
-117.8753177952676 -0.00876519270495238 1325.1970000002184 
-117.8753177952676 -0.00876519270495238 1333.530000000219 
-117.8753177952676 -0.00876519270495238 1341.8630000002195 
-117.8753177952676 -0.00876519270495238 1350.1960000002182 
-117.8753177952676 -0.00876519270495238 1358.529000000217 
-117.8753177952676 -0.00876519270495238 1366.8620000002174 
-117.8753177952676 -0.00876519270495238 1375.195000000218 
-117.8753177952676 -0.00876519270495238 1383.5280000002167 
-117.8753177952676 -0.00876519270495238 1391.8610000002154 
-117.8753177952676 -0.00876519270495238 1400.194000000216 
-117.8753177952676 -0.00876519270495238 1408.5270000002165 
-117.8753177952676 -0.00876519270495238 1416.8600000002152 
-117.8753177952676 -0.00876519270495238 1425.193000000214 
-117.8753177952676 -0.00876519270495238 1433.5260000002145 
-117.8753177952676 -0.00876519270495238 1441.859000000215 
-117.8753177952676 -0.00876519270495238 1450.1920000002137 
-117.8753177952676 -0.00876519270495238 1458.5250000002125 
-117.8753177952676 -0.00876519270495238 1466.858000000213 
-117.8753177952676 -0.00876519270495238 1475.1910000002135 
-117.8753177952676 -0.00876519270495238 1483.5240000002123 
-117.8753177952676 -0.00876519270495238 1491.857000000211 
-117.8753177952676 -0.00876519270495238 1500.1900000002115 
-117.8753177952676 -0.00876519270495238 1508.523000000212 
-117.8753177952676 -0.00876519270495238 1516.8560000002108 
-117.8753177952676 -0.00876519270495238 1525.1890000002095 
-117.8753177952676 -0.00876519270495238 1533.52200000021 
-117.8753177952676 -0.00876519270495238 1541.8550000002106 
-117.8753177952676 -0.00876519270495238 1550.1880000002093 
-117.8753177952676 -0.00876519270495238 1558.521000000208 
-117.8753177952676 -0.00876519270495238 1566.8540000002085 
-117.8753177952676 -0.00876519270495238 1575.187000000209 
-117.8753177952676 -0.00876519270495238 1583.5200000002078 
-117.8753177952676 -0.00876519270495238 1591.8530000002065 
-117.8753177952676 -0.00876519270495238 1600.186000000207 
-117.8753177952676 -0.00876519270495238 1608.5190000002076 
-117.8753177952676 -0.00876519270495238 1616.8520000002063 
-117.8753177952676 -0.00876519270495238 1625.185000000205 
-117.8753177952676 -0.00876519270495238 1633.5180000002056 
-117.8753177952676 -0.00876519270495238 1641.851000000206 
-117.8753177952676 -0.00876519270495238 1650.1840000002048 
-117.8753177952676 -0.00876519270495238 1658.5170000002036 
-117.8753177952676 -0.00876519270495238 1666.850000000204 
-117.8753177952676 -0.00876519270495238 1675.1830000002046 
-117.8753177952676 -0.00876519270495238 1683.5160000002033 
-117.8753177952676 -0.00876519270495238 1691.849000000202 
-117.8753177952676 -0.00876519270495238 1700.1820000002026 
-117.8753177952676 -0.00876519270495238 1708.5150000002031 
-117.8753177952676 -0.00876519270495238 1716.8480000002019 
-117.8753177952676 -0.00876519270495238 1725.1810000002006 
-117.8753177952676 -0.00876519270495238 1733.5140000002011 
-117.8753177952676 -0.00876519270495238 1741.8470000002017 
-117.8753177952676 -0.00876519270495238 1750.1800000002004 
-117.8753177952676 -0.00876519270495238 1758.513000000199 
-117.8753177952676 -0.00876519270495238 1766.8460000001996 
-117.8753177952676 -0.00876519270495238 1775.1790000002002 
-117.8753177952676 -0.00876519270495238 1783.512000000199 
-117.8753177952676 -0.00876519270495238 1791.8450000001976 
-117.8753177952676 -0.00876519270495238 1800.1780000001982 
-117.8753177952676 -0.00876519270495238 1808.5110000001987 
-117.8753177952676 -0.00876519270495238 1816.8440000001974 
-117.8753177952676 -0.00876519270495238 1825.1770000001961 
-117.8753177952676 -0.00876519270495238 1833.5100000001967 
-117.8753177952676 -0.00876519270495238 1841.8430000001972 
-117.8753177952676 -0.00876519270495238 1850.176000000196 
-117.8753177952676 -0.00876519270495238 1858.5090000001946 
-117.8753177952676 -0.00876519270495238 1866.8420000001952 
-117.8753177952676 -0.00876519270495238 1875.1750000001957 
-117.8753177952676 -0.00876519270495238 1883.5080000001944 
-117.8753177952676 -0.00876519270495238 1891.8410000001932 
-117.8753177952676 -0.00876519270495238 1900.1740000001937 
-117.8753177952676 -0.00876519270495238 1908.5070000001942 
-117.8753177952676 -0.00876519270495238 1916.840000000193 
-117.8753177952676 -0.00876519270495238 1925.1730000001917 
-117.8753177952676 -0.00876519270495238 1933.5060000001922 
-117.8753177952676 -0.00876519270495238 1941.8390000001928 
-117.8753177952676 -0.00876519270495238 1950.1720000001915 
-117.8753177952676 -0.00876519270495238 1958.5050000001902 
-117.8753177952676 -0.00876519270495238 1966.8380000001907 
-117.8753177952676 -0.00876519270495238 1975.1710000001913 
-117.8753177952676 -0.00876519270495238 1983.50400000019 
-117.8753177952676 -0.00876519270495238 1991.8370000001887 
-117.8753177952676 -0.00876519270495238 2000.1700000001892 
-117.8753177952676 -0.00876519270495238 2008.5030000001898 
-117.8753177952676 -0.00876519270495238 2016.8360000001885 
-117.8753177952676 -0.00876519270495238 2025.1690000001872 
-117.8753177952676 -0.00876519270495238 2033.5020000001878 
-117.8753177952676 -0.00876519270495238 2041.8350000001883 
-117.8753177952676 -0.00876519270495238 2050.168000000187 
-117.8753177952676 -0.00876519270495238 2058.5010000001857 
-117.8753177952676 -0.00876519270495238 2066.8340000001863 
-117.8753177952676 -0.00876519270495238 2075.167000000187 
-117.8753177952676 -0.00876519270495238 2083.5000000001855 
-117.8753177952676 -0.00876519270495238 2091.8330000001843 
-117.8753177952676 -0.00876519270495238 2100.166000000185 
-117.8753177952676 -0.00876519270495238 2108.4990000001853 
-117.8753177952676 -0.00876519270495238 2116.832000000184 
-117.8753177952676 -0.00876519270495238 2125.1650000001828 
-117.8753177952676 -0.00876519270495238 2133.4980000001833 
-117.8753177952676 -0.00876519270495238 2141.831000000184 
-117.8753177952676 -0.00876519270495238 2150.1640000001826 
-117.8753177952676 -0.00876519270495238 2158.4970000001813 
-117.8753177952676 -0.00876519270495238 2166.830000000182 
-117.8753177952676 -0.00876519270495238 2175.1630000001824 
-117.8753177952676 -0.00876519270495238 2183.496000000181 
-117.8753177952676 -0.00876519270495238 2191.82900000018 
-117.8753177952676 -0.00876519270495238 2200.1620000001803 
-117.8753177952676 -0.00876519270495238 2208.495000000181 
-117.8753177952676 -0.00876519270495238 2216.8280000001796 
-117.8753177952676 -0.00876519270495238 2225.1610000001783 
-117.8753177952676 -0.00876519270495238 2233.494000000179 
-117.8753177952676 -0.00876519270495238 2241.8270000001794 
-117.8753177952676 -0.00876519270495238 2250.160000000178 
-117.8753177952676 -0.00876519270495238 2258.493000000177 
-117.8753177952676 -0.00876519270495238 2266.8260000001774 
-117.8753177952676 -0.00876519270495238 2275.159000000178 
-117.8753177952676 -0.00876519270495238 2283.4920000001766 
-117.8753177952676 -0.00876519270495238 2291.8250000001754 
-117.8753177952676 -0.00876519270495238 2300.158000000176 
-117.8753177952676 -0.00876519270495238 2308.4910000001764 
-117.8753177952676 -0.00876519270495238 2316.824000000175 
-117.8753177952676 -0.00876519270495238 2325.157000000174 
-117.8753177952676 -0.00876519270495238 2333.4900000001744 
-117.8753177952676 -0.00876519270495238 2341.823000000175 
-117.8753177952676 -0.00876519270495238 2350.1560000001737 
-117.8753177952676 -0.00876519270495238 2358.4890000001724 
-117.8753177952676 -0.00876519270495238 2366.822000000173 
-117.8753177952676 -0.00876519270495238 2375.1550000001735 
-117.8753177952676 -0.00876519270495238 2383.488000000172 
-117.8753177952676 -0.00876519270495238 2391.821000000171 
-117.8753177952676 -0.00876519270495238 2400.1540000001714 
-117.8753177952676 -0.00876519270495238 2408.487000000172 
-117.8753177952676 -0.00876519270495238 2416.8200000001707 
-117.8753177952676 -0.00876519270495238 2425.1530000001694 
-117.8753177952676 -0.00876519270495238 2433.48600000017 
-117.8753177952676 -0.00876519270495238 2441.8190000001705 
-117.8753177952676 -0.00876519270495238 2450.152000000169 
-117.8753177952676 -0.00876519270495238 2458.485000000168 
-117.8753177952676 -0.00876519270495238 2466.8180000001685 
-117.8753177952676 -0.00876519270495238 2475.151000000169 
-117.8753177952676 -0.00876519270495238 2483.4840000001677 
-117.8753177952676 -0.00876519270495238 2491.8170000001664 
-117.8753177952676 -0.00876519270495238 2500.150000000167 
-117.8753177952676 -0.00876519270495238 2508.4830000001675 
-117.8753177952676 -0.00876519270495238 2516.8160000001662 
-117.8753177952676 -0.00876519270495238 2525.149000000165 
-117.8753177952676 -0.00876519270495238 2533.4820000001655 
-117.8753177952676 -0.00876519270495238 2541.815000000166 
-117.8753177952676 -0.00876519270495238 2550.1480000001648 
-117.8753177952676 -0.00876519270495238 2558.4810000001635 
-117.8753177952676 -0.00876519270495238 2566.814000000164 
-117.8753177952676 -0.00876519270495238 2575.1470000001646 
-117.8753177952676 -0.00876519270495238 2583.4800000001633 
-117.8753177952676 -0.00876519270495238 2591.813000000162 
-117.8753177952676 -0.00876519270495238 2600.1460000001625 
-117.8753177952676 -0.00876519270495238 2608.479000000163 
-117.8753177952676 -0.00876519270495238 2616.812000000162 
-117.8753177952676 -0.00876519270495238 2625.1450000001605 
-117.8753177952676 -0.00876519270495238 2633.478000000161 
-117.8753177952676 -0.00876519270495238 2641.8110000001616 
-117.8753177952676 -0.00876519270495238 2650.1440000001603 
-117.8753177952676 -0.00876519270495238 2658.477000000159 
-117.8753177952676 -0.00876519270495238 2666.8100000001596 
-117.8753177952676 -0.00876519270495238 2675.14300000016 
-117.8753177952676 -0.00876519270495238 2683.476000000159 
-117.8753177952676 -0.00876519270495238 2691.8090000001575 
-117.8753177952676 -0.00876519270495238 2700.142000000158 
-117.8753177952676 -0.00876519270495238 2708.4750000001586 
-117.8753177952676 -0.00876519270495238 2716.8080000001573 
-117.8753177952676 -0.00876519270495238 2725.141000000156 
-117.8753177952676 -0.00876519270495238 2733.4740000001566 
-117.8753177952676 -0.00876519270495238 2741.807000000157 
-117.8753177952676 -0.00876519270495238 2750.140000000156 
-117.8753177952676 -0.00876519270495238 2758.4730000001546 
-117.8753177952676 -0.00876519270495238 2766.806000000155 
-117.8753177952676 -0.00876519270495238 2775.1390000001556 
-117.8753177952676 -0.00876519270495238 2783.4720000001544 
-117.8753177952676 -0.00876519270495238 2791.805000000153 
-117.8753177952676 -0.00876519270495238 2800.1380000001536 
-117.8753177952676 -0.00876519270495238 2808.471000000154 
-117.8753177952676 -0.00876519270495238 2816.804000000153 
-117.8753177952676 -0.00876519270495238 2825.1370000001516 
-117.8753177952676 -0.00876519270495238 2833.470000000152 
-117.8753177952676 -0.00876519270495238 2841.8030000001527 
-117.8753177952676 -0.00876519270495238 2850.1360000001514 
-117.8753177952676 -0.00876519270495238 2858.46900000015 
-117.8753177952676 -0.00876519270495238 2866.8020000001507 
-117.8753177952676 -0.00876519270495238 2875.135000000151 
-117.8753177952676 -0.00876519270495238 2883.46800000015 
-117.8753177952676 -0.00876519270495238 2891.8010000001486 
-117.8753177952676 -0.00876519270495238 2900.134000000149 
-117.8753177952676 -0.00876519270495238 2908.4670000001497 
-117.8753177952676 -0.00876519270495238 2916.8000000001484 
-117.8753177952676 -0.00876519270495238 2925.133000000147 
-117.8753177952676 -0.00876519270495238 2933.4660000001477 
-117.8753177952676 -0.00876519270495238 2941.799000000148 
-117.8753177952676 -0.00876519270495238 2950.132000000147 
-117.8753177952676 -0.00876519270495238 2958.4650000001457 
-117.8753177952676 -0.00876519270495238 2966.798000000146 
-117.8753177952676 -0.00876519270495238 2975.1310000001467 
-117.8753177952676 -0.00876519270495238 2983.4640000001455 
-117.8753177952676 -0.00876519270495238 2991.797000000144 
-117.8753177952676 -0.00876519270495238 3000.1300000001447 
-117.8753177952676 -0.00876519270495238 3008.4630000001453 
-117.8753177952676 -0.00876519270495238 3016.796000000144 
-117.8753177952676 -0.00876519270495238 3025.1290000001427 
-117.8753177952676 -0.00876519270495238 3033.4620000001432 
-117.8753177952676 -0.00876519270495238 3041.795000000144 
-117.8753177952676 -0.00876519270495238 3050.1280000001425 
-117.8753177952676 -0.00876519270495238 3058.461000000141 
-117.8753177952676 -0.00876519270495238 3066.7940000001418 
-117.8753177952676 -0.00876519270495238 3075.1270000001423 
-117.8753177952676 -0.00876519270495238 3083.460000000141 
-117.8753177952676 -0.00876519270495238 3091.7930000001397 
-117.8753177952676 -0.00876519270495238 3100.1260000001403 
-117.8753177952676 -0.00876519270495238 3108.459000000141 
-117.8753177952676 -0.00876519270495238 3116.7920000001395 
-117.8753177952676 -0.00876519270495238 3125.1250000001382 
-117.8753177952676 -0.00876519270495238 3133.458000000139 
-117.8753177952676 -0.00876519270495238 3141.7910000001393 
-117.8753177952676 -0.00876519270495238 3150.124000000138 
-117.8753177952676 -0.00876519270495238 3158.4570000001368 
-117.8753177952676 -0.00876519270495238 3166.7900000001373 
-117.8753177952676 -0.00876519270495238 3175.123000000138 
-117.8753177952676 -0.00876519270495238 3183.4560000001366 
-117.8753177952676 -0.00876519270495238 3191.7890000001353 
-117.8753177952676 -0.00876519270495238 3200.122000000136 
-117.8753177952676 -0.00876519270495238 3208.4550000001364 
-117.8753177952676 -0.00876519270495238 3216.788000000135 
-117.8753177952676 -0.00876519270495238 3225.121000000134 
-117.8753177952676 -0.00876519270495238 3233.4540000001343 
-117.8753177952676 -0.00876519270495238 3241.787000000135 
-117.8753177952676 -0.00876519270495238 3250.1200000001336 
-117.8753177952676 -0.00876519270495238 3258.4530000001323 
-117.8753177952676 -0.00876519270495238 3266.786000000133 
-117.8753177952676 -0.00876519270495238 3275.1190000001334 
-117.8753177952676 -0.00876519270495238 3283.452000000132 
-117.8753177952676 -0.00876519270495238 3291.785000000131 
-117.8753177952676 -0.00876519270495238 3300.1180000001314 
-117.8753177952676 -0.00876519270495238 3308.451000000132 
-117.8753177952676 -0.00876519270495238 3316.7840000001306 
-117.8753177952676 -0.00876519270495238 3325.1170000001293 
-117.8753177952676 -0.00876519270495238 3333.45000000013 
-117.8753177952676 -0.00876519270495238 3341.7830000001304 
-117.8753177952676 -0.00876519270495238 3350.116000000129 
-117.8753177952676 -0.00876519270495238 3358.449000000128 
-117.8753177952676 -0.00876519270495238 3366.7820000001284 
-117.8753177952676 -0.00876519270495238 3375.115000000129 
-117.8753177952676 -0.00876519270495238 3383.4480000001276 
-117.8753177952676 -0.00876519270495238 3391.7810000001264 
-117.8753177952676 -0.00876519270495238 3400.114000000127 
-117.8753177952676 -0.00876519270495238 3408.4470000001274 
-117.8753177952676 -0.00876519270495238 3416.780000000126 
-117.8753177952676 -0.00876519270495238 3425.113000000125 
-117.8753177952676 -0.00876519270495238 3433.4460000001254 
-117.8753177952676 -0.00876519270495238 3441.779000000126 
-117.8753177952676 -0.00876519270495238 3450.1120000001247 
-117.8753177952676 -0.00876519270495238 3458.4450000001234 
-117.8753177952676 -0.00876519270495238 3466.778000000124 
-117.8753177952676 -0.00876519270495238 3475.1110000001245 
-117.8753177952676 -0.00876519270495238 3483.444000000123 
-117.8753177952676 -0.00876519270495238 3491.777000000122 
-117.8753177952676 -0.00876519270495238 3500.1100000001225 
-117.8753177952676 -0.00876519270495238 3508.443000000123 
-117.8753177952676 -0.00876519270495238 3516.7760000001217 
-117.8753177952676 -0.00876519270495238 3525.1090000001204 
-117.8753177952676 -0.00876519270495238 3533.442000000121 
-117.8753177952676 -0.00876519270495238 3541.7750000001215 
-117.8753177952676 -0.00876519270495238 3550.1080000001202 
-117.8753177952676 -0.00876519270495238 3558.441000000119 
-117.8753177952676 -0.00876519270495238 3566.7740000001195 
-117.8753177952676 -0.00876519270495238 3575.10700000012 
-117.8753177952676 -0.00876519270495238 3583.4400000001187 
-117.8753177952676 -0.00876519270495238 3591.7730000001175 
-117.8753177952676 -0.00876519270495238 3600.106000000118 
-117.8753177952676 -0.00876519270495238 3608.4390000001185 
-117.8753177952676 -0.00876519270495238 3616.7720000001173 
-117.8753177952676 -0.00876519270495238 3625.105000000116 
-117.8753177952676 -0.00876519270495238 3633.4380000001165 
-117.8753177952676 -0.00876519270495238 3641.771000000117 
-117.8753177952676 -0.00876519270495238 3650.104000000116 
-117.8753177952676 -0.00876519270495238 3658.4370000001145 
-117.8753177952676 -0.00876519270495238 3666.770000000115 
-117.8753177952676 -0.00876519270495238 3675.1030000001156 
-117.8753177952676 -0.00876519270495238 3683.4360000001143 
-117.8753177952676 -0.00876519270495238 3691.769000000113 
-117.8753177952676 -0.00876519270495238 3700.1020000001135 
-117.8753177952676 -0.00876519270495238 3708.435000000114 
-117.8753177952676 -0.00876519270495238 3716.768000000113 
-117.8753177952676 -0.00876519270495238 3725.1010000001115 
-117.8753177952676 -0.00876519270495238 3733.434000000112 
-117.8753177952676 -0.00876519270495238 3741.7670000001126 
-117.8753177952676 -0.00876519270495238 3750.1000000001113 
-117.8753177952676 -0.00876519270495238 3758.43300000011 
-117.8753177952676 -0.00876519270495238 3766.7660000001106 
-117.8753177952676 -0.00876519270495238 3775.099000000111 
-117.8753177952676 -0.00876519270495238 3783.43200000011 
-117.8753177952676 -0.00876519270495238 3791.7650000001086 
-117.8753177952676 -0.00876519270495238 3800.098000000109 
-117.8753177952676 -0.00876519270495238 3808.4310000001096 
-117.8753177952676 -0.00876519270495238 3816.7640000001084 
-117.8753177952676 -0.00876519270495238 3825.097000000107 
-117.8753177952676 -0.00876519270495238 3833.4300000001076 
-117.8753177952676 -0.00876519270495238 3841.763000000108 
-117.8753177952676 -0.00876519270495238 3850.096000000107 
-117.8753177952676 -0.00876519270495238 3858.4290000001056 
-117.8753177952676 -0.00876519270495238 3866.762000000106 
-117.8753177952676 -0.00876519270495238 3875.0950000001067 
-117.8753177952676 -0.00876519270495238 3883.4280000001054 
-117.8753177952676 -0.00876519270495238 3891.761000000104 
-117.8753177952676 -0.00876519270495238 3900.0940000001046 
-117.8753177952676 -0.00876519270495238 3908.427000000105 
-117.8753177952676 -0.00876519270495238 3916.760000000104 
-117.8753177952676 -0.00876519270495238 3925.0930000001026 
-117.8753177952676 -0.00876519270495238 3933.426000000103 
-117.8753177952676 -0.00876519270495238 3941.7590000001037 
-117.8753177952676 -0.00876519270495238 3950.0920000001024 
-117.8753177952676 -0.00876519270495238 3958.425000000101 
-117.8753177952676 -0.00876519270495238 3966.7580000001017 
-117.8753177952676 -0.00876519270495238 3975.091000000102 
-117.8753177952676 -0.00876519270495238 3983.424000000101 
-117.8753177952676 -0.00876519270495238 3991.7570000000997 
-117.8753177952676 -0.00876519270495238 4000.0900000001 
-117.8753177952676 -0.00876519270495238 4008.4230000001007 
-117.8753177952676 -0.00876519270495238 4016.7560000000994 
-117.8753177952676 -0.00876519270495238 4025.089000000098 
-117.8753177952676 -0.00876519270495238 4033.4220000000987 
-117.8753177952676 -0.00876519270495238 4041.7550000000992 
-117.8753177952676 -0.00876519270495238 4050.088000000098 
-117.8753177952676 -0.00876519270495238 4058.4210000000967 
-117.8753177952676 -0.00876519270495238 4066.754000000097 
-117.8753177952676 -0.00876519270495238 4075.0870000000978 
-117.8753177952676 -0.00876519270495238 4083.4200000000965 
-117.8753177952676 -0.00876519270495238 4091.753000000095 
-117.8753177952676 -0.00876519270495238 4100.086000000096 
-117.8753177952676 -0.00876519270495238 4108.419000000096 
-117.8753177952676 -0.00876519270495238 4116.752000000095 
-117.8753177952676 -0.00876519270495238 4125.085000000094 
-117.8753177952676 -0.00876519270495238 4133.418000000094 
-117.8753177952676 -0.00876519270495238 4141.751000000095 
-117.8753177952676 -0.00876519270495238 4150.0840000000935 
-117.8753177952676 -0.00876519270495238 4158.417000000092 
-117.8753177952676 -0.00876519270495238 4166.750000000093 
-117.8753177952676 -0.00876519270495238 4175.083000000093 
-117.8753177952676 -0.00876519270495238 4183.416000000092 
-117.8753177952676 -0.00876519270495238 4191.749000000091 
-117.8753177952676 -0.00876519270495238 4200.082000000091 
-117.8753177952676 -0.00876519270495238 4208.415000000092 
-117.8753177952676 -0.00876519270495238 4216.7480000000905 
-117.8753177952676 -0.00876519270495238 4225.081000000089 
-117.8753177952676 -0.00876519270495238 4233.41400000009 
-117.8753177952676 -0.00876519270495238 4241.74700000009 
-117.8753177952676 -0.00876519270495238 4250.080000000089 
-117.8753177952676 -0.00876519270495238 4258.413000000088 
-117.8753177952676 -0.00876519270495238 4266.746000000088 
-117.8753177952676 -0.00876519270495238 4275.079000000089 
-117.8753177952676 -0.00876519270495238 4283.412000000088 
-117.8753177952676 -0.00876519270495238 4291.745000000086 
-117.8753177952676 -0.00876519270495238 4300.078000000087 
-117.8753177952676 -0.00876519270495238 4308.4110000000865 
-117.8753177952676 -0.00876519270495238 4316.744000000086 
-117.8753177952676 -0.00876519270495238 4325.077000000086 
-117.8753177952676 -0.00876519270495238 4333.410000000085 
-117.8753177952676 -0.00876519270495238 4341.743000000085 
-117.8753177952676 -0.00876519270495238 4350.076000000085 
-117.8753177952676 -0.00876519270495238 4358.409000000084 
-117.8753177952676 -0.00876519270495238 4366.742000000084 
-117.8753177952676 -0.00876519270495238 4375.0750000000835 
-117.8753177952676 -0.00876519270495238 4383.408000000083 
-117.8753177952676 -0.00876519270495238 4391.741000000083 
-117.8753177952676 -0.00876519270495238 4400.074000000082 
-117.8753177952676 -0.00876519270495238 4408.407000000082 
-117.8753177952676 -0.00876519270495238 4416.740000000082 
-117.8753177952676 -0.00876519270495238 4425.073000000081 
-117.8753177952676 -0.00876519270495238 4433.406000000081 
-117.8753177952676 -0.00876519270495238 4441.7390000000805 
-117.8753177952676 -0.00876519270495238 4450.07200000008 
-117.8753177952676 -0.00876519270495238 4458.40500000008 
-117.8753177952676 -0.00876519270495238 4466.738000000079 
-117.8753177952676 -0.00876519270495238 4475.071000000079 
-117.8753177952676 -0.00876519270495238 4483.404000000079 
-117.8753177952676 -0.00876519270495238 4491.737000000078 
-117.8753177952676 -0.00876519270495238 4500.070000000078 
-117.8753177952676 -0.00876519270495238 4508.403000000078 
-117.8753177952676 -0.00876519270495238 4516.736000000077 
-117.8753177952676 -0.00876519270495238 4525.069000000077 
-117.8753177952676 -0.00876519270495238 4533.402000000076 
-117.8753177952676 -0.00876519270495238 4541.735000000076 
-117.8753177952676 -0.00876519270495238 4550.068000000076 
-117.8753177952676 -0.00876519270495238 4558.401000000075 
-117.8753177952676 -0.00876519270495238 4566.734000000075 
-117.8753177952676 -0.00876519270495238 4575.067000000075 
-117.8753177952676 -0.00876519270495238 4583.400000000074 
-117.8753177952676 -0.00876519270495238 4591.733000000074 
-117.8753177952676 -0.00876519270495238 4600.0660000000735 
-117.8753177952676 -0.00876519270495238 4608.399000000073 
-117.8753177952676 -0.00876519270495238 4616.732000000073 
-117.8753177952676 -0.00876519270495238 4625.065000000072 
-117.8753177952676 -0.00876519270495238 4633.398000000072 
-117.8753177952676 -0.00876519270495238 4641.731000000072 
-117.8753177952676 -0.00876519270495238 4650.064000000071 
-117.8753177952676 -0.00876519270495238 4658.397000000071 
-117.8753177952676 -0.00876519270495238 4666.7300000000705 
-117.8753177952676 -0.00876519270495238 4675.06300000007 
-117.8753177952676 -0.00876519270495238 4683.39600000007 
-117.8753177952676 -0.00876519270495238 4691.729000000069 
-117.8753177952676 -0.00876519270495238 4700.062000000069 
-117.8753177952676 -0.00876519270495238 4708.395000000069 
-117.8753177952676 -0.00876519270495238 4716.728000000068 
-117.8753177952676 -0.00876519270495238 4725.061000000068 
-117.8753177952676 -0.00876519270495238 4733.3940000000675 
-117.8753177952676 -0.00876519270495238 4741.727000000067 
-117.8753177952676 -0.00876519270495238 4750.060000000067 
-117.8753177952676 -0.00876519270495238 4758.393000000066 
-117.8753177952676 -0.00876519270495238 4766.726000000066 
-117.8753177952676 -0.00876519270495238 4775.059000000066 
-117.8753177952676 -0.00876519270495238 4783.392000000065 
-117.8753177952676 -0.00876519270495238 4791.725000000065 
-117.8753177952676 -0.00876519270495238 4800.058000000065 
-117.8753177952676 -0.00876519270495238 4808.391000000064 
-117.8753177952676 -0.00876519270495238 4816.724000000064 
-117.8753177952676 -0.00876519270495238 4825.057000000063 
-117.8753177952676 -0.00876519270495238 4833.390000000063 
-117.8753177952676 -0.00876519270495238 4841.723000000063 
-117.8753177952676 -0.00876519270495238 4850.056000000062 
-117.8753177952676 -0.00876519270495238 4858.389000000062 
-117.8753177952676 -0.00876519270495238 4866.722000000062 
-117.8753177952676 -0.00876519270495238 4875.055000000061 
-117.8753177952676 -0.00876519270495238 4883.388000000061 
-117.8753177952676 -0.00876519270495238 4891.7210000000605 
-117.8753177952676 -0.00876519270495238 4900.05400000006 
-117.8753177952676 -0.00876519270495238 4908.38700000006 
-117.8753177952676 -0.00876519270495238 4916.720000000059 
-117.8753177952676 -0.00876519270495238 4925.053000000059 
-117.8753177952676 -0.00876519270495238 4933.386000000059 
-117.8753177952676 -0.00876519270495238 4941.719000000058 
-117.8753177952676 -0.00876519270495238 4950.052000000058 
-117.8753177952676 -0.00876519270495238 4958.3850000000575 
-117.8753177952676 -0.00876519270495238 4966.718000000057 
-117.8753177952676 -0.00876519270495238 4975.051000000057 
-117.8753177952676 -0.00876519270495238 4983.384000000056 
-117.8753177952676 -0.00876519270495238 4991.717000000056 
-117.8753177952676 -0.00876519270495238 5000.050000000056 
-117.8753177952676 -0.00876519270495238 5008.383000000055 
-117.8753177952676 -0.00876519270495238 5016.716000000055 
-117.8753177952676 -0.00876519270495238 5025.049000000055 
-117.8753177952676 -0.00876519270495238 5033.382000000054 
-117.8753177952676 -0.00876519270495238 5041.715000000054 
-117.8753177952676 -0.00876519270495238 5050.048000000053 
-117.8753177952676 -0.00876519270495238 5058.381000000053 
-117.8753177952676 -0.00876519270495238 5066.714000000053 
-117.8753177952676 -0.00876519270495238 5075.047000000052 
-117.8753177952676 -0.00876519270495238 5083.380000000052 
-117.8753177952676 -0.00876519270495238 5091.713000000052 
-117.8753177952676 -0.00876519270495238 5100.046000000051 
-117.8753177952676 -0.00876519270495238 5108.379000000051 
-117.8753177952676 -0.00876519270495238 5116.7120000000505 
-117.8753177952676 -0.00876519270495238 5125.04500000005 
-117.8753177952676 -0.00876519270495238 5133.37800000005 
-117.8753177952676 -0.00876519270495238 5141.711000000049 
-117.8753177952676 -0.00876519270495238 5150.044000000049 
-117.8753177952676 -0.00876519270495238 5158.377000000049 
-117.8753177952676 -0.00876519270495238 5166.710000000048 
-117.8753177952676 -0.00876519270495238 5175.043000000048 
-117.8753177952676 -0.00876519270495238 5183.3760000000475 
-117.8753177952676 -0.00876519270495238 5191.709000000047 
-117.8753177952676 -0.00876519270495238 5200.042000000047 
-117.8753177952676 -0.00876519270495238 5208.375000000046 
-117.8753177952676 -0.00876519270495238 5216.708000000046 
-117.8753177952676 -0.00876519270495238 5225.041000000046 
-117.8753177952676 -0.00876519270495238 5233.374000000045 
-117.8753177952676 -0.00876519270495238 5241.707000000045 
-117.8753177952676 -0.00876519270495238 5250.0400000000445 
-117.8753177952676 -0.00876519270495238 5258.373000000044 
-117.8753177952676 -0.00876519270495238 5266.706000000044 
-117.8753177952676 -0.00876519270495238 5275.039000000043 
-117.8753177952676 -0.00876519270495238 5283.372000000043 
-117.8753177952676 -0.00876519270495238 5291.705000000043 
-117.8753177952676 -0.00876519270495238 5300.038000000042 
-117.8753177952676 -0.00876519270495238 5308.371000000042 
-117.8753177952676 -0.00876519270495238 5316.704000000042 
-117.8753177952676 -0.00876519270495238 5325.037000000041 
-117.8753177952676 -0.00876519270495238 5333.370000000041 
-117.8753177952676 -0.00876519270495238 5341.70300000004 
-117.8753177952676 -0.00876519270495238 5350.03600000004 
-117.8753177952676 -0.00876519270495238 5358.36900000004 
-117.8753177952676 -0.00876519270495238 5366.702000000039 
-117.8753177952676 -0.00876519270495238 5375.035000000039 
-117.8753177952676 -0.00876519270495238 5383.368000000039 
-117.8753177952676 -0.00876519270495238 5391.701000000038 
-117.8753177952676 -0.00876519270495238 5400.034000000038 
-117.8753177952676 -0.00876519270495238 5408.3670000000375 
-117.8753177952676 -0.00876519270495238 5416.700000000037 
-117.8753177952676 -0.00876519270495238 5425.033000000037 
-117.8753177952676 -0.00876519270495238 5433.366000000036 
-117.8753177952676 -0.00876519270495238 5441.699000000036 
-117.8753177952676 -0.00876519270495238 5450.032000000036 
-117.8753177952676 -0.00876519270495238 5458.365000000035 
-117.8753177952676 -0.00876519270495238 5466.698000000035 
-117.8753177952676 -0.00876519270495238 5475.0310000000345 
-117.8753177952676 -0.00876519270495238 5483.364000000034 
-117.8753177952676 -0.00876519270495238 5491.697000000034 
-117.8753177952676 -0.00876519270495238 5500.030000000033 
-117.8753177952676 -0.00876519270495238 5508.363000000033 
-117.8753177952676 -0.00876519270495238 5516.696000000033 
-117.8753177952676 -0.00876519270495238 5525.029000000032 
-117.8753177952676 -0.00876519270495238 5533.362000000032 
-117.8753177952676 -0.00876519270495238 5541.6950000000315 
-117.8753177952676 -0.00876519270495238 5550.028000000031 
-117.8753177952676 -0.00876519270495238 5558.361000000031 
-117.8753177952676 -0.00876519270495238 5566.69400000003 
-117.8753177952676 -0.00876519270495238 5575.02700000003 
-117.8753177952676 -0.00876519270495238 5583.36000000003 
-117.8753177952676 -0.00876519270495238 5591.693000000029 
-117.8753177952676 -0.00876519270495238 5600.026000000029 
-117.8753177952676 -0.00876519270495238 5608.359000000029 
-117.8753177952676 -0.00876519270495238 5616.692000000028 
-117.8753177952676 -0.00876519270495238 5625.025000000028 
-117.8753177952676 -0.00876519270495238 5633.3580000000275 
-117.8753177952676 -0.00876519270495238 5641.691000000027 
-117.8753177952676 -0.00876519270495238 5650.024000000027 
-117.8753177952676 -0.00876519270495238 5658.357000000026 
-117.8753177952676 -0.00876519270495238 5666.690000000026 
-117.8753177952676 -0.00876519270495238 5675.023000000026 
-117.8753177952676 -0.00876519270495238 5683.356000000025 
-117.8753177952676 -0.00876519270495238 5691.689000000025 
-117.8753177952676 -0.00876519270495238 5700.0220000000245 
-117.8753177952676 -0.00876519270495238 5708.355000000024 
-117.8753177952676 -0.00876519270495238 5716.688000000024 
-117.8753177952676 -0.00876519270495238 5725.021000000023 
-117.8753177952676 -0.00876519270495238 5733.354000000023 
-117.8753177952676 -0.00876519270495238 5741.687000000023 
-117.8753177952676 -0.00876519270495238 5750.020000000022 
-117.8753177952676 -0.00876519270495238 5758.353000000022 
-117.8753177952676 -0.00876519270495238 5766.6860000000215 
-117.8753177952676 -0.00876519270495238 5775.019000000021 
-117.8753177952676 -0.00876519270495238 5783.352000000021 
-117.8753177952676 -0.00876519270495238 5791.68500000002 
-117.8753177952676 -0.00876519270495238 5800.01800000002 
-117.8753177952676 -0.00876519270495238 5808.35100000002 
-117.8753177952676 -0.00876519270495238 5816.684000000019 
-117.8753177952676 -0.00876519270495238 5825.017000000019 
-117.8753177952676 -0.00876519270495238 5833.350000000019 
-117.8753177952676 -0.00876519270495238 5841.683000000018 
-117.8753177952676 -0.00876519270495238 5850.016000000018 
-117.8753177952676 -0.00876519270495238 5858.349000000017 
-117.8753177952676 -0.00876519270495238 5866.682000000017 
-117.8753177952676 -0.00876519270495238 5875.015000000017 
-117.8753177952676 -0.00876519270495238 5883.348000000016 
-117.8753177952676 -0.00876519270495238 5891.681000000016 
-117.8753177952676 -0.00876519270495238 5900.014000000016 
-117.8753177952676 -0.00876519270495238 5908.347000000015 
-117.8753177952676 -0.00876519270495238 5916.680000000015 
-117.8753177952676 -0.00876519270495238 5925.0130000000145 
-117.8753177952676 -0.00876519270495238 5933.346000000014 
-117.8753177952676 -0.00876519270495238 5941.679000000014 
-117.8753177952676 -0.00876519270495238 5950.012000000013 
-117.8753177952676 -0.00876519270495238 5958.345000000013 
-117.8753177952676 -0.00876519270495238 5966.678000000013 
-117.8753177952676 -0.00876519270495238 5975.011000000012 
-117.8753177952676 -0.00876519270495238 5983.344000000012 
-117.8753177952676 -0.00876519270495238 5991.6770000000115 
-117.8753177952676 -0.00876519270495238 6000.010000000011 
-117.8753177952676 -0.00876519270495238 6008.343000000011 
-117.8753177952676 -0.00876519270495238 6016.67600000001 
-117.8753177952676 -0.00876519270495238 6025.00900000001 
-117.8753177952676 -0.00876519270495238 6033.34200000001 
-117.8753177952676 -0.00876519270495238 6041.675000000009 
-117.8753177952676 -0.00876519270495238 6050.008000000009 
-117.8753177952676 -0.00876519270495238 6058.3410000000085 
-117.8753177952676 -0.00876519270495238 6066.674000000008 
-117.8753177952676 -0.00876519270495238 6075.007000000008 
-117.8753177952676 -0.00876519270495238 6083.340000000007 
-117.8753177952676 -0.00876519270495238 6091.673000000007 
-117.8753177952676 -0.00876519270495238 6100.006000000007 
-117.8753177952676 -0.00876519270495238 6108.339000000006 
-117.8753177952676 -0.00876519270495238 6116.672000000006 
-117.8753177952676 -0.00876519270495238 6125.005000000006 
-117.8753177952676 -0.00876519270495238 6133.338000000005 
-117.8753177952676 -0.00876519270495238 6141.671000000005 
-117.8753177952676 -0.00876519270495238 6150.004000000004 
-117.8753177952676 -0.00876519270495238 6158.337000000004 
-117.8753177952676 -0.00876519270495238 6166.670000000004 
-117.8753177952676 -0.00876519270495238 6175.003000000003 
-117.8753177952676 -0.00876519270495238 6183.336000000003 
-117.8753177952676 -0.00876519270495238 6191.669000000003 
-117.8753177952676 -0.00876519270495238 6200.002000000002 
-117.8753177952676 -0.00876519270495238 6208.335000000002 
-117.8753177952676 -0.00876519270495238 6216.6680000000015 
-117.8753177952676 -0.00876519270495238 6225.001000000001 
-117.8753177952676 -0.00876519270495238 6233.334000000001 
-117.8753177952676 -0.00876519270495238 6241.667 
-117.8753177952676 -0.00876519270495238 6250.0 
-117.8753177952676 -0.00876519270495238 6258.333 
-117.8753177952676 -0.00876519270495238 6266.665999999999 
-117.8753177952676 -0.00876519270495238 6274.998999999999 
-117.8753177952676 -0.00876519270495238 6283.3319999999985 
-117.8753177952676 -0.00876519270495238 6291.664999999998 
-117.8753177952676 -0.00876519270495238 6299.997999999998 
-117.8753177952676 -0.00876519270495238 6308.330999999997 
-117.8753177952676 -0.00876519270495238 6316.663999999997 
-117.8753177952676 -0.00876519270495238 6324.996999999997 
-117.8753177952676 -0.00876519270495238 6333.329999999996 
-117.8753177952676 -0.00876519270495238 6341.662999999996 
-117.8753177952676 -0.00876519270495238 6349.995999999996 
-117.8753177952676 -0.00876519270495238 6358.328999999995 
-117.8753177952676 -0.00876519270495238 6366.661999999995 
-117.8753177952676 -0.00876519270495238 6374.994999999994 
-117.8753177952676 -0.00876519270495238 6383.327999999994 
-117.8753177952676 -0.00876519270495238 6391.660999999994 
-117.8753177952676 -0.00876519270495238 6399.993999999993 
-117.8753177952676 -0.00876519270495238 6408.326999999993 
-117.8753177952676 -0.00876519270495238 6416.659999999993 
-117.8753177952676 -0.00876519270495238 6424.992999999992 
-117.8753177952676 -0.00876519270495238 6433.325999999992 
-117.8753177952676 -0.00876519270495238 6441.6589999999915 
-117.8753177952676 -0.00876519270495238 6449.991999999991 
-117.8753177952676 -0.00876519270495238 6458.324999999991 
-117.8753177952676 -0.00876519270495238 6466.65799999999 
-117.8753177952676 -0.00876519270495238 6474.99099999999 
-117.8753177952676 -0.00876519270495238 6483.32399999999 
-117.8753177952676 -0.00876519270495238 6491.656999999989 
-117.8753177952676 -0.00876519270495238 6499.989999999989 
-117.8753177952676 -0.00876519270495238 6508.3229999999885 
-117.8753177952676 -0.00876519270495238 6516.655999999988 
-117.8753177952676 -0.00876519270495238 6524.988999999988 
-117.8753177952676 -0.00876519270495238 6533.321999999987 
-117.8753177952676 -0.00876519270495238 6541.654999999987 
-117.8753177952676 -0.00876519270495238 6549.987999999987 
-117.8753177952676 -0.00876519270495238 6558.320999999986 
-117.8753177952676 -0.00876519270495238 6566.653999999986 
-117.8753177952676 -0.00876519270495238 6574.9869999999855 
-117.8753177952676 -0.00876519270495238 6583.319999999985 
-117.8753177952676 -0.00876519270495238 6591.652999999985 
-117.8753177952676 -0.00876519270495238 6599.985999999984 
-117.8753177952676 -0.00876519270495238 6608.318999999984 
-117.8753177952676 -0.00876519270495238 6616.651999999984 
-117.8753177952676 -0.00876519270495238 6624.984999999983 
-117.8753177952676 -0.00876519270495238 6633.317999999983 
-117.8753177952676 -0.00876519270495238 6641.650999999983 
-117.8753177952676 -0.00876519270495238 6649.983999999982 
-117.8753177952676 -0.00876519270495238 6658.316999999982 
-117.8753177952676 -0.00876519270495238 6666.649999999981 
-117.8753177952676 -0.00876519270495238 6674.982999999981 
-117.8753177952676 -0.00876519270495238 6683.315999999981 
-117.8753177952676 -0.00876519270495238 6691.64899999998 
-117.8753177952676 -0.00876519270495238 6699.98199999998 
-117.8753177952676 -0.00876519270495238 6708.31499999998 
-117.8753177952676 -0.00876519270495238 6716.647999999979 
-117.8753177952676 -0.00876519270495238 6724.980999999979 
-117.8753177952676 -0.00876519270495238 6733.3139999999785 
-117.8753177952676 -0.00876519270495238 6741.646999999978 
-117.8753177952676 -0.00876519270495238 6749.979999999978 
-117.8753177952676 -0.00876519270495238 6758.312999999977 
-117.8753177952676 -0.00876519270495238 6766.645999999977 
-117.8753177952676 -0.00876519270495238 6774.978999999977 
-117.8753177952676 -0.00876519270495238 6783.311999999976 
-117.8753177952676 -0.00876519270495238 6791.644999999976 
-117.8753177952676 -0.00876519270495238 6799.9779999999755 
-117.8753177952676 -0.00876519270495238 6808.310999999975 
-117.8753177952676 -0.00876519270495238 6816.643999999975 
-117.8753177952676 -0.00876519270495238 6824.976999999974 
-117.8753177952676 -0.00876519270495238 6833.309999999974 
-117.8753177952676 -0.00876519270495238 6841.642999999974 
-117.8753177952676 -0.00876519270495238 6849.975999999973 
-117.8753177952676 -0.00876519270495238 6858.308999999973 
-117.8753177952676 -0.00876519270495238 6866.6419999999725 
-117.8753177952676 -0.00876519270495238 6874.974999999972 
-117.8753177952676 -0.00876519270495238 6883.307999999972 
-117.8753177952676 -0.00876519270495238 6891.640999999971 
-117.8753177952676 -0.00876519270495238 6899.973999999971 
-117.8753177952676 -0.00876519270495238 6908.306999999971 
-117.8753177952676 -0.00876519270495238 6916.63999999997 
-117.8753177952676 -0.00876519270495238 6924.97299999997 
-117.8753177952676 -0.00876519270495238 6933.30599999997 
-117.8753177952676 -0.00876519270495238 6941.638999999969 
-117.8753177952676 -0.00876519270495238 6949.971999999969 
-117.8753177952676 -0.00876519270495238 6958.3049999999685 
-117.8753177952676 -0.00876519270495238 6966.637999999968 
-117.8753177952676 -0.00876519270495238 6974.970999999968 
-117.8753177952676 -0.00876519270495238 6983.303999999967 
-117.8753177952676 -0.00876519270495238 6991.636999999967 
-117.8753177952676 -0.00876519270495238 6999.969999999967 
-117.8753177952676 -0.00876519270495238 7008.302999999966 
-117.8753177952676 -0.00876519270495238 7016.635999999966 
-117.8753177952676 -0.00876519270495238 7024.9689999999655 
-117.8753177952676 -0.00876519270495238 7033.301999999965 
-117.8753177952676 -0.00876519270495238 7041.634999999965 
-117.8753177952676 -0.00876519270495238 7049.967999999964 
-117.8753177952676 -0.00876519270495238 7058.300999999964 
-117.8753177952676 -0.00876519270495238 7066.633999999964 
-117.8753177952676 -0.00876519270495238 7074.966999999963 
-117.8753177952676 -0.00876519270495238 7083.299999999963 
-117.8753177952676 -0.00876519270495238 7091.6329999999625 
-117.8753177952676 -0.00876519270495238 7099.965999999962 
-117.8753177952676 -0.00876519270495238 7108.298999999962 
-117.8753177952676 -0.00876519270495238 7116.631999999961 
-117.8753177952676 -0.00876519270495238 7124.964999999961 
-117.8753177952676 -0.00876519270495238 7133.297999999961 
-117.8753177952676 -0.00876519270495238 7141.63099999996 
-117.8753177952676 -0.00876519270495238 7149.96399999996 
-117.8753177952676 -0.00876519270495238 7158.29699999996 
-117.8753177952676 -0.00876519270495238 7166.629999999959 
-117.8753177952676 -0.00876519270495238 7174.962999999959 
-117.8753177952676 -0.00876519270495238 7183.295999999958 
-117.8753177952676 -0.00876519270495238 7191.628999999958 
-117.8753177952676 -0.00876519270495238 7199.961999999958 
-117.8753177952676 -0.00876519270495238 7208.294999999957 
-117.8753177952676 -0.00876519270495238 7216.627999999957 
-117.8753177952676 -0.00876519270495238 7224.960999999957 
-117.8753177952676 -0.00876519270495238 7233.293999999956 
-117.8753177952676 -0.00876519270495238 7241.626999999956 
-117.8753177952676 -0.00876519270495238 7249.9599999999555 
-117.8753177952676 -0.00876519270495238 7258.292999999955 
-117.8753177952676 -0.00876519270495238 7266.625999999955 
-117.8753177952676 -0.00876519270495238 7274.958999999954 
-117.8753177952676 -0.00876519270495238 7283.291999999954 
-117.8753177952676 -0.00876519270495238 7291.624999999954 
-117.8753177952676 -0.00876519270495238 7299.957999999953 
-117.8753177952676 -0.00876519270495238 7308.290999999953 
-117.8753177952676 -0.00876519270495238 7316.6239999999525 
-117.8753177952676 -0.00876519270495238 7324.956999999952 
-117.8753177952676 -0.00876519270495238 7333.289999999952 
-117.8753177952676 -0.00876519270495238 7341.622999999951 
-117.8753177952676 -0.00876519270495238 7349.955999999951 
-117.8753177952676 -0.00876519270495238 7358.288999999951 
-117.8753177952676 -0.00876519270495238 7366.62199999995 
-117.8753177952676 -0.00876519270495238 7374.95499999995 
-117.8753177952676 -0.00876519270495238 7383.2879999999495 
-117.8753177952676 -0.00876519270495238 7391.620999999949 
-117.8753177952676 -0.00876519270495238 7399.953999999949 
-117.8753177952676 -0.00876519270495238 7408.286999999948 
-117.8753177952676 -0.00876519270495238 7416.619999999948 
-117.8753177952676 -0.00876519270495238 7424.952999999948 
-117.8753177952676 -0.00876519270495238 7433.285999999947 
-117.8753177952676 -0.00876519270495238 7441.618999999947 
-117.8753177952676 -0.00876519270495238 7449.951999999947 
-117.8753177952676 -0.00876519270495238 7458.284999999946 
-117.8753177952676 -0.00876519270495238 7466.617999999946 
-117.8753177952676 -0.00876519270495238 7474.950999999945 
-117.8753177952676 -0.00876519270495238 7483.283999999945 
-117.8753177952676 -0.00876519270495238 7491.616999999945 
-117.8753177952676 -0.00876519270495238 7499.949999999944 
-117.8753177952676 -0.00876519270495238 7508.282999999944 
-117.8753177952676 -0.00876519270495238 7516.615999999944 
-117.8753177952676 -0.00876519270495238 7524.948999999943 
-117.8753177952676 -0.00876519270495238 7533.281999999943 
-117.8753177952676 -0.00876519270495238 7541.6149999999425 
-117.8753177952676 -0.00876519270495238 7549.947999999942 
-117.8753177952676 -0.00876519270495238 7558.280999999942 
-117.8753177952676 -0.00876519270495238 7566.613999999941 
-117.8753177952676 -0.00876519270495238 7574.946999999941 
-117.8753177952676 -0.00876519270495238 7583.279999999941 
-117.8753177952676 -0.00876519270495238 7591.61299999994 
-117.8753177952676 -0.00876519270495238 7599.94599999994 
-117.8753177952676 -0.00876519270495238 7608.2789999999395 
-117.8753177952676 -0.00876519270495238 7616.611999999939 
-117.8753177952676 -0.00876519270495238 7624.944999999939 
-117.8753177952676 -0.00876519270495238 7633.277999999938 
-117.8753177952676 -0.00876519270495238 7641.610999999938 
-117.8753177952676 -0.00876519270495238 7649.943999999938 
-117.8753177952676 -0.00876519270495238 7658.276999999937 
-117.8753177952676 -0.00876519270495238 7666.609999999937 
-117.8753177952676 -0.00876519270495238 7674.942999999937 
-117.8753177952676 -0.00876519270495238 7683.275999999936 
-117.8753177952676 -0.00876519270495238 7691.608999999936 
-117.8753177952676 -0.00876519270495238 7699.941999999935 
-117.8753177952676 -0.00876519270495238 7708.274999999935 
-117.8753177952676 -0.00876519270495238 7716.607999999935 
-117.8753177952676 -0.00876519270495238 7724.940999999934 
-117.8753177952676 -0.00876519270495238 7733.273999999934 
-117.8753177952676 -0.00876519270495238 7741.606999999934 
-117.8753177952676 -0.00876519270495238 7749.939999999933 
-117.8753177952676 -0.00876519270495238 7758.272999999933 
-117.8753177952676 -0.00876519270495238 7766.6059999999325 
-117.8753177952676 -0.00876519270495238 7774.938999999932 
-117.8753177952676 -0.00876519270495238 7783.271999999932 
-117.8753177952676 -0.00876519270495238 7791.604999999931 
-117.8753177952676 -0.00876519270495238 7799.937999999931 
-117.8753177952676 -0.00876519270495238 7808.270999999931 
-117.8753177952676 -0.00876519270495238 7816.60399999993 
-117.8753177952676 -0.00876519270495238 7824.93699999993 
-117.8753177952676 -0.00876519270495238 7833.2699999999295 
-117.8753177952676 -0.00876519270495238 7841.602999999929 
-117.8753177952676 -0.00876519270495238 7849.935999999929 
-117.8753177952676 -0.00876519270495238 7858.268999999928 
-117.8753177952676 -0.00876519270495238 7866.601999999928 
-117.8753177952676 -0.00876519270495238 7874.934999999928 
-117.8753177952676 -0.00876519270495238 7883.267999999927 
-117.8753177952676 -0.00876519270495238 7891.600999999927 
-117.8753177952676 -0.00876519270495238 7899.9339999999265 
-117.8753177952676 -0.00876519270495238 7908.266999999926 
-117.8753177952676 -0.00876519270495238 7916.599999999926 
-117.8753177952676 -0.00876519270495238 7924.932999999925 
-117.8753177952676 -0.00876519270495238 7933.265999999925 
-117.8753177952676 -0.00876519270495238 7941.598999999925 
-117.8753177952676 -0.00876519270495238 7949.931999999924 
-117.8753177952676 -0.00876519270495238 7958.264999999924 
-117.8753177952676 -0.00876519270495238 7966.597999999924 
-117.8753177952676 -0.00876519270495238 7974.930999999923 
-117.8753177952676 -0.00876519270495238 7983.263999999923 
-117.8753177952676 -0.00876519270495238 7991.596999999922 
-117.8753177952676 -0.00876519270495238 7999.929999999922 
-117.8753177952676 -0.00876519270495238 8008.262999999922 
-117.8753177952676 -0.00876519270495238 8016.595999999921 
-117.8753177952676 -0.00876519270495238 8024.928999999921 
-117.8753177952676 -0.00876519270495238 8033.261999999921 
-117.8753177952676 -0.00876519270495238 8041.59499999992 
-117.8753177952676 -0.00876519270495238 8049.92799999992 
-117.8753177952676 -0.00876519270495238 8058.2609999999195 
-117.8753177952676 -0.00876519270495238 8066.593999999919 
-117.8753177952676 -0.00876519270495238 8074.926999999919 
-117.8753177952676 -0.00876519270495238 8083.259999999918 
-117.8753177952676 -0.00876519270495238 8091.592999999918 
-117.8753177952676 -0.00876519270495238 8099.925999999918 
-117.8753177952676 -0.00876519270495238 8108.258999999917 
-117.8753177952676 -0.00876519270495238 8116.591999999917 
-117.8753177952676 -0.00876519270495238 8124.9249999999165 
-117.8753177952676 -0.00876519270495238 8133.257999999916 
-117.8753177952676 -0.00876519270495238 8141.590999999916 
-117.8753177952676 -0.00876519270495238 8149.923999999915 
-117.8753177952676 -0.00876519270495238 8158.256999999915 
-117.8753177952676 -0.00876519270495238 8166.589999999915 
-117.8753177952676 -0.00876519270495238 8174.922999999914 
-117.8753177952676 -0.00876519270495238 8183.255999999914 
-117.8753177952676 -0.00876519270495238 8191.5889999999135 
-117.8753177952676 -0.00876519270495238 8199.921999999913 
-117.8753177952676 -0.00876519270495238 8208.254999999914 
-117.8753177952676 -0.00876519270495238 8216.587999999912 
-117.8753177952676 -0.00876519270495238 8224.920999999911 
-117.8753177952676 -0.00876519270495238 8233.253999999912 
-117.8753177952676 -0.00876519270495238 8241.586999999912 
-117.8753177952676 -0.00876519270495238 8249.919999999911 
-117.8753177952676 -0.00876519270495238 8258.25299999991 
-117.8753177952676 -0.00876519270495238 8266.58599999991 
-117.8753177952676 -0.00876519270495238 8274.91899999991 
-117.8753177952676 -0.00876519270495238 8283.25199999991 
-117.8753177952676 -0.00876519270495238 8291.584999999908 
-117.8753177952676 -0.00876519270495238 8299.917999999909 
-117.8753177952676 -0.00876519270495238 8308.25099999991 
-117.8753177952676 -0.00876519270495238 8316.583999999908 
-117.8753177952676 -0.00876519270495238 8324.916999999907 
-117.8753177952676 -0.00876519270495238 8333.249999999907 
-117.8753177952676 -0.00876519270495238 8341.582999999908 
-117.8753177952676 -0.00876519270495238 8349.915999999906 
-117.8753177952676 -0.00876519270495238 8358.248999999905 
-117.8753177952676 -0.00876519270495238 8366.581999999906 
-117.8753177952676 -0.00876519270495238 8374.914999999906 
-117.8753177952676 -0.00876519270495238 8383.247999999905 
-117.8753177952676 -0.00876519270495238 8391.580999999904 
-117.8753177952676 -0.00876519270495238 8399.913999999904 
-117.8753177952676 -0.00876519270495238 8408.246999999905 
-117.8753177952676 -0.00876519270495238 8416.579999999904 
-117.8753177952676 -0.00876519270495238 8424.912999999902 
-117.8753177952676 -0.00876519270495238 8433.245999999903 
-117.8753177952676 -0.00876519270495238 8441.578999999903 
-117.8753177952676 -0.00876519270495238 8449.911999999902 
-117.8753177952676 -0.00876519270495238 8458.2449999999 
-117.8753177952676 -0.00876519270495238 8466.577999999901 
-117.8753177952676 -0.00876519270495238 8474.910999999902 
-117.8753177952676 -0.00876519270495238 8483.2439999999 
-117.8753177952676 -0.00876519270495238 8491.5769999999 
-117.8753177952676 -0.00876519270495238 8499.9099999999 
-117.8753177952676 -0.00876519270495238 8508.2429999999 
-117.8753177952676 -0.00876519270495238 8516.575999999899 
-117.8753177952676 -0.00876519270495238 8524.908999999898 
-117.8753177952676 -0.00876519270495238 8533.241999999898 
-117.8753177952676 -0.00876519270495238 8541.574999999899 
-117.8753177952676 -0.00876519270495238 8549.907999999898 
-117.8753177952676 -0.00876519270495238 8558.240999999896 
-117.8753177952676 -0.00876519270495238 8566.573999999897 
-117.8753177952676 -0.00876519270495238 8574.906999999897 
-117.8753177952676 -0.00876519270495238 8583.239999999896 
-117.8753177952676 -0.00876519270495238 8591.572999999895 
-117.8753177952676 -0.00876519270495238 8599.905999999895 
-117.8753177952676 -0.00876519270495238 8608.238999999896 
-117.8753177952676 -0.00876519270495238 8616.571999999895 
-117.8753177952676 -0.00876519270495238 8624.904999999893 
-117.8753177952676 -0.00876519270495238 8633.237999999894 
-117.8753177952676 -0.00876519270495238 8641.570999999894 
-117.8753177952676 -0.00876519270495238 8649.903999999893 
-117.8753177952676 -0.00876519270495238 8658.236999999892 
-117.8753177952676 -0.00876519270495238 8666.569999999892 
-117.8753177952676 -0.00876519270495238 8674.902999999893 
-117.8753177952676 -0.00876519270495238 8683.235999999892 
-117.8753177952676 -0.00876519270495238 8691.56899999989 
-117.8753177952676 -0.00876519270495238 8699.90199999989 
-117.8753177952676 -0.00876519270495238 8708.234999999891 
-117.8753177952676 -0.00876519270495238 8716.56799999989 
-117.8753177952676 -0.00876519270495238 8724.900999999889 
-117.8753177952676 -0.00876519270495238 8733.23399999989 
-117.8753177952676 -0.00876519270495238 8741.56699999989 
-117.8753177952676 -0.00876519270495238 8749.899999999889 
-117.8753177952676 -0.00876519270495238 8758.232999999887 
-117.8753177952676 -0.00876519270495238 8766.565999999888 
-117.8753177952676 -0.00876519270495238 8774.898999999888 
-117.8753177952676 -0.00876519270495238 8783.231999999887 
-117.8753177952676 -0.00876519270495238 8791.564999999886 
-117.8753177952676 -0.00876519270495238 8799.897999999886 
-117.8753177952676 -0.00876519270495238 8808.230999999887 
-117.8753177952676 -0.00876519270495238 8816.563999999886 
-117.8753177952676 -0.00876519270495238 8824.896999999884 
-117.8753177952676 -0.00876519270495238 8833.229999999885 
-117.8753177952676 -0.00876519270495238 8841.562999999886 
-117.8753177952676 -0.00876519270495238 8849.895999999884 
-117.8753177952676 -0.00876519270495238 8858.228999999883 
-117.8753177952676 -0.00876519270495238 8866.561999999883 
-117.8753177952676 -0.00876519270495238 8874.894999999884 
-117.8753177952676 -0.00876519270495238 8883.227999999883 
-117.8753177952676 -0.00876519270495238 8891.560999999881 
-117.8753177952676 -0.00876519270495238 8899.893999999882 
-117.8753177952676 -0.00876519270495238 8908.226999999883 
-117.8753177952676 -0.00876519270495238 8916.559999999881 
-117.8753177952676 -0.00876519270495238 8924.89299999988 
-117.8753177952676 -0.00876519270495238 8933.22599999988 
-117.8753177952676 -0.00876519270495238 8941.558999999881 
-117.8753177952676 -0.00876519270495238 8949.89199999988 
-117.8753177952676 -0.00876519270495238 8958.224999999878 
-117.8753177952676 -0.00876519270495238 8966.557999999879 
-117.8753177952676 -0.00876519270495238 8974.89099999988 
-117.8753177952676 -0.00876519270495238 8983.223999999878 
-117.8753177952676 -0.00876519270495238 8991.556999999877 
-117.8753177952676 -0.00876519270495238 8999.889999999878 
-117.8753177952676 -0.00876519270495238 9008.222999999878 
-117.8753177952676 -0.00876519270495238 9016.555999999877 
-117.8753177952676 -0.00876519270495238 9024.888999999876 
-117.8753177952676 -0.00876519270495238 9033.221999999876 
-117.8753177952676 -0.00876519270495238 9041.554999999877 
-117.8753177952676 -0.00876519270495238 9049.887999999875 
-117.8753177952676 -0.00876519270495238 9058.220999999874 
-117.8753177952676 -0.00876519270495238 9066.553999999875 
-117.8753177952676 -0.00876519270495238 9074.886999999875 
-117.8753177952676 -0.00876519270495238 9083.219999999874 
-117.8753177952676 -0.00876519270495238 9091.552999999873 
-117.8753177952676 -0.00876519270495238 9099.885999999873 
-117.8753177952676 -0.00876519270495238 9108.218999999874 
-117.8753177952676 -0.00876519270495238 9116.551999999872 
-117.8753177952676 -0.00876519270495238 9124.884999999871 
-117.8753177952676 -0.00876519270495238 9133.217999999872 
-117.8753177952676 -0.00876519270495238 9141.550999999872 
-117.8753177952676 -0.00876519270495238 9149.88399999987 
-117.8753177952676 -0.00876519270495238 9158.21699999987 
-117.8753177952676 -0.00876519270495238 9166.54999999987 
-117.8753177952676 -0.00876519270495238 9174.88299999987 
-117.8753177952676 -0.00876519270495238 9183.21599999987 
-117.8753177952676 -0.00876519270495238 9191.548999999868 
-117.8753177952676 -0.00876519270495238 9199.881999999869 
-117.8753177952676 -0.00876519270495238 9208.21499999987 
-117.8753177952676 -0.00876519270495238 9216.547999999868 
-117.8753177952676 -0.00876519270495238 9224.880999999867 
-117.8753177952676 -0.00876519270495238 9233.213999999867 
-117.8753177952676 -0.00876519270495238 9241.546999999868 
-117.8753177952676 -0.00876519270495238 9249.879999999866 
-117.8753177952676 -0.00876519270495238 9258.212999999865 
-117.8753177952676 -0.00876519270495238 9266.545999999866 
-117.8753177952676 -0.00876519270495238 9274.878999999866 
-117.8753177952676 -0.00876519270495238 9283.211999999865 
-117.8753177952676 -0.00876519270495238 9291.544999999864 
-117.8753177952676 -0.00876519270495238 9299.877999999864 
-117.8753177952676 -0.00876519270495238 9308.210999999865 
-117.8753177952676 -0.00876519270495238 9316.543999999863 
-117.8753177952676 -0.00876519270495238 9324.876999999862 
-117.8753177952676 -0.00876519270495238 9333.209999999863 
-117.8753177952676 -0.00876519270495238 9341.542999999863 
-117.8753177952676 -0.00876519270495238 9349.875999999862 
-117.8753177952676 -0.00876519270495238 9358.20899999986 
-117.8753177952676 -0.00876519270495238 9366.541999999861 
-117.8753177952676 -0.00876519270495238 9374.874999999862 
-117.8753177952676 -0.00876519270495238 9383.20799999986 
-117.8753177952676 -0.00876519270495238 9391.54099999986 
-117.8753177952676 -0.00876519270495238 9399.87399999986 
-117.8753177952676 -0.00876519270495238 9408.20699999986 
-117.8753177952676 -0.00876519270495238 9416.539999999859 
-117.8753177952676 -0.00876519270495238 9424.872999999858 
-117.8753177952676 -0.00876519270495238 9433.205999999858 
-117.8753177952676 -0.00876519270495238 9441.538999999859 
-117.8753177952676 -0.00876519270495238 9449.871999999858 
-117.8753177952676 -0.00876519270495238 9458.204999999856 
-117.8753177952676 -0.00876519270495238 9466.537999999857 
-117.8753177952676 -0.00876519270495238 9474.870999999857 
-117.8753177952676 -0.00876519270495238 9483.203999999856 
-117.8753177952676 -0.00876519270495238 9491.536999999855 
-117.8753177952676 -0.00876519270495238 9499.869999999855 
-117.8753177952676 -0.00876519270495238 9508.202999999856 
-117.8753177952676 -0.00876519270495238 9516.535999999855 
-117.8753177952676 -0.00876519270495238 9524.868999999853 
-117.8753177952676 -0.00876519270495238 9533.201999999854 
-117.8753177952676 -0.00876519270495238 9541.534999999854 
-117.8753177952676 -0.00876519270495238 9549.867999999853 
-117.8753177952676 -0.00876519270495238 9558.200999999852 
-117.8753177952676 -0.00876519270495238 9566.533999999852 
-117.8753177952676 -0.00876519270495238 9574.866999999853 
-117.8753177952676 -0.00876519270495238 9583.199999999852 
-117.8753177952676 -0.00876519270495238 9591.53299999985 
-117.8753177952676 -0.00876519270495238 9599.86599999985 
-117.8753177952676 -0.00876519270495238 9608.198999999851 
-117.8753177952676 -0.00876519270495238 9616.53199999985 
-117.8753177952676 -0.00876519270495238 9624.864999999849 
-117.8753177952676 -0.00876519270495238 9633.19799999985 
-117.8753177952676 -0.00876519270495238 9641.53099999985 
-117.8753177952676 -0.00876519270495238 9649.863999999849 
-117.8753177952676 -0.00876519270495238 9658.196999999847 
-117.8753177952676 -0.00876519270495238 9666.529999999848 
-117.8753177952676 -0.00876519270495238 9674.862999999848 
-117.8753177952676 -0.00876519270495238 9683.195999999847 
-117.8753177952676 -0.00876519270495238 9691.528999999846 
-117.8753177952676 -0.00876519270495238 9699.861999999846 
-117.8753177952676 -0.00876519270495238 9708.194999999847 
-117.8753177952676 -0.00876519270495238 9716.527999999846 
-117.8753177952676 -0.00876519270495238 9724.860999999844 
-117.8753177952676 -0.00876519270495238 9733.193999999845 
-117.8753177952676 -0.00876519270495238 9741.526999999845 
-117.8753177952676 -0.00876519270495238 9749.859999999844 
-117.8753177952676 -0.00876519270495238 9758.192999999843 
-117.8753177952676 -0.00876519270495238 9766.525999999843 
-117.8753177952676 -0.00876519270495238 9774.858999999844 
-117.8753177952676 -0.00876519270495238 9783.191999999843 
-117.8753177952676 -0.00876519270495238 9791.524999999841 
-117.8753177952676 -0.00876519270495238 9799.857999999842 
-117.8753177952676 -0.00876519270495238 9808.190999999842 
-117.8753177952676 -0.00876519270495238 9816.523999999841 
-117.8753177952676 -0.00876519270495238 9824.85699999984 
-117.8753177952676 -0.00876519270495238 9833.18999999984 
-117.8753177952676 -0.00876519270495238 9841.522999999841 
-117.8753177952676 -0.00876519270495238 9849.85599999984 
-117.8753177952676 -0.00876519270495238 9858.188999999838 
-117.8753177952676 -0.00876519270495238 9866.521999999839 
-117.8753177952676 -0.00876519270495238 9874.85499999984 
-117.8753177952676 -0.00876519270495238 9883.187999999838 
-117.8753177952676 -0.00876519270495238 9891.520999999837 
-117.8753177952676 -0.00876519270495238 9899.853999999837 
-117.8753177952676 -0.00876519270495238 9908.186999999838 
-117.8753177952676 -0.00876519270495238 9916.519999999837 
-117.8753177952676 -0.00876519270495238 9924.852999999835 
-117.8753177952676 -0.00876519270495238 9933.185999999836 
-117.8753177952676 -0.00876519270495238 9941.518999999837 
-117.8753177952676 -0.00876519270495238 9949.851999999835 
-117.8753177952676 -0.00876519270495238 9958.184999999834 
-117.8753177952676 -0.00876519270495238 9966.517999999835 
-117.8753177952676 -0.00876519270495238 9974.850999999835 
-117.8753177952676 -0.00876519270495238 9983.183999999834 
-117.8753177952676 -0.00876519270495238 9991.516999999832 
-117.8753177952676 -0.00876519270495238 9999.849999999833 
-117.8753177952676 -0.00876519270495238 10008.182999999834 
-117.8753177952676 -0.00876519270495238 10016.515999999832 
-117.8753177952676 -0.00876519270495238 10024.848999999831 
-117.8753177952676 -0.00876519270495238 10033.181999999832 
-117.8753177952676 -0.00876519270495238 10041.514999999832 
-117.8753177952676 -0.00876519270495238 10049.84799999983 
-117.8753177952676 -0.00876519270495238 10058.18099999983 
-117.8753177952676 -0.00876519270495238 10066.51399999983 
-117.8753177952676 -0.00876519270495238 10074.84699999983 
-117.8753177952676 -0.00876519270495238 10083.17999999983 
-117.8753177952676 -0.00876519270495238 10091.512999999828 
-117.8753177952676 -0.00876519270495238 10099.845999999829 
-117.8753177952676 -0.00876519270495238 10108.17899999983 
-117.8753177952676 -0.00876519270495238 10116.511999999828 
-117.8753177952676 -0.00876519270495238 10124.844999999827 
-117.8753177952676 -0.00876519270495238 10133.177999999827 
-117.8753177952676 -0.00876519270495238 10141.510999999828 
-117.8753177952676 -0.00876519270495238 10149.843999999826 
-117.8753177952676 -0.00876519270495238 10158.176999999825 
-117.8753177952676 -0.00876519270495238 10166.509999999826 
-117.8753177952676 -0.00876519270495238 10174.842999999826 
-117.8753177952676 -0.00876519270495238 10183.175999999825 
-117.8753177952676 -0.00876519270495238 10191.508999999824 
-117.8753177952676 -0.00876519270495238 10199.841999999824 
-117.8753177952676 -0.00876519270495238 10208.174999999825 
-117.8753177952676 -0.00876519270495238 10216.507999999823 
-117.8753177952676 -0.00876519270495238 10224.840999999822 
-117.8753177952676 -0.00876519270495238 10233.173999999823 
-117.8753177952676 -0.00876519270495238 10241.506999999823 
-117.8753177952676 -0.00876519270495238 10249.839999999822 
-117.8753177952676 -0.00876519270495238 10258.17299999982 
-117.8753177952676 -0.00876519270495238 10266.505999999821 
-117.8753177952676 -0.00876519270495238 10274.838999999822 
-117.8753177952676 -0.00876519270495238 10283.17199999982 
-117.8753177952676 -0.00876519270495238 10291.50499999982 
-117.8753177952676 -0.00876519270495238 10299.83799999982 
-117.8753177952676 -0.00876519270495238 10308.17099999982 
-117.8753177952676 -0.00876519270495238 10316.503999999819 
-117.8753177952676 -0.00876519270495238 10324.836999999818 
-117.8753177952676 -0.00876519270495238 10333.169999999818 
-117.8753177952676 -0.00876519270495238 10341.502999999819 
-117.8753177952676 -0.00876519270495238 10349.835999999817 
-117.8753177952676 -0.00876519270495238 10358.168999999816 
-117.8753177952676 -0.00876519270495238 10366.501999999817 
-117.8753177952676 -0.00876519270495238 10374.834999999817 
-117.8753177952676 -0.00876519270495238 10383.167999999816 
-117.8753177952676 -0.00876519270495238 10391.500999999815 
-117.8753177952676 -0.00876519270495238 10399.833999999815 
-117.8753177952676 -0.00876519270495238 10408.166999999816 
-117.8753177952676 -0.00876519270495238 10416.499999999814 
-117.8753177952676 -0.00876519270495238 10424.832999999813 
-117.8753177952676 -0.00876519270495238 10433.165999999814 
-117.8753177952676 -0.00876519270495238 10441.498999999814 
-117.8753177952676 -0.00876519270495238 10449.831999999813 
-117.8753177952676 -0.00876519270495238 10458.164999999812 
-117.8753177952676 -0.00876519270495238 10466.497999999812 
-117.8753177952676 -0.00876519270495238 10474.830999999813 
-117.8753177952676 -0.00876519270495238 10483.163999999811 
-117.8753177952676 -0.00876519270495238 10491.49699999981 
-117.8753177952676 -0.00876519270495238 10499.82999999981 
-117.8753177952676 -0.00876519270495238 10508.162999999811 
-117.8753177952676 -0.00876519270495238 10516.49599999981 
-117.8753177952676 -0.00876519270495238 10524.828999999809 
-117.8753177952676 -0.00876519270495238 10533.16199999981 
-117.8753177952676 -0.00876519270495238 10541.49499999981 
-117.8753177952676 -0.00876519270495238 10549.827999999809 
-117.8753177952676 -0.00876519270495238 10558.160999999807 
-117.8753177952676 -0.00876519270495238 10566.493999999808 
-117.8753177952676 -0.00876519270495238 10574.826999999808 
-117.8753177952676 -0.00876519270495238 10583.159999999807 
-117.8753177952676 -0.00876519270495238 10591.492999999806 
-117.8753177952676 -0.00876519270495238 10599.825999999806 
-117.8753177952676 -0.00876519270495238 10608.158999999807 
-117.8753177952676 -0.00876519270495238 10616.491999999806 
-117.8753177952676 -0.00876519270495238 10624.824999999804 
-117.8753177952676 -0.00876519270495238 10633.157999999805 
-117.8753177952676 -0.00876519270495238 10641.490999999805 
-117.8753177952676 -0.00876519270495238 10649.823999999804 
-117.8753177952676 -0.00876519270495238 10658.156999999803 
-117.8753177952676 -0.00876519270495238 10666.489999999803 
-117.8753177952676 -0.00876519270495238 10674.822999999804 
-117.8753177952676 -0.00876519270495238 10683.155999999803 
-117.8753177952676 -0.00876519270495238 10691.488999999801 
-117.8753177952676 -0.00876519270495238 10699.821999999802 
-117.8753177952676 -0.00876519270495238 10708.154999999802 
-117.8753177952676 -0.00876519270495238 10716.487999999801 
-117.8753177952676 -0.00876519270495238 10724.8209999998 
-117.8753177952676 -0.00876519270495238 10733.1539999998 
-117.8753177952676 -0.00876519270495238 10741.4869999998 
-117.8753177952676 -0.00876519270495238 10749.8199999998 
-117.8753177952676 -0.00876519270495238 10758.152999999798 
-117.8753177952676 -0.00876519270495238 10766.485999999799 
-117.8753177952676 -0.00876519270495238 10774.8189999998 
-117.8753177952676 -0.00876519270495238 10783.151999999798 
-117.8753177952676 -0.00876519270495238 10791.484999999797 
-117.8753177952676 -0.00876519270495238 10799.817999999797 
-117.8753177952676 -0.00876519270495238 10808.150999999798 
-117.8753177952676 -0.00876519270495238 10816.483999999797 
-117.8753177952676 -0.00876519270495238 10824.816999999795 
-117.8753177952676 -0.00876519270495238 10833.149999999796 
-117.8753177952676 -0.00876519270495238 10841.482999999796 
-117.8753177952676 -0.00876519270495238 10849.815999999795 
-117.8753177952676 -0.00876519270495238 10858.148999999794 
-117.8753177952676 -0.00876519270495238 10866.481999999794 
-117.8753177952676 -0.00876519270495238 10874.814999999795 
-117.8753177952676 -0.00876519270495238 10883.147999999794 
-117.8753177952676 -0.00876519270495238 10891.480999999792 
-117.8753177952676 -0.00876519270495238 10899.813999999793 
-117.8753177952676 -0.00876519270495238 10908.146999999793 
-117.8753177952676 -0.00876519270495238 10916.479999999792 
-117.8753177952676 -0.00876519270495238 10924.812999999791 
-117.8753177952676 -0.00876519270495238 10933.145999999791 
-117.8753177952676 -0.00876519270495238 10941.478999999792 
-117.8753177952676 -0.00876519270495238 10949.81199999979 
-117.8753177952676 -0.00876519270495238 10958.14499999979 
-117.8753177952676 -0.00876519270495238 10966.47799999979 
-117.8753177952676 -0.00876519270495238 10974.81099999979 
-117.8753177952676 -0.00876519270495238 10983.14399999979 
-117.8753177952676 -0.00876519270495238 10991.476999999788 
-117.8753177952676 -0.00876519270495238 10999.809999999788 
-117.8753177952676 -0.00876519270495238 11008.142999999789 
-117.8753177952676 -0.00876519270495238 11016.475999999788 
-117.8753177952676 -0.00876519270495238 11024.808999999786 
-117.8753177952676 -0.00876519270495238 11033.141999999787 
-117.8753177952676 -0.00876519270495238 11041.474999999788 
-117.8753177952676 -0.00876519270495238 11049.807999999786 
-117.8753177952676 -0.00876519270495238 11058.140999999785 
-117.8753177952676 -0.00876519270495238 11066.473999999786 
-117.8753177952676 -0.00876519270495238 11074.806999999786 
-117.8753177952676 -0.00876519270495238 11083.139999999785 
-117.8753177952676 -0.00876519270495238 11091.472999999783 
-117.8753177952676 -0.00876519270495238 11099.805999999784 
-117.8753177952676 -0.00876519270495238 11108.138999999785 
-117.8753177952676 -0.00876519270495238 11116.471999999783 
-117.8753177952676 -0.00876519270495238 11124.804999999782 
-117.8753177952676 -0.00876519270495238 11133.137999999783 
-117.8753177952676 -0.00876519270495238 11141.470999999783 
-117.8753177952676 -0.00876519270495238 11149.803999999782 
-117.8753177952676 -0.00876519270495238 11158.13699999978 
-117.8753177952676 -0.00876519270495238 11166.469999999781 
-117.8753177952676 -0.00876519270495238 11174.802999999782 
-117.8753177952676 -0.00876519270495238 11183.13599999978 
-117.8753177952676 -0.00876519270495238 11191.468999999779 
-117.8753177952676 -0.00876519270495238 11199.80199999978 
-117.8753177952676 -0.00876519270495238 11208.13499999978 
-117.8753177952676 -0.00876519270495238 11216.467999999779 
-117.8753177952676 -0.00876519270495238 11224.800999999778 
-117.8753177952676 -0.00876519270495238 11233.133999999778 
-117.8753177952676 -0.00876519270495238 11241.466999999779 
-117.8753177952676 -0.00876519270495238 11249.799999999777 
-117.8753177952676 -0.00876519270495238 11258.132999999776 
-117.8753177952676 -0.00876519270495238 11266.465999999777 
-117.8753177952676 -0.00876519270495238 11274.798999999777 
-117.8753177952676 -0.00876519270495238 11283.131999999776 
-117.8753177952676 -0.00876519270495238 11291.464999999775 
-117.8753177952676 -0.00876519270495238 11299.797999999775 
-117.8753177952676 -0.00876519270495238 11308.130999999776 
-117.8753177952676 -0.00876519270495238 11316.463999999774 
-117.8753177952676 -0.00876519270495238 11324.796999999773 
-117.8753177952676 -0.00876519270495238 11333.129999999774 
-117.8753177952676 -0.00876519270495238 11341.462999999774 
-117.8753177952676 -0.00876519270495238 11349.795999999773 
-117.8753177952676 -0.00876519270495238 11358.128999999772 
-117.8753177952676 -0.00876519270495238 11366.461999999772 
-117.8753177952676 -0.00876519270495238 11374.794999999773 
-117.8753177952676 -0.00876519270495238 11383.127999999771 
-117.8753177952676 -0.00876519270495238 11391.46099999977 
-117.8753177952676 -0.00876519270495238 11399.79399999977 
-117.8753177952676 -0.00876519270495238 11408.126999999771 
-117.8753177952676 -0.00876519270495238 11416.45999999977 
-117.8753177952676 -0.00876519270495238 11424.792999999769 
-117.8753177952676 -0.00876519270495238 11433.12599999977 
-117.8753177952676 -0.00876519270495238 11441.45899999977 
-117.8753177952676 -0.00876519270495238 11449.791999999768 
-117.8753177952676 -0.00876519270495238 11458.124999999767 
-117.8753177952676 -0.00876519270495238 11466.457999999768 
-117.8753177952676 -0.00876519270495238 11474.790999999768 
-117.8753177952676 -0.00876519270495238 11483.123999999767 
-117.8753177952676 -0.00876519270495238 11491.456999999766 
-117.8753177952676 -0.00876519270495238 11499.789999999766 
-117.8753177952676 -0.00876519270495238 11508.122999999767 
-117.8753177952676 -0.00876519270495238 11516.455999999765 
-117.8753177952676 -0.00876519270495238 11524.788999999764 
-117.8753177952676 -0.00876519270495238 11533.121999999765 
-117.8753177952676 -0.00876519270495238 11541.454999999765 
-117.8753177952676 -0.00876519270495238 11549.787999999764 
-117.8753177952676 -0.00876519270495238 11558.120999999763 
-117.8753177952676 -0.00876519270495238 11566.453999999763 
-117.8753177952676 -0.00876519270495238 11574.786999999764 
-117.8753177952676 -0.00876519270495238 11583.119999999763 
-117.8753177952676 -0.00876519270495238 11591.452999999761 
-117.8753177952676 -0.00876519270495238 11599.785999999762 
-117.8753177952676 -0.00876519270495238 11608.118999999762 
-117.8753177952676 -0.00876519270495238 11616.451999999761 
-117.8753177952676 -0.00876519270495238 11624.78499999976 
-117.8753177952676 -0.00876519270495238 11633.11799999976 
-117.8753177952676 -0.00876519270495238 11641.45099999976 
-117.8753177952676 -0.00876519270495238 11649.78399999976 
-117.8753177952676 -0.00876519270495238 11658.116999999758 
-117.8753177952676 -0.00876519270495238 11666.449999999759 
-117.8753177952676 -0.00876519270495238 11674.78299999976 
-117.8753177952676 -0.00876519270495238 11683.115999999758 
-117.8753177952676 -0.00876519270495238 11691.448999999757 
-117.8753177952676 -0.00876519270495238 11699.781999999757 
-117.8753177952676 -0.00876519270495238 11708.114999999758 
-117.8753177952676 -0.00876519270495238 11716.447999999757 
-117.8753177952676 -0.00876519270495238 11724.780999999755 
-117.8753177952676 -0.00876519270495238 11733.113999999756 
-117.8753177952676 -0.00876519270495238 11741.446999999756 
-117.8753177952676 -0.00876519270495238 11749.779999999755 
-117.8753177952676 -0.00876519270495238 11758.112999999754 
-117.8753177952676 -0.00876519270495238 11766.445999999754 
-117.8753177952676 -0.00876519270495238 11774.778999999755 
-117.8753177952676 -0.00876519270495238 11783.111999999754 
-117.8753177952676 -0.00876519270495238 11791.444999999752 
-117.8753177952676 -0.00876519270495238 11799.777999999753 
-117.8753177952676 -0.00876519270495238 11808.110999999753 
-117.8753177952676 -0.00876519270495238 11816.443999999752 
-117.8753177952676 -0.00876519270495238 11824.77699999975 
-117.8753177952676 -0.00876519270495238 11833.109999999751 
-117.8753177952676 -0.00876519270495238 11841.442999999752 
-117.8753177952676 -0.00876519270495238 11849.77599999975 
-117.8753177952676 -0.00876519270495238 11858.10899999975 
-117.8753177952676 -0.00876519270495238 11866.44199999975 
-117.8753177952676 -0.00876519270495238 11874.77499999975 
-117.8753177952676 -0.00876519270495238 11883.10799999975 
-117.8753177952676 -0.00876519270495238 11891.440999999748 
-117.8753177952676 -0.00876519270495238 11899.773999999748 
-117.8753177952676 -0.00876519270495238 11908.106999999749 
-117.8753177952676 -0.00876519270495238 11916.439999999748 
-117.8753177952676 -0.00876519270495238 11924.772999999746 
-117.8753177952676 -0.00876519270495238 11933.105999999747 
-117.8753177952676 -0.00876519270495238 11941.438999999747 
-117.8753177952676 -0.00876519270495238 11949.771999999746 
-117.8753177952676 -0.00876519270495238 11958.104999999745 
-117.8753177952676 -0.00876519270495238 11966.437999999745 
-117.8753177952676 -0.00876519270495238 11974.770999999746 
-117.8753177952676 -0.00876519270495238 11983.103999999745 
-117.8753177952676 -0.00876519270495238 11991.436999999743 
-117.8753177952676 -0.00876519270495238 11999.769999999744 
-117.8753177952676 -0.00876519270495238 12008.102999999744 
-117.8753177952676 -0.00876519270495238 12016.435999999743 
-117.8753177952676 -0.00876519270495238 12024.768999999742 
-117.8753177952676 -0.00876519270495238 12033.101999999742 
-117.8753177952676 -0.00876519270495238 12041.434999999743 
-117.8753177952676 -0.00876519270495238 12049.767999999742 
-117.8753177952676 -0.00876519270495238 12058.10099999974 
-117.8753177952676 -0.00876519270495238 12066.433999999741 
-117.8753177952676 -0.00876519270495238 12074.766999999742 
-117.8753177952676 -0.00876519270495238 12083.09999999974 
-117.8753177952676 -0.00876519270495238 12091.432999999739 
-117.8753177952676 -0.00876519270495238 12099.76599999974 
-117.8753177952676 -0.00876519270495238 12108.09899999974 
-117.8753177952676 -0.00876519270495238 12116.431999999739 
-117.8753177952676 -0.00876519270495238 12124.764999999737 
-117.8753177952676 -0.00876519270495238 12133.097999999738 
-117.8753177952676 -0.00876519270495238 12141.430999999739 
-117.8753177952676 -0.00876519270495238 12149.763999999737 
-117.8753177952676 -0.00876519270495238 12158.096999999736 
-117.8753177952676 -0.00876519270495238 12166.429999999737 
-117.8753177952676 -0.00876519270495238 12174.762999999737 
-117.8753177952676 -0.00876519270495238 12183.095999999736 
-117.8753177952676 -0.00876519270495238 12191.428999999735 
-117.8753177952676 -0.00876519270495238 12199.761999999735 
-117.8753177952676 -0.00876519270495238 12208.094999999736 
-117.8753177952676 -0.00876519270495238 12216.427999999734 
-117.8753177952676 -0.00876519270495238 12224.760999999733 
-117.8753177952676 -0.00876519270495238 12233.093999999734 
-117.8753177952676 -0.00876519270495238 12241.426999999734 
-117.8753177952676 -0.00876519270495238 12249.759999999733 
-117.8753177952676 -0.00876519270495238 12258.092999999732 
-117.8753177952676 -0.00876519270495238 12266.425999999732 
-117.8753177952676 -0.00876519270495238 12274.758999999733 
-117.8753177952676 -0.00876519270495238 12283.091999999731 
-117.8753177952676 -0.00876519270495238 12291.42499999973 
-117.8753177952676 -0.00876519270495238 12299.75799999973 
-117.8753177952676 -0.00876519270495238 12308.090999999731 
-117.8753177952676 -0.00876519270495238 12316.42399999973 
-117.8753177952676 -0.00876519270495238 12324.756999999729 
-117.8753177952676 -0.00876519270495238 12333.08999999973 
-117.8753177952676 -0.00876519270495238 12341.42299999973 
-117.8753177952676 -0.00876519270495238 12349.755999999728 
-117.8753177952676 -0.00876519270495238 12358.088999999727 
-117.8753177952676 -0.00876519270495238 12366.421999999728 
-117.8753177952676 -0.00876519270495238 12374.754999999728 
-117.8753177952676 -0.00876519270495238 12383.087999999727 
-117.8753177952676 -0.00876519270495238 12391.420999999726 
-117.8753177952676 -0.00876519270495238 12399.753999999726 
-117.8753177952676 -0.00876519270495238 12408.086999999727 
-117.8753177952676 -0.00876519270495238 12416.419999999725 
-117.8753177952676 -0.00876519270495238 12424.752999999724 
-117.8753177952676 -0.00876519270495238 12433.085999999725 
-117.8753177952676 -0.00876519270495238 12441.418999999725 
-117.8753177952676 -0.00876519270495238 12449.751999999724 
-117.8753177952676 -0.00876519270495238 12458.084999999723 
-117.8753177952676 -0.00876519270495238 12466.417999999723 
-117.8753177952676 -0.00876519270495238 12474.750999999724 
-117.8753177952676 -0.00876519270495238 12483.083999999722 
-117.8753177952676 -0.00876519270495238 12491.416999999721 
-117.8753177952676 -0.00876519270495238 12499.749999999722 
