1501 
-20.61009149694165 -36.33917679513664 0.2500000002783054 
-20.61009149694165 -36.33917679513664 8.583000000278844 
-20.61009149694165 -36.33917679513664 16.916000000277563 
-20.61009149694165 -36.33917679513664 25.249000000276283 
-20.61009149694165 -36.33917679513664 33.58200000027682 
-20.61009149694165 -36.33917679513664 41.91500000027736 
-20.61009149694165 -36.33917679513664 50.24800000027608 
-20.61009149694165 -36.33917679513664 58.5810000002748 
-20.61009149694165 -36.33917679513664 66.91400000027534 
-20.61009149694165 -36.33917679513664 75.24700000027588 
-20.61009149694165 -36.33917679513664 83.5800000002746 
-20.61009149694165 -36.33917679513664 91.91300000027331 
-20.61009149694165 -36.33917679513664 100.24600000027385 
-20.61009149694165 -36.33917679513664 108.57900000027439 
-20.61009149694165 -36.33917679513664 116.91200000027311 
-20.61009149694165 -36.33917679513664 125.24500000027183 
-20.61009149694165 -36.33917679513664 133.57800000027237 
-20.61009149694165 -36.33917679513664 141.9110000002729 
-20.61009149694165 -36.33917679513664 150.24400000027163 
-20.61009149694165 -36.33917679513664 158.57700000027035 
-20.61009149694165 -36.33917679513664 166.91000000027088 
-20.61009149694165 -36.33917679513664 175.24300000027142 
-20.61009149694165 -36.33917679513664 183.57600000027014 
-20.61009149694165 -36.33917679513664 191.90900000026886 
-20.61009149694165 -36.33917679513664 200.2420000002694 
-20.61009149694165 -36.33917679513664 208.57500000026994 
-20.61009149694165 -36.33917679513664 216.90800000026866 
-20.61009149694165 -36.33917679513664 225.24100000026738 
-20.61009149694165 -36.33917679513664 233.57400000026792 
-20.61009149694165 -36.33917679513664 241.90700000026845 
-20.61009149694165 -36.33917679513664 250.24000000026717 
-20.61009149694165 -36.33917679513664 258.5730000002659 
-20.61009149694165 -36.33917679513664 266.90600000026643 
-20.61009149694165 -36.33917679513664 275.23900000026697 
-20.61009149694165 -36.33917679513664 283.5720000002657 
-20.61009149694165 -36.33917679513664 291.9050000002644 
-20.61009149694165 -36.33917679513664 300.23800000026495 
-20.61009149694165 -36.33917679513664 308.5710000002655 
-20.61009149694165 -36.33917679513664 316.9040000002642 
-20.61009149694165 -36.33917679513664 325.2370000002629 
-20.61009149694165 -36.33917679513664 333.57000000026346 
-20.61009149694165 -36.33917679513664 341.903000000264 
-20.61009149694165 -36.33917679513664 350.2360000002627 
-20.61009149694165 -36.33917679513664 358.56900000026144 
-20.61009149694165 -36.33917679513664 366.902000000262 
-20.61009149694165 -36.33917679513664 375.2350000002625 
-20.61009149694165 -36.33917679513664 383.56800000026124 
-20.61009149694165 -36.33917679513664 391.90100000025996 
-20.61009149694165 -36.33917679513664 400.2340000002605 
-20.61009149694165 -36.33917679513664 408.56700000026103 
-20.61009149694165 -36.33917679513664 416.90000000025975 
-20.61009149694165 -36.33917679513664 425.23300000025847 
-20.61009149694165 -36.33917679513664 433.566000000259 
-20.61009149694165 -36.33917679513664 441.89900000025955 
-20.61009149694165 -36.33917679513664 450.23200000025827 
-20.61009149694165 -36.33917679513664 458.565000000257 
-20.61009149694165 -36.33917679513664 466.8980000002575 
-20.61009149694165 -36.33917679513664 475.23100000025806 
-20.61009149694165 -36.33917679513664 483.5640000002568 
-20.61009149694165 -36.33917679513664 491.8970000002555 
-20.61009149694165 -36.33917679513664 500.23000000025604 
-20.61009149694165 -36.33917679513664 508.5630000002566 
-20.61009149694165 -36.33917679513664 516.8960000002553 
-20.61009149694165 -36.33917679513664 525.229000000254 
-20.61009149694165 -36.33917679513664 533.5620000002546 
-20.61009149694165 -36.33917679513664 541.8950000002551 
-20.61009149694165 -36.33917679513664 550.2280000002538 
-20.61009149694165 -36.33917679513664 558.5610000002525 
-20.61009149694165 -36.33917679513664 566.8940000002531 
-20.61009149694165 -36.33917679513664 575.2270000002536 
-20.61009149694165 -36.33917679513664 583.5600000002523 
-20.61009149694165 -36.33917679513664 591.893000000251 
-20.61009149694165 -36.33917679513664 600.2260000002516 
-20.61009149694165 -36.33917679513664 608.5590000002521 
-20.61009149694165 -36.33917679513664 616.8920000002508 
-20.61009149694165 -36.33917679513664 625.2250000002496 
-20.61009149694165 -36.33917679513664 633.5580000002501 
-20.61009149694165 -36.33917679513664 641.8910000002506 
-20.61009149694165 -36.33917679513664 650.2240000002494 
-20.61009149694165 -36.33917679513664 658.5570000002481 
-20.61009149694165 -36.33917679513664 666.8900000002486 
-20.61009149694165 -36.33917679513664 675.2230000002492 
-20.61009149694165 -36.33917679513664 683.5560000002479 
-20.61009149694165 -36.33917679513664 691.8890000002466 
-20.61009149694165 -36.33917679513664 700.2220000002471 
-20.61009149694165 -36.33917679513664 708.5550000002477 
-20.61009149694165 -36.33917679513664 716.8880000002464 
-20.61009149694165 -36.33917679513664 725.2210000002451 
-20.61009149694165 -36.33917679513664 733.5540000002457 
-20.61009149694165 -36.33917679513664 741.8870000002462 
-20.61009149694165 -36.33917679513664 750.2200000002449 
-20.61009149694165 -36.33917679513664 758.5530000002436 
-20.61009149694165 -36.33917679513664 766.8860000002442 
-20.61009149694165 -36.33917679513664 775.2190000002447 
-20.61009149694165 -36.33917679513664 783.5520000002434 
-20.61009149694165 -36.33917679513664 791.8850000002421 
-20.61009149694165 -36.33917679513664 800.2180000002427 
-20.61009149694165 -36.33917679513664 808.5510000002432 
-20.61009149694165 -36.33917679513664 816.8840000002419 
-20.61009149694165 -36.33917679513664 825.2170000002407 
-20.61009149694165 -36.33917679513664 833.5500000002412 
-20.61009149694165 -36.33917679513664 841.8830000002417 
-20.61009149694165 -36.33917679513664 850.2160000002405 
-20.61009149694165 -36.33917679513664 858.5490000002392 
-20.61009149694165 -36.33917679513664 866.8820000002397 
-20.61009149694165 -36.33917679513664 875.2150000002403 
-20.61009149694165 -36.33917679513664 883.548000000239 
-20.61009149694165 -36.33917679513664 891.8810000002377 
-20.61009149694165 -36.33917679513664 900.2140000002382 
-20.61009149694165 -36.33917679513664 908.5470000002388 
-20.61009149694165 -36.33917679513664 916.8800000002375 
-20.61009149694165 -36.33917679513664 925.2130000002362 
-20.61009149694165 -36.33917679513664 933.5460000002367 
-20.61009149694165 -36.33917679513664 941.8790000002373 
-20.61009149694165 -36.33917679513664 950.212000000236 
-20.61009149694165 -36.33917679513664 958.5450000002347 
-20.61009149694165 -36.33917679513664 966.8780000002353 
-20.61009149694165 -36.33917679513664 975.2110000002358 
-20.61009149694165 -36.33917679513664 983.5440000002345 
-20.61009149694165 -36.33917679513664 991.8770000002332 
-20.61009149694165 -36.33917679513664 1000.2100000002338 
-20.61009149694165 -36.33917679513664 1008.5430000002343 
-20.61009149694165 -36.33917679513664 1016.876000000233 
-20.61009149694165 -36.33917679513664 1025.2090000002318 
-20.61009149694165 -36.33917679513664 1033.5420000002323 
-20.61009149694165 -36.33917679513664 1041.8750000002328 
-20.61009149694165 -36.33917679513664 1050.2080000002316 
-20.61009149694165 -36.33917679513664 1058.5410000002303 
-20.61009149694165 -36.33917679513664 1066.8740000002308 
-20.61009149694165 -36.33917679513664 1075.2070000002313 
-20.61009149694165 -36.33917679513664 1083.54000000023 
-20.61009149694165 -36.33917679513664 1091.8730000002288 
-20.61009149694165 -36.33917679513664 1100.2060000002293 
-20.61009149694165 -36.33917679513664 1108.5390000002299 
-20.61009149694165 -36.33917679513664 1116.8720000002286 
-20.61009149694165 -36.33917679513664 1125.2050000002273 
-20.61009149694165 -36.33917679513664 1133.5380000002278 
-20.61009149694165 -36.33917679513664 1141.8710000002284 
-20.61009149694165 -36.33917679513664 1150.204000000227 
-20.61009149694165 -36.33917679513664 1158.5370000002258 
-20.61009149694165 -36.33917679513664 1166.8700000002264 
-20.61009149694165 -36.33917679513664 1175.203000000227 
-20.61009149694165 -36.33917679513664 1183.5360000002256 
-20.61009149694165 -36.33917679513664 1191.8690000002243 
-20.61009149694165 -36.33917679513664 1200.2020000002249 
-20.61009149694165 -36.33917679513664 1208.5350000002254 
-20.61009149694165 -36.33917679513664 1216.8680000002241 
-20.61009149694165 -36.33917679513664 1225.2010000002228 
-20.61009149694165 -36.33917679513664 1233.5340000002234 
-20.61009149694165 -36.33917679513664 1241.867000000224 
-20.61009149694165 -36.33917679513664 1250.2000000002226 
-20.61009149694165 -36.33917679513664 1258.5330000002214 
-20.61009149694165 -36.33917679513664 1266.866000000222 
-20.61009149694165 -36.33917679513664 1275.1990000002224 
-20.61009149694165 -36.33917679513664 1283.5320000002212 
-20.61009149694165 -36.33917679513664 1291.8650000002199 
-20.61009149694165 -36.33917679513664 1300.1980000002204 
-20.61009149694165 -36.33917679513664 1308.531000000221 
-20.61009149694165 -36.33917679513664 1316.8640000002197 
-20.61009149694165 -36.33917679513664 1325.1970000002184 
-20.61009149694165 -36.33917679513664 1333.530000000219 
-20.61009149694165 -36.33917679513664 1341.8630000002195 
-20.61009149694165 -36.33917679513664 1350.1960000002182 
-20.61009149694165 -36.33917679513664 1358.529000000217 
-20.61009149694165 -36.33917679513664 1366.8620000002174 
-20.61009149694165 -36.33917679513664 1375.195000000218 
-20.61009149694165 -36.33917679513664 1383.5280000002167 
-20.61009149694165 -36.33917679513664 1391.8610000002154 
-20.61009149694165 -36.33917679513664 1400.194000000216 
-20.61009149694165 -36.33917679513664 1408.5270000002165 
-20.61009149694165 -36.33917679513664 1416.8600000002152 
-20.61009149694165 -36.33917679513664 1425.193000000214 
-20.61009149694165 -36.33917679513664 1433.5260000002145 
-20.61009149694165 -36.33917679513664 1441.859000000215 
-20.61009149694165 -36.33917679513664 1450.1920000002137 
-20.61009149694165 -36.33917679513664 1458.5250000002125 
-20.61009149694165 -36.33917679513664 1466.858000000213 
-20.61009149694165 -36.33917679513664 1475.1910000002135 
-20.61009149694165 -36.33917679513664 1483.5240000002123 
-20.61009149694165 -36.33917679513664 1491.857000000211 
-20.61009149694165 -36.33917679513664 1500.1900000002115 
-20.61009149694165 -36.33917679513664 1508.523000000212 
-20.61009149694165 -36.33917679513664 1516.8560000002108 
-20.61009149694165 -36.33917679513664 1525.1890000002095 
-20.61009149694165 -36.33917679513664 1533.52200000021 
-20.61009149694165 -36.33917679513664 1541.8550000002106 
-20.61009149694165 -36.33917679513664 1550.1880000002093 
-20.61009149694165 -36.33917679513664 1558.521000000208 
-20.61009149694165 -36.33917679513664 1566.8540000002085 
-20.61009149694165 -36.33917679513664 1575.187000000209 
-20.61009149694165 -36.33917679513664 1583.5200000002078 
-20.61009149694165 -36.33917679513664 1591.8530000002065 
-20.61009149694165 -36.33917679513664 1600.186000000207 
-20.61009149694165 -36.33917679513664 1608.5190000002076 
-20.61009149694165 -36.33917679513664 1616.8520000002063 
-20.61009149694165 -36.33917679513664 1625.185000000205 
-20.61009149694165 -36.33917679513664 1633.5180000002056 
-20.61009149694165 -36.33917679513664 1641.851000000206 
-20.61009149694165 -36.33917679513664 1650.1840000002048 
-20.61009149694165 -36.33917679513664 1658.5170000002036 
-20.61009149694165 -36.33917679513664 1666.850000000204 
-20.61009149694165 -36.33917679513664 1675.1830000002046 
-20.61009149694165 -36.33917679513664 1683.5160000002033 
-20.61009149694165 -36.33917679513664 1691.849000000202 
-20.61009149694165 -36.33917679513664 1700.1820000002026 
-20.61009149694165 -36.33917679513664 1708.5150000002031 
-20.61009149694165 -36.33917679513664 1716.8480000002019 
-20.61009149694165 -36.33917679513664 1725.1810000002006 
-20.61009149694165 -36.33917679513664 1733.5140000002011 
-20.61009149694165 -36.33917679513664 1741.8470000002017 
-20.61009149694165 -36.33917679513664 1750.1800000002004 
-20.61009149694165 -36.33917679513664 1758.513000000199 
-20.61009149694165 -36.33917679513664 1766.8460000001996 
-20.61009149694165 -36.33917679513664 1775.1790000002002 
-20.61009149694165 -36.33917679513664 1783.512000000199 
-20.61009149694165 -36.33917679513664 1791.8450000001976 
-20.61009149694165 -36.33917679513664 1800.1780000001982 
-20.61009149694165 -36.33917679513664 1808.5110000001987 
-20.61009149694165 -36.33917679513664 1816.8440000001974 
-20.61009149694165 -36.33917679513664 1825.1770000001961 
-20.61009149694165 -36.33917679513664 1833.5100000001967 
-20.61009149694165 -36.33917679513664 1841.8430000001972 
-20.61009149694165 -36.33917679513664 1850.176000000196 
-20.61009149694165 -36.33917679513664 1858.5090000001946 
-20.61009149694165 -36.33917679513664 1866.8420000001952 
-20.61009149694165 -36.33917679513664 1875.1750000001957 
-20.61009149694165 -36.33917679513664 1883.5080000001944 
-20.61009149694165 -36.33917679513664 1891.8410000001932 
-20.61009149694165 -36.33917679513664 1900.1740000001937 
-20.61009149694165 -36.33917679513664 1908.5070000001942 
-20.61009149694165 -36.33917679513664 1916.840000000193 
-20.61009149694165 -36.33917679513664 1925.1730000001917 
-20.61009149694165 -36.33917679513664 1933.5060000001922 
-20.61009149694165 -36.33917679513664 1941.8390000001928 
-20.61009149694165 -36.33917679513664 1950.1720000001915 
-20.61009149694165 -36.33917679513664 1958.5050000001902 
-20.61009149694165 -36.33917679513664 1966.8380000001907 
-20.61009149694165 -36.33917679513664 1975.1710000001913 
-20.61009149694165 -36.33917679513664 1983.50400000019 
-20.61009149694165 -36.33917679513664 1991.8370000001887 
-20.61009149694165 -36.33917679513664 2000.1700000001892 
-20.61009149694165 -36.33917679513664 2008.5030000001898 
-20.61009149694165 -36.33917679513664 2016.8360000001885 
-20.61009149694165 -36.33917679513664 2025.1690000001872 
-20.61009149694165 -36.33917679513664 2033.5020000001878 
-20.61009149694165 -36.33917679513664 2041.8350000001883 
-20.61009149694165 -36.33917679513664 2050.168000000187 
-20.61009149694165 -36.33917679513664 2058.5010000001857 
-20.61009149694165 -36.33917679513664 2066.8340000001863 
-20.61009149694165 -36.33917679513664 2075.167000000187 
-20.61009149694165 -36.33917679513664 2083.5000000001855 
-20.61009149694165 -36.33917679513664 2091.8330000001843 
-20.61009149694165 -36.33917679513664 2100.166000000185 
-20.61009149694165 -36.33917679513664 2108.4990000001853 
-20.61009149694165 -36.33917679513664 2116.832000000184 
-20.61009149694165 -36.33917679513664 2125.1650000001828 
-20.61009149694165 -36.33917679513664 2133.4980000001833 
-20.61009149694165 -36.33917679513664 2141.831000000184 
-20.61009149694165 -36.33917679513664 2150.1640000001826 
-20.61009149694165 -36.33917679513664 2158.4970000001813 
-20.61009149694165 -36.33917679513664 2166.830000000182 
-20.61009149694165 -36.33917679513664 2175.1630000001824 
-20.61009149694165 -36.33917679513664 2183.496000000181 
-20.61009149694165 -36.33917679513664 2191.82900000018 
-20.61009149694165 -36.33917679513664 2200.1620000001803 
-20.61009149694165 -36.33917679513664 2208.495000000181 
-20.61009149694165 -36.33917679513664 2216.8280000001796 
-20.61009149694165 -36.33917679513664 2225.1610000001783 
-20.61009149694165 -36.33917679513664 2233.494000000179 
-20.61009149694165 -36.33917679513664 2241.8270000001794 
-20.61009149694165 -36.33917679513664 2250.160000000178 
-20.61009149694165 -36.33917679513664 2258.493000000177 
-20.61009149694165 -36.33917679513664 2266.8260000001774 
-20.61009149694165 -36.33917679513664 2275.159000000178 
-20.61009149694165 -36.33917679513664 2283.4920000001766 
-20.61009149694165 -36.33917679513664 2291.8250000001754 
-20.61009149694165 -36.33917679513664 2300.158000000176 
-20.61009149694165 -36.33917679513664 2308.4910000001764 
-20.61009149694165 -36.33917679513664 2316.824000000175 
-20.61009149694165 -36.33917679513664 2325.157000000174 
-20.61009149694165 -36.33917679513664 2333.4900000001744 
-20.61009149694165 -36.33917679513664 2341.823000000175 
-20.61009149694165 -36.33917679513664 2350.1560000001737 
-20.61009149694165 -36.33917679513664 2358.4890000001724 
-20.61009149694165 -36.33917679513664 2366.822000000173 
-20.61009149694165 -36.33917679513664 2375.1550000001735 
-20.61009149694165 -36.33917679513664 2383.488000000172 
-20.61009149694165 -36.33917679513664 2391.821000000171 
-20.61009149694165 -36.33917679513664 2400.1540000001714 
-20.61009149694165 -36.33917679513664 2408.487000000172 
-20.61009149694165 -36.33917679513664 2416.8200000001707 
-20.61009149694165 -36.33917679513664 2425.1530000001694 
-20.61009149694165 -36.33917679513664 2433.48600000017 
-20.61009149694165 -36.33917679513664 2441.8190000001705 
-20.61009149694165 -36.33917679513664 2450.152000000169 
-20.61009149694165 -36.33917679513664 2458.485000000168 
-20.61009149694165 -36.33917679513664 2466.8180000001685 
-20.61009149694165 -36.33917679513664 2475.151000000169 
-20.61009149694165 -36.33917679513664 2483.4840000001677 
-20.61009149694165 -36.33917679513664 2491.8170000001664 
-20.61009149694165 -36.33917679513664 2500.150000000167 
-20.61009149694165 -36.33917679513664 2508.4830000001675 
-20.61009149694165 -36.33917679513664 2516.8160000001662 
-20.61009149694165 -36.33917679513664 2525.149000000165 
-20.61009149694165 -36.33917679513664 2533.4820000001655 
-20.61009149694165 -36.33917679513664 2541.815000000166 
-20.61009149694165 -36.33917679513664 2550.1480000001648 
-20.61009149694165 -36.33917679513664 2558.4810000001635 
-20.61009149694165 -36.33917679513664 2566.814000000164 
-20.61009149694165 -36.33917679513664 2575.1470000001646 
-20.61009149694165 -36.33917679513664 2583.4800000001633 
-20.61009149694165 -36.33917679513664 2591.813000000162 
-20.61009149694165 -36.33917679513664 2600.1460000001625 
-20.61009149694165 -36.33917679513664 2608.479000000163 
-20.61009149694165 -36.33917679513664 2616.812000000162 
-20.61009149694165 -36.33917679513664 2625.1450000001605 
-20.61009149694165 -36.33917679513664 2633.478000000161 
-20.61009149694165 -36.33917679513664 2641.8110000001616 
-20.61009149694165 -36.33917679513664 2650.1440000001603 
-20.61009149694165 -36.33917679513664 2658.477000000159 
-20.61009149694165 -36.33917679513664 2666.8100000001596 
-20.61009149694165 -36.33917679513664 2675.14300000016 
-20.61009149694165 -36.33917679513664 2683.476000000159 
-20.61009149694165 -36.33917679513664 2691.8090000001575 
-20.61009149694165 -36.33917679513664 2700.142000000158 
-20.61009149694165 -36.33917679513664 2708.4750000001586 
-20.61009149694165 -36.33917679513664 2716.8080000001573 
-20.61009149694165 -36.33917679513664 2725.141000000156 
-20.61009149694165 -36.33917679513664 2733.4740000001566 
-20.61009149694165 -36.33917679513664 2741.807000000157 
-20.61009149694165 -36.33917679513664 2750.140000000156 
-20.61009149694165 -36.33917679513664 2758.4730000001546 
-20.61009149694165 -36.33917679513664 2766.806000000155 
-20.61009149694165 -36.33917679513664 2775.1390000001556 
-20.61009149694165 -36.33917679513664 2783.4720000001544 
-20.61009149694165 -36.33917679513664 2791.805000000153 
-20.61009149694165 -36.33917679513664 2800.1380000001536 
-20.61009149694165 -36.33917679513664 2808.471000000154 
-20.61009149694165 -36.33917679513664 2816.804000000153 
-20.61009149694165 -36.33917679513664 2825.1370000001516 
-20.61009149694165 -36.33917679513664 2833.470000000152 
-20.61009149694165 -36.33917679513664 2841.8030000001527 
-20.61009149694165 -36.33917679513664 2850.1360000001514 
-20.61009149694165 -36.33917679513664 2858.46900000015 
-20.61009149694165 -36.33917679513664 2866.8020000001507 
-20.61009149694165 -36.33917679513664 2875.135000000151 
-20.61009149694165 -36.33917679513664 2883.46800000015 
-20.61009149694165 -36.33917679513664 2891.8010000001486 
-20.61009149694165 -36.33917679513664 2900.134000000149 
-20.61009149694165 -36.33917679513664 2908.4670000001497 
-20.61009149694165 -36.33917679513664 2916.8000000001484 
-20.61009149694165 -36.33917679513664 2925.133000000147 
-20.61009149694165 -36.33917679513664 2933.4660000001477 
-20.61009149694165 -36.33917679513664 2941.799000000148 
-20.61009149694165 -36.33917679513664 2950.132000000147 
-20.61009149694165 -36.33917679513664 2958.4650000001457 
-20.61009149694165 -36.33917679513664 2966.798000000146 
-20.61009149694165 -36.33917679513664 2975.1310000001467 
-20.61009149694165 -36.33917679513664 2983.4640000001455 
-20.61009149694165 -36.33917679513664 2991.797000000144 
-20.61009149694165 -36.33917679513664 3000.1300000001447 
-20.61009149694165 -36.33917679513664 3008.4630000001453 
-20.61009149694165 -36.33917679513664 3016.796000000144 
-20.61009149694165 -36.33917679513664 3025.1290000001427 
-20.61009149694165 -36.33917679513664 3033.4620000001432 
-20.61009149694165 -36.33917679513664 3041.795000000144 
-20.61009149694165 -36.33917679513664 3050.1280000001425 
-20.61009149694165 -36.33917679513664 3058.461000000141 
-20.61009149694165 -36.33917679513664 3066.7940000001418 
-20.61009149694165 -36.33917679513664 3075.1270000001423 
-20.61009149694165 -36.33917679513664 3083.460000000141 
-20.61009149694165 -36.33917679513664 3091.7930000001397 
-20.61009149694165 -36.33917679513664 3100.1260000001403 
-20.61009149694165 -36.33917679513664 3108.459000000141 
-20.61009149694165 -36.33917679513664 3116.7920000001395 
-20.61009149694165 -36.33917679513664 3125.1250000001382 
-20.61009149694165 -36.33917679513664 3133.458000000139 
-20.61009149694165 -36.33917679513664 3141.7910000001393 
-20.61009149694165 -36.33917679513664 3150.124000000138 
-20.61009149694165 -36.33917679513664 3158.4570000001368 
-20.61009149694165 -36.33917679513664 3166.7900000001373 
-20.61009149694165 -36.33917679513664 3175.123000000138 
-20.61009149694165 -36.33917679513664 3183.4560000001366 
-20.61009149694165 -36.33917679513664 3191.7890000001353 
-20.61009149694165 -36.33917679513664 3200.122000000136 
-20.61009149694165 -36.33917679513664 3208.4550000001364 
-20.61009149694165 -36.33917679513664 3216.788000000135 
-20.61009149694165 -36.33917679513664 3225.121000000134 
-20.61009149694165 -36.33917679513664 3233.4540000001343 
-20.61009149694165 -36.33917679513664 3241.787000000135 
-20.61009149694165 -36.33917679513664 3250.1200000001336 
-20.61009149694165 -36.33917679513664 3258.4530000001323 
-20.61009149694165 -36.33917679513664 3266.786000000133 
-20.61009149694165 -36.33917679513664 3275.1190000001334 
-20.61009149694165 -36.33917679513664 3283.452000000132 
-20.61009149694165 -36.33917679513664 3291.785000000131 
-20.61009149694165 -36.33917679513664 3300.1180000001314 
-20.61009149694165 -36.33917679513664 3308.451000000132 
-20.61009149694165 -36.33917679513664 3316.7840000001306 
-20.61009149694165 -36.33917679513664 3325.1170000001293 
-20.61009149694165 -36.33917679513664 3333.45000000013 
-20.61009149694165 -36.33917679513664 3341.7830000001304 
-20.61009149694165 -36.33917679513664 3350.116000000129 
-20.61009149694165 -36.33917679513664 3358.449000000128 
-20.61009149694165 -36.33917679513664 3366.7820000001284 
-20.61009149694165 -36.33917679513664 3375.115000000129 
-20.61009149694165 -36.33917679513664 3383.4480000001276 
-20.61009149694165 -36.33917679513664 3391.7810000001264 
-20.61009149694165 -36.33917679513664 3400.114000000127 
-20.61009149694165 -36.33917679513664 3408.4470000001274 
-20.61009149694165 -36.33917679513664 3416.780000000126 
-20.61009149694165 -36.33917679513664 3425.113000000125 
-20.61009149694165 -36.33917679513664 3433.4460000001254 
-20.61009149694165 -36.33917679513664 3441.779000000126 
-20.61009149694165 -36.33917679513664 3450.1120000001247 
-20.61009149694165 -36.33917679513664 3458.4450000001234 
-20.61009149694165 -36.33917679513664 3466.778000000124 
-20.61009149694165 -36.33917679513664 3475.1110000001245 
-20.61009149694165 -36.33917679513664 3483.444000000123 
-20.61009149694165 -36.33917679513664 3491.777000000122 
-20.61009149694165 -36.33917679513664 3500.1100000001225 
-20.61009149694165 -36.33917679513664 3508.443000000123 
-20.61009149694165 -36.33917679513664 3516.7760000001217 
-20.61009149694165 -36.33917679513664 3525.1090000001204 
-20.61009149694165 -36.33917679513664 3533.442000000121 
-20.61009149694165 -36.33917679513664 3541.7750000001215 
-20.61009149694165 -36.33917679513664 3550.1080000001202 
-20.61009149694165 -36.33917679513664 3558.441000000119 
-20.61009149694165 -36.33917679513664 3566.7740000001195 
-20.61009149694165 -36.33917679513664 3575.10700000012 
-20.61009149694165 -36.33917679513664 3583.4400000001187 
-20.61009149694165 -36.33917679513664 3591.7730000001175 
-20.61009149694165 -36.33917679513664 3600.106000000118 
-20.61009149694165 -36.33917679513664 3608.4390000001185 
-20.61009149694165 -36.33917679513664 3616.7720000001173 
-20.61009149694165 -36.33917679513664 3625.105000000116 
-20.61009149694165 -36.33917679513664 3633.4380000001165 
-20.61009149694165 -36.33917679513664 3641.771000000117 
-20.61009149694165 -36.33917679513664 3650.104000000116 
-20.61009149694165 -36.33917679513664 3658.4370000001145 
-20.61009149694165 -36.33917679513664 3666.770000000115 
-20.61009149694165 -36.33917679513664 3675.1030000001156 
-20.61009149694165 -36.33917679513664 3683.4360000001143 
-20.61009149694165 -36.33917679513664 3691.769000000113 
-20.61009149694165 -36.33917679513664 3700.1020000001135 
-20.61009149694165 -36.33917679513664 3708.435000000114 
-20.61009149694165 -36.33917679513664 3716.768000000113 
-20.61009149694165 -36.33917679513664 3725.1010000001115 
-20.61009149694165 -36.33917679513664 3733.434000000112 
-20.61009149694165 -36.33917679513664 3741.7670000001126 
-20.61009149694165 -36.33917679513664 3750.1000000001113 
-20.61009149694165 -36.33917679513664 3758.43300000011 
-20.61009149694165 -36.33917679513664 3766.7660000001106 
-20.61009149694165 -36.33917679513664 3775.099000000111 
-20.61009149694165 -36.33917679513664 3783.43200000011 
-20.61009149694165 -36.33917679513664 3791.7650000001086 
-20.61009149694165 -36.33917679513664 3800.098000000109 
-20.61009149694165 -36.33917679513664 3808.4310000001096 
-20.61009149694165 -36.33917679513664 3816.7640000001084 
-20.61009149694165 -36.33917679513664 3825.097000000107 
-20.61009149694165 -36.33917679513664 3833.4300000001076 
-20.61009149694165 -36.33917679513664 3841.763000000108 
-20.61009149694165 -36.33917679513664 3850.096000000107 
-20.61009149694165 -36.33917679513664 3858.4290000001056 
-20.61009149694165 -36.33917679513664 3866.762000000106 
-20.61009149694165 -36.33917679513664 3875.0950000001067 
-20.61009149694165 -36.33917679513664 3883.4280000001054 
-20.61009149694165 -36.33917679513664 3891.761000000104 
-20.61009149694165 -36.33917679513664 3900.0940000001046 
-20.61009149694165 -36.33917679513664 3908.427000000105 
-20.61009149694165 -36.33917679513664 3916.760000000104 
-20.61009149694165 -36.33917679513664 3925.0930000001026 
-20.61009149694165 -36.33917679513664 3933.426000000103 
-20.61009149694165 -36.33917679513664 3941.7590000001037 
-20.61009149694165 -36.33917679513664 3950.0920000001024 
-20.61009149694165 -36.33917679513664 3958.425000000101 
-20.61009149694165 -36.33917679513664 3966.7580000001017 
-20.61009149694165 -36.33917679513664 3975.091000000102 
-20.61009149694165 -36.33917679513664 3983.424000000101 
-20.61009149694165 -36.33917679513664 3991.7570000000997 
-20.61009149694165 -36.33917679513664 4000.0900000001 
-20.61009149694165 -36.33917679513664 4008.4230000001007 
-20.61009149694165 -36.33917679513664 4016.7560000000994 
-20.61009149694165 -36.33917679513664 4025.089000000098 
-20.61009149694165 -36.33917679513664 4033.4220000000987 
-20.61009149694165 -36.33917679513664 4041.7550000000992 
-20.61009149694165 -36.33917679513664 4050.088000000098 
-20.61009149694165 -36.33917679513664 4058.4210000000967 
-20.61009149694165 -36.33917679513664 4066.754000000097 
-20.61009149694165 -36.33917679513664 4075.0870000000978 
-20.61009149694165 -36.33917679513664 4083.4200000000965 
-20.61009149694165 -36.33917679513664 4091.753000000095 
-20.61009149694165 -36.33917679513664 4100.086000000096 
-20.61009149694165 -36.33917679513664 4108.419000000096 
-20.61009149694165 -36.33917679513664 4116.752000000095 
-20.61009149694165 -36.33917679513664 4125.085000000094 
-20.61009149694165 -36.33917679513664 4133.418000000094 
-20.61009149694165 -36.33917679513664 4141.751000000095 
-20.61009149694165 -36.33917679513664 4150.0840000000935 
-20.61009149694165 -36.33917679513664 4158.417000000092 
-20.61009149694165 -36.33917679513664 4166.750000000093 
-20.61009149694165 -36.33917679513664 4175.083000000093 
-20.61009149694165 -36.33917679513664 4183.416000000092 
-20.61009149694165 -36.33917679513664 4191.749000000091 
-20.61009149694165 -36.33917679513664 4200.082000000091 
-20.61009149694165 -36.33917679513664 4208.415000000092 
-20.61009149694165 -36.33917679513664 4216.7480000000905 
-20.61009149694165 -36.33917679513664 4225.081000000089 
-20.61009149694165 -36.33917679513664 4233.41400000009 
-20.61009149694165 -36.33917679513664 4241.74700000009 
-20.61009149694165 -36.33917679513664 4250.080000000089 
-20.61009149694165 -36.33917679513664 4258.413000000088 
-20.61009149694165 -36.33917679513664 4266.746000000088 
-20.61009149694165 -36.33917679513664 4275.079000000089 
-20.61009149694165 -36.33917679513664 4283.412000000088 
-20.61009149694165 -36.33917679513664 4291.745000000086 
-20.61009149694165 -36.33917679513664 4300.078000000087 
-20.61009149694165 -36.33917679513664 4308.4110000000865 
-20.61009149694165 -36.33917679513664 4316.744000000086 
-20.61009149694165 -36.33917679513664 4325.077000000086 
-20.61009149694165 -36.33917679513664 4333.410000000085 
-20.61009149694165 -36.33917679513664 4341.743000000085 
-20.61009149694165 -36.33917679513664 4350.076000000085 
-20.61009149694165 -36.33917679513664 4358.409000000084 
-20.61009149694165 -36.33917679513664 4366.742000000084 
-20.61009149694165 -36.33917679513664 4375.0750000000835 
-20.61009149694165 -36.33917679513664 4383.408000000083 
-20.61009149694165 -36.33917679513664 4391.741000000083 
-20.61009149694165 -36.33917679513664 4400.074000000082 
-20.61009149694165 -36.33917679513664 4408.407000000082 
-20.61009149694165 -36.33917679513664 4416.740000000082 
-20.61009149694165 -36.33917679513664 4425.073000000081 
-20.61009149694165 -36.33917679513664 4433.406000000081 
-20.61009149694165 -36.33917679513664 4441.7390000000805 
-20.61009149694165 -36.33917679513664 4450.07200000008 
-20.61009149694165 -36.33917679513664 4458.40500000008 
-20.61009149694165 -36.33917679513664 4466.738000000079 
-20.61009149694165 -36.33917679513664 4475.071000000079 
-20.61009149694165 -36.33917679513664 4483.404000000079 
-20.61009149694165 -36.33917679513664 4491.737000000078 
-20.61009149694165 -36.33917679513664 4500.070000000078 
-20.61009149694165 -36.33917679513664 4508.403000000078 
-20.61009149694165 -36.33917679513664 4516.736000000077 
-20.61009149694165 -36.33917679513664 4525.069000000077 
-20.61009149694165 -36.33917679513664 4533.402000000076 
-20.61009149694165 -36.33917679513664 4541.735000000076 
-20.61009149694165 -36.33917679513664 4550.068000000076 
-20.61009149694165 -36.33917679513664 4558.401000000075 
-20.61009149694165 -36.33917679513664 4566.734000000075 
-20.61009149694165 -36.33917679513664 4575.067000000075 
-20.61009149694165 -36.33917679513664 4583.400000000074 
-20.61009149694165 -36.33917679513664 4591.733000000074 
-20.61009149694165 -36.33917679513664 4600.0660000000735 
-20.61009149694165 -36.33917679513664 4608.399000000073 
-20.61009149694165 -36.33917679513664 4616.732000000073 
-20.61009149694165 -36.33917679513664 4625.065000000072 
-20.61009149694165 -36.33917679513664 4633.398000000072 
-20.61009149694165 -36.33917679513664 4641.731000000072 
-20.61009149694165 -36.33917679513664 4650.064000000071 
-20.61009149694165 -36.33917679513664 4658.397000000071 
-20.61009149694165 -36.33917679513664 4666.7300000000705 
-20.61009149694165 -36.33917679513664 4675.06300000007 
-20.61009149694165 -36.33917679513664 4683.39600000007 
-20.61009149694165 -36.33917679513664 4691.729000000069 
-20.61009149694165 -36.33917679513664 4700.062000000069 
-20.61009149694165 -36.33917679513664 4708.395000000069 
-20.61009149694165 -36.33917679513664 4716.728000000068 
-20.61009149694165 -36.33917679513664 4725.061000000068 
-20.61009149694165 -36.33917679513664 4733.3940000000675 
-20.61009149694165 -36.33917679513664 4741.727000000067 
-20.61009149694165 -36.33917679513664 4750.060000000067 
-20.61009149694165 -36.33917679513664 4758.393000000066 
-20.61009149694165 -36.33917679513664 4766.726000000066 
-20.61009149694165 -36.33917679513664 4775.059000000066 
-20.61009149694165 -36.33917679513664 4783.392000000065 
-20.61009149694165 -36.33917679513664 4791.725000000065 
-20.61009149694165 -36.33917679513664 4800.058000000065 
-20.61009149694165 -36.33917679513664 4808.391000000064 
-20.61009149694165 -36.33917679513664 4816.724000000064 
-20.61009149694165 -36.33917679513664 4825.057000000063 
-20.61009149694165 -36.33917679513664 4833.390000000063 
-20.61009149694165 -36.33917679513664 4841.723000000063 
-20.61009149694165 -36.33917679513664 4850.056000000062 
-20.61009149694165 -36.33917679513664 4858.389000000062 
-20.61009149694165 -36.33917679513664 4866.722000000062 
-20.61009149694165 -36.33917679513664 4875.055000000061 
-20.61009149694165 -36.33917679513664 4883.388000000061 
-20.61009149694165 -36.33917679513664 4891.7210000000605 
-20.61009149694165 -36.33917679513664 4900.05400000006 
-20.61009149694165 -36.33917679513664 4908.38700000006 
-20.61009149694165 -36.33917679513664 4916.720000000059 
-20.61009149694165 -36.33917679513664 4925.053000000059 
-20.61009149694165 -36.33917679513664 4933.386000000059 
-20.61009149694165 -36.33917679513664 4941.719000000058 
-20.61009149694165 -36.33917679513664 4950.052000000058 
-20.61009149694165 -36.33917679513664 4958.3850000000575 
-20.61009149694165 -36.33917679513664 4966.718000000057 
-20.61009149694165 -36.33917679513664 4975.051000000057 
-20.61009149694165 -36.33917679513664 4983.384000000056 
-20.61009149694165 -36.33917679513664 4991.717000000056 
-20.61009149694165 -36.33917679513664 5000.050000000056 
-20.61009149694165 -36.33917679513664 5008.383000000055 
-20.61009149694165 -36.33917679513664 5016.716000000055 
-20.61009149694165 -36.33917679513664 5025.049000000055 
-20.61009149694165 -36.33917679513664 5033.382000000054 
-20.61009149694165 -36.33917679513664 5041.715000000054 
-20.61009149694165 -36.33917679513664 5050.048000000053 
-20.61009149694165 -36.33917679513664 5058.381000000053 
-20.61009149694165 -36.33917679513664 5066.714000000053 
-20.61009149694165 -36.33917679513664 5075.047000000052 
-20.61009149694165 -36.33917679513664 5083.380000000052 
-20.61009149694165 -36.33917679513664 5091.713000000052 
-20.61009149694165 -36.33917679513664 5100.046000000051 
-20.61009149694165 -36.33917679513664 5108.379000000051 
-20.61009149694165 -36.33917679513664 5116.7120000000505 
-20.61009149694165 -36.33917679513664 5125.04500000005 
-20.61009149694165 -36.33917679513664 5133.37800000005 
-20.61009149694165 -36.33917679513664 5141.711000000049 
-20.61009149694165 -36.33917679513664 5150.044000000049 
-20.61009149694165 -36.33917679513664 5158.377000000049 
-20.61009149694165 -36.33917679513664 5166.710000000048 
-20.61009149694165 -36.33917679513664 5175.043000000048 
-20.61009149694165 -36.33917679513664 5183.3760000000475 
-20.61009149694165 -36.33917679513664 5191.709000000047 
-20.61009149694165 -36.33917679513664 5200.042000000047 
-20.61009149694165 -36.33917679513664 5208.375000000046 
-20.61009149694165 -36.33917679513664 5216.708000000046 
-20.61009149694165 -36.33917679513664 5225.041000000046 
-20.61009149694165 -36.33917679513664 5233.374000000045 
-20.61009149694165 -36.33917679513664 5241.707000000045 
-20.61009149694165 -36.33917679513664 5250.0400000000445 
-20.61009149694165 -36.33917679513664 5258.373000000044 
-20.61009149694165 -36.33917679513664 5266.706000000044 
-20.61009149694165 -36.33917679513664 5275.039000000043 
-20.61009149694165 -36.33917679513664 5283.372000000043 
-20.61009149694165 -36.33917679513664 5291.705000000043 
-20.61009149694165 -36.33917679513664 5300.038000000042 
-20.61009149694165 -36.33917679513664 5308.371000000042 
-20.61009149694165 -36.33917679513664 5316.704000000042 
-20.61009149694165 -36.33917679513664 5325.037000000041 
-20.61009149694165 -36.33917679513664 5333.370000000041 
-20.61009149694165 -36.33917679513664 5341.70300000004 
-20.61009149694165 -36.33917679513664 5350.03600000004 
-20.61009149694165 -36.33917679513664 5358.36900000004 
-20.61009149694165 -36.33917679513664 5366.702000000039 
-20.61009149694165 -36.33917679513664 5375.035000000039 
-20.61009149694165 -36.33917679513664 5383.368000000039 
-20.61009149694165 -36.33917679513664 5391.701000000038 
-20.61009149694165 -36.33917679513664 5400.034000000038 
-20.61009149694165 -36.33917679513664 5408.3670000000375 
-20.61009149694165 -36.33917679513664 5416.700000000037 
-20.61009149694165 -36.33917679513664 5425.033000000037 
-20.61009149694165 -36.33917679513664 5433.366000000036 
-20.61009149694165 -36.33917679513664 5441.699000000036 
-20.61009149694165 -36.33917679513664 5450.032000000036 
-20.61009149694165 -36.33917679513664 5458.365000000035 
-20.61009149694165 -36.33917679513664 5466.698000000035 
-20.61009149694165 -36.33917679513664 5475.0310000000345 
-20.61009149694165 -36.33917679513664 5483.364000000034 
-20.61009149694165 -36.33917679513664 5491.697000000034 
-20.61009149694165 -36.33917679513664 5500.030000000033 
-20.61009149694165 -36.33917679513664 5508.363000000033 
-20.61009149694165 -36.33917679513664 5516.696000000033 
-20.61009149694165 -36.33917679513664 5525.029000000032 
-20.61009149694165 -36.33917679513664 5533.362000000032 
-20.61009149694165 -36.33917679513664 5541.6950000000315 
-20.61009149694165 -36.33917679513664 5550.028000000031 
-20.61009149694165 -36.33917679513664 5558.361000000031 
-20.61009149694165 -36.33917679513664 5566.69400000003 
-20.61009149694165 -36.33917679513664 5575.02700000003 
-20.61009149694165 -36.33917679513664 5583.36000000003 
-20.61009149694165 -36.33917679513664 5591.693000000029 
-20.61009149694165 -36.33917679513664 5600.026000000029 
-20.61009149694165 -36.33917679513664 5608.359000000029 
-20.61009149694165 -36.33917679513664 5616.692000000028 
-20.61009149694165 -36.33917679513664 5625.025000000028 
-20.61009149694165 -36.33917679513664 5633.3580000000275 
-20.61009149694165 -36.33917679513664 5641.691000000027 
-20.61009149694165 -36.33917679513664 5650.024000000027 
-20.61009149694165 -36.33917679513664 5658.357000000026 
-20.61009149694165 -36.33917679513664 5666.690000000026 
-20.61009149694165 -36.33917679513664 5675.023000000026 
-20.61009149694165 -36.33917679513664 5683.356000000025 
-20.61009149694165 -36.33917679513664 5691.689000000025 
-20.61009149694165 -36.33917679513664 5700.0220000000245 
-20.61009149694165 -36.33917679513664 5708.355000000024 
-20.61009149694165 -36.33917679513664 5716.688000000024 
-20.61009149694165 -36.33917679513664 5725.021000000023 
-20.61009149694165 -36.33917679513664 5733.354000000023 
-20.61009149694165 -36.33917679513664 5741.687000000023 
-20.61009149694165 -36.33917679513664 5750.020000000022 
-20.61009149694165 -36.33917679513664 5758.353000000022 
-20.61009149694165 -36.33917679513664 5766.6860000000215 
-20.61009149694165 -36.33917679513664 5775.019000000021 
-20.61009149694165 -36.33917679513664 5783.352000000021 
-20.61009149694165 -36.33917679513664 5791.68500000002 
-20.61009149694165 -36.33917679513664 5800.01800000002 
-20.61009149694165 -36.33917679513664 5808.35100000002 
-20.61009149694165 -36.33917679513664 5816.684000000019 
-20.61009149694165 -36.33917679513664 5825.017000000019 
-20.61009149694165 -36.33917679513664 5833.350000000019 
-20.61009149694165 -36.33917679513664 5841.683000000018 
-20.61009149694165 -36.33917679513664 5850.016000000018 
-20.61009149694165 -36.33917679513664 5858.349000000017 
-20.61009149694165 -36.33917679513664 5866.682000000017 
-20.61009149694165 -36.33917679513664 5875.015000000017 
-20.61009149694165 -36.33917679513664 5883.348000000016 
-20.61009149694165 -36.33917679513664 5891.681000000016 
-20.61009149694165 -36.33917679513664 5900.014000000016 
-20.61009149694165 -36.33917679513664 5908.347000000015 
-20.61009149694165 -36.33917679513664 5916.680000000015 
-20.61009149694165 -36.33917679513664 5925.0130000000145 
-20.61009149694165 -36.33917679513664 5933.346000000014 
-20.61009149694165 -36.33917679513664 5941.679000000014 
-20.61009149694165 -36.33917679513664 5950.012000000013 
-20.61009149694165 -36.33917679513664 5958.345000000013 
-20.61009149694165 -36.33917679513664 5966.678000000013 
-20.61009149694165 -36.33917679513664 5975.011000000012 
-20.61009149694165 -36.33917679513664 5983.344000000012 
-20.61009149694165 -36.33917679513664 5991.6770000000115 
-20.61009149694165 -36.33917679513664 6000.010000000011 
-20.61009149694165 -36.33917679513664 6008.343000000011 
-20.61009149694165 -36.33917679513664 6016.67600000001 
-20.61009149694165 -36.33917679513664 6025.00900000001 
-20.61009149694165 -36.33917679513664 6033.34200000001 
-20.61009149694165 -36.33917679513664 6041.675000000009 
-20.61009149694165 -36.33917679513664 6050.008000000009 
-20.61009149694165 -36.33917679513664 6058.3410000000085 
-20.61009149694165 -36.33917679513664 6066.674000000008 
-20.61009149694165 -36.33917679513664 6075.007000000008 
-20.61009149694165 -36.33917679513664 6083.340000000007 
-20.61009149694165 -36.33917679513664 6091.673000000007 
-20.61009149694165 -36.33917679513664 6100.006000000007 
-20.61009149694165 -36.33917679513664 6108.339000000006 
-20.61009149694165 -36.33917679513664 6116.672000000006 
-20.61009149694165 -36.33917679513664 6125.005000000006 
-20.61009149694165 -36.33917679513664 6133.338000000005 
-20.61009149694165 -36.33917679513664 6141.671000000005 
-20.61009149694165 -36.33917679513664 6150.004000000004 
-20.61009149694165 -36.33917679513664 6158.337000000004 
-20.61009149694165 -36.33917679513664 6166.670000000004 
-20.61009149694165 -36.33917679513664 6175.003000000003 
-20.61009149694165 -36.33917679513664 6183.336000000003 
-20.61009149694165 -36.33917679513664 6191.669000000003 
-20.61009149694165 -36.33917679513664 6200.002000000002 
-20.61009149694165 -36.33917679513664 6208.335000000002 
-20.61009149694165 -36.33917679513664 6216.6680000000015 
-20.61009149694165 -36.33917679513664 6225.001000000001 
-20.61009149694165 -36.33917679513664 6233.334000000001 
-20.61009149694165 -36.33917679513664 6241.667 
-20.61009149694165 -36.33917679513664 6250.0 
-20.61009149694165 -36.33917679513664 6258.333 
-20.61009149694165 -36.33917679513664 6266.665999999999 
-20.61009149694165 -36.33917679513664 6274.998999999999 
-20.61009149694165 -36.33917679513664 6283.3319999999985 
-20.61009149694165 -36.33917679513664 6291.664999999998 
-20.61009149694165 -36.33917679513664 6299.997999999998 
-20.61009149694165 -36.33917679513664 6308.330999999997 
-20.61009149694165 -36.33917679513664 6316.663999999997 
-20.61009149694165 -36.33917679513664 6324.996999999997 
-20.61009149694165 -36.33917679513664 6333.329999999996 
-20.61009149694165 -36.33917679513664 6341.662999999996 
-20.61009149694165 -36.33917679513664 6349.995999999996 
-20.61009149694165 -36.33917679513664 6358.328999999995 
-20.61009149694165 -36.33917679513664 6366.661999999995 
-20.61009149694165 -36.33917679513664 6374.994999999994 
-20.61009149694165 -36.33917679513664 6383.327999999994 
-20.61009149694165 -36.33917679513664 6391.660999999994 
-20.61009149694165 -36.33917679513664 6399.993999999993 
-20.61009149694165 -36.33917679513664 6408.326999999993 
-20.61009149694165 -36.33917679513664 6416.659999999993 
-20.61009149694165 -36.33917679513664 6424.992999999992 
-20.61009149694165 -36.33917679513664 6433.325999999992 
-20.61009149694165 -36.33917679513664 6441.6589999999915 
-20.61009149694165 -36.33917679513664 6449.991999999991 
-20.61009149694165 -36.33917679513664 6458.324999999991 
-20.61009149694165 -36.33917679513664 6466.65799999999 
-20.61009149694165 -36.33917679513664 6474.99099999999 
-20.61009149694165 -36.33917679513664 6483.32399999999 
-20.61009149694165 -36.33917679513664 6491.656999999989 
-20.61009149694165 -36.33917679513664 6499.989999999989 
-20.61009149694165 -36.33917679513664 6508.3229999999885 
-20.61009149694165 -36.33917679513664 6516.655999999988 
-20.61009149694165 -36.33917679513664 6524.988999999988 
-20.61009149694165 -36.33917679513664 6533.321999999987 
-20.61009149694165 -36.33917679513664 6541.654999999987 
-20.61009149694165 -36.33917679513664 6549.987999999987 
-20.61009149694165 -36.33917679513664 6558.320999999986 
-20.61009149694165 -36.33917679513664 6566.653999999986 
-20.61009149694165 -36.33917679513664 6574.9869999999855 
-20.61009149694165 -36.33917679513664 6583.319999999985 
-20.61009149694165 -36.33917679513664 6591.652999999985 
-20.61009149694165 -36.33917679513664 6599.985999999984 
-20.61009149694165 -36.33917679513664 6608.318999999984 
-20.61009149694165 -36.33917679513664 6616.651999999984 
-20.61009149694165 -36.33917679513664 6624.984999999983 
-20.61009149694165 -36.33917679513664 6633.317999999983 
-20.61009149694165 -36.33917679513664 6641.650999999983 
-20.61009149694165 -36.33917679513664 6649.983999999982 
-20.61009149694165 -36.33917679513664 6658.316999999982 
-20.61009149694165 -36.33917679513664 6666.649999999981 
-20.61009149694165 -36.33917679513664 6674.982999999981 
-20.61009149694165 -36.33917679513664 6683.315999999981 
-20.61009149694165 -36.33917679513664 6691.64899999998 
-20.61009149694165 -36.33917679513664 6699.98199999998 
-20.61009149694165 -36.33917679513664 6708.31499999998 
-20.61009149694165 -36.33917679513664 6716.647999999979 
-20.61009149694165 -36.33917679513664 6724.980999999979 
-20.61009149694165 -36.33917679513664 6733.3139999999785 
-20.61009149694165 -36.33917679513664 6741.646999999978 
-20.61009149694165 -36.33917679513664 6749.979999999978 
-20.61009149694165 -36.33917679513664 6758.312999999977 
-20.61009149694165 -36.33917679513664 6766.645999999977 
-20.61009149694165 -36.33917679513664 6774.978999999977 
-20.61009149694165 -36.33917679513664 6783.311999999976 
-20.61009149694165 -36.33917679513664 6791.644999999976 
-20.61009149694165 -36.33917679513664 6799.9779999999755 
-20.61009149694165 -36.33917679513664 6808.310999999975 
-20.61009149694165 -36.33917679513664 6816.643999999975 
-20.61009149694165 -36.33917679513664 6824.976999999974 
-20.61009149694165 -36.33917679513664 6833.309999999974 
-20.61009149694165 -36.33917679513664 6841.642999999974 
-20.61009149694165 -36.33917679513664 6849.975999999973 
-20.61009149694165 -36.33917679513664 6858.308999999973 
-20.61009149694165 -36.33917679513664 6866.6419999999725 
-20.61009149694165 -36.33917679513664 6874.974999999972 
-20.61009149694165 -36.33917679513664 6883.307999999972 
-20.61009149694165 -36.33917679513664 6891.640999999971 
-20.61009149694165 -36.33917679513664 6899.973999999971 
-20.61009149694165 -36.33917679513664 6908.306999999971 
-20.61009149694165 -36.33917679513664 6916.63999999997 
-20.61009149694165 -36.33917679513664 6924.97299999997 
-20.61009149694165 -36.33917679513664 6933.30599999997 
-20.61009149694165 -36.33917679513664 6941.638999999969 
-20.61009149694165 -36.33917679513664 6949.971999999969 
-20.61009149694165 -36.33917679513664 6958.3049999999685 
-20.61009149694165 -36.33917679513664 6966.637999999968 
-20.61009149694165 -36.33917679513664 6974.970999999968 
-20.61009149694165 -36.33917679513664 6983.303999999967 
-20.61009149694165 -36.33917679513664 6991.636999999967 
-20.61009149694165 -36.33917679513664 6999.969999999967 
-20.61009149694165 -36.33917679513664 7008.302999999966 
-20.61009149694165 -36.33917679513664 7016.635999999966 
-20.61009149694165 -36.33917679513664 7024.9689999999655 
-20.61009149694165 -36.33917679513664 7033.301999999965 
-20.61009149694165 -36.33917679513664 7041.634999999965 
-20.61009149694165 -36.33917679513664 7049.967999999964 
-20.61009149694165 -36.33917679513664 7058.300999999964 
-20.61009149694165 -36.33917679513664 7066.633999999964 
-20.61009149694165 -36.33917679513664 7074.966999999963 
-20.61009149694165 -36.33917679513664 7083.299999999963 
-20.61009149694165 -36.33917679513664 7091.6329999999625 
-20.61009149694165 -36.33917679513664 7099.965999999962 
-20.61009149694165 -36.33917679513664 7108.298999999962 
-20.61009149694165 -36.33917679513664 7116.631999999961 
-20.61009149694165 -36.33917679513664 7124.964999999961 
-20.61009149694165 -36.33917679513664 7133.297999999961 
-20.61009149694165 -36.33917679513664 7141.63099999996 
-20.61009149694165 -36.33917679513664 7149.96399999996 
-20.61009149694165 -36.33917679513664 7158.29699999996 
-20.61009149694165 -36.33917679513664 7166.629999999959 
-20.61009149694165 -36.33917679513664 7174.962999999959 
-20.61009149694165 -36.33917679513664 7183.295999999958 
-20.61009149694165 -36.33917679513664 7191.628999999958 
-20.61009149694165 -36.33917679513664 7199.961999999958 
-20.61009149694165 -36.33917679513664 7208.294999999957 
-20.61009149694165 -36.33917679513664 7216.627999999957 
-20.61009149694165 -36.33917679513664 7224.960999999957 
-20.61009149694165 -36.33917679513664 7233.293999999956 
-20.61009149694165 -36.33917679513664 7241.626999999956 
-20.61009149694165 -36.33917679513664 7249.9599999999555 
-20.61009149694165 -36.33917679513664 7258.292999999955 
-20.61009149694165 -36.33917679513664 7266.625999999955 
-20.61009149694165 -36.33917679513664 7274.958999999954 
-20.61009149694165 -36.33917679513664 7283.291999999954 
-20.61009149694165 -36.33917679513664 7291.624999999954 
-20.61009149694165 -36.33917679513664 7299.957999999953 
-20.61009149694165 -36.33917679513664 7308.290999999953 
-20.61009149694165 -36.33917679513664 7316.6239999999525 
-20.61009149694165 -36.33917679513664 7324.956999999952 
-20.61009149694165 -36.33917679513664 7333.289999999952 
-20.61009149694165 -36.33917679513664 7341.622999999951 
-20.61009149694165 -36.33917679513664 7349.955999999951 
-20.61009149694165 -36.33917679513664 7358.288999999951 
-20.61009149694165 -36.33917679513664 7366.62199999995 
-20.61009149694165 -36.33917679513664 7374.95499999995 
-20.61009149694165 -36.33917679513664 7383.2879999999495 
-20.61009149694165 -36.33917679513664 7391.620999999949 
-20.61009149694165 -36.33917679513664 7399.953999999949 
-20.61009149694165 -36.33917679513664 7408.286999999948 
-20.61009149694165 -36.33917679513664 7416.619999999948 
-20.61009149694165 -36.33917679513664 7424.952999999948 
-20.61009149694165 -36.33917679513664 7433.285999999947 
-20.61009149694165 -36.33917679513664 7441.618999999947 
-20.61009149694165 -36.33917679513664 7449.951999999947 
-20.61009149694165 -36.33917679513664 7458.284999999946 
-20.61009149694165 -36.33917679513664 7466.617999999946 
-20.61009149694165 -36.33917679513664 7474.950999999945 
-20.61009149694165 -36.33917679513664 7483.283999999945 
-20.61009149694165 -36.33917679513664 7491.616999999945 
-20.61009149694165 -36.33917679513664 7499.949999999944 
-20.61009149694165 -36.33917679513664 7508.282999999944 
-20.61009149694165 -36.33917679513664 7516.615999999944 
-20.61009149694165 -36.33917679513664 7524.948999999943 
-20.61009149694165 -36.33917679513664 7533.281999999943 
-20.61009149694165 -36.33917679513664 7541.6149999999425 
-20.61009149694165 -36.33917679513664 7549.947999999942 
-20.61009149694165 -36.33917679513664 7558.280999999942 
-20.61009149694165 -36.33917679513664 7566.613999999941 
-20.61009149694165 -36.33917679513664 7574.946999999941 
-20.61009149694165 -36.33917679513664 7583.279999999941 
-20.61009149694165 -36.33917679513664 7591.61299999994 
-20.61009149694165 -36.33917679513664 7599.94599999994 
-20.61009149694165 -36.33917679513664 7608.2789999999395 
-20.61009149694165 -36.33917679513664 7616.611999999939 
-20.61009149694165 -36.33917679513664 7624.944999999939 
-20.61009149694165 -36.33917679513664 7633.277999999938 
-20.61009149694165 -36.33917679513664 7641.610999999938 
-20.61009149694165 -36.33917679513664 7649.943999999938 
-20.61009149694165 -36.33917679513664 7658.276999999937 
-20.61009149694165 -36.33917679513664 7666.609999999937 
-20.61009149694165 -36.33917679513664 7674.942999999937 
-20.61009149694165 -36.33917679513664 7683.275999999936 
-20.61009149694165 -36.33917679513664 7691.608999999936 
-20.61009149694165 -36.33917679513664 7699.941999999935 
-20.61009149694165 -36.33917679513664 7708.274999999935 
-20.61009149694165 -36.33917679513664 7716.607999999935 
-20.61009149694165 -36.33917679513664 7724.940999999934 
-20.61009149694165 -36.33917679513664 7733.273999999934 
-20.61009149694165 -36.33917679513664 7741.606999999934 
-20.61009149694165 -36.33917679513664 7749.939999999933 
-20.61009149694165 -36.33917679513664 7758.272999999933 
-20.61009149694165 -36.33917679513664 7766.6059999999325 
-20.61009149694165 -36.33917679513664 7774.938999999932 
-20.61009149694165 -36.33917679513664 7783.271999999932 
-20.61009149694165 -36.33917679513664 7791.604999999931 
-20.61009149694165 -36.33917679513664 7799.937999999931 
-20.61009149694165 -36.33917679513664 7808.270999999931 
-20.61009149694165 -36.33917679513664 7816.60399999993 
-20.61009149694165 -36.33917679513664 7824.93699999993 
-20.61009149694165 -36.33917679513664 7833.2699999999295 
-20.61009149694165 -36.33917679513664 7841.602999999929 
-20.61009149694165 -36.33917679513664 7849.935999999929 
-20.61009149694165 -36.33917679513664 7858.268999999928 
-20.61009149694165 -36.33917679513664 7866.601999999928 
-20.61009149694165 -36.33917679513664 7874.934999999928 
-20.61009149694165 -36.33917679513664 7883.267999999927 
-20.61009149694165 -36.33917679513664 7891.600999999927 
-20.61009149694165 -36.33917679513664 7899.9339999999265 
-20.61009149694165 -36.33917679513664 7908.266999999926 
-20.61009149694165 -36.33917679513664 7916.599999999926 
-20.61009149694165 -36.33917679513664 7924.932999999925 
-20.61009149694165 -36.33917679513664 7933.265999999925 
-20.61009149694165 -36.33917679513664 7941.598999999925 
-20.61009149694165 -36.33917679513664 7949.931999999924 
-20.61009149694165 -36.33917679513664 7958.264999999924 
-20.61009149694165 -36.33917679513664 7966.597999999924 
-20.61009149694165 -36.33917679513664 7974.930999999923 
-20.61009149694165 -36.33917679513664 7983.263999999923 
-20.61009149694165 -36.33917679513664 7991.596999999922 
-20.61009149694165 -36.33917679513664 7999.929999999922 
-20.61009149694165 -36.33917679513664 8008.262999999922 
-20.61009149694165 -36.33917679513664 8016.595999999921 
-20.61009149694165 -36.33917679513664 8024.928999999921 
-20.61009149694165 -36.33917679513664 8033.261999999921 
-20.61009149694165 -36.33917679513664 8041.59499999992 
-20.61009149694165 -36.33917679513664 8049.92799999992 
-20.61009149694165 -36.33917679513664 8058.2609999999195 
-20.61009149694165 -36.33917679513664 8066.593999999919 
-20.61009149694165 -36.33917679513664 8074.926999999919 
-20.61009149694165 -36.33917679513664 8083.259999999918 
-20.61009149694165 -36.33917679513664 8091.592999999918 
-20.61009149694165 -36.33917679513664 8099.925999999918 
-20.61009149694165 -36.33917679513664 8108.258999999917 
-20.61009149694165 -36.33917679513664 8116.591999999917 
-20.61009149694165 -36.33917679513664 8124.9249999999165 
-20.61009149694165 -36.33917679513664 8133.257999999916 
-20.61009149694165 -36.33917679513664 8141.590999999916 
-20.61009149694165 -36.33917679513664 8149.923999999915 
-20.61009149694165 -36.33917679513664 8158.256999999915 
-20.61009149694165 -36.33917679513664 8166.589999999915 
-20.61009149694165 -36.33917679513664 8174.922999999914 
-20.61009149694165 -36.33917679513664 8183.255999999914 
-20.61009149694165 -36.33917679513664 8191.5889999999135 
-20.61009149694165 -36.33917679513664 8199.921999999913 
-20.61009149694165 -36.33917679513664 8208.254999999914 
-20.61009149694165 -36.33917679513664 8216.587999999912 
-20.61009149694165 -36.33917679513664 8224.920999999911 
-20.61009149694165 -36.33917679513664 8233.253999999912 
-20.61009149694165 -36.33917679513664 8241.586999999912 
-20.61009149694165 -36.33917679513664 8249.919999999911 
-20.61009149694165 -36.33917679513664 8258.25299999991 
-20.61009149694165 -36.33917679513664 8266.58599999991 
-20.61009149694165 -36.33917679513664 8274.91899999991 
-20.61009149694165 -36.33917679513664 8283.25199999991 
-20.61009149694165 -36.33917679513664 8291.584999999908 
-20.61009149694165 -36.33917679513664 8299.917999999909 
-20.61009149694165 -36.33917679513664 8308.25099999991 
-20.61009149694165 -36.33917679513664 8316.583999999908 
-20.61009149694165 -36.33917679513664 8324.916999999907 
-20.61009149694165 -36.33917679513664 8333.249999999907 
-20.61009149694165 -36.33917679513664 8341.582999999908 
-20.61009149694165 -36.33917679513664 8349.915999999906 
-20.61009149694165 -36.33917679513664 8358.248999999905 
-20.61009149694165 -36.33917679513664 8366.581999999906 
-20.61009149694165 -36.33917679513664 8374.914999999906 
-20.61009149694165 -36.33917679513664 8383.247999999905 
-20.61009149694165 -36.33917679513664 8391.580999999904 
-20.61009149694165 -36.33917679513664 8399.913999999904 
-20.61009149694165 -36.33917679513664 8408.246999999905 
-20.61009149694165 -36.33917679513664 8416.579999999904 
-20.61009149694165 -36.33917679513664 8424.912999999902 
-20.61009149694165 -36.33917679513664 8433.245999999903 
-20.61009149694165 -36.33917679513664 8441.578999999903 
-20.61009149694165 -36.33917679513664 8449.911999999902 
-20.61009149694165 -36.33917679513664 8458.2449999999 
-20.61009149694165 -36.33917679513664 8466.577999999901 
-20.61009149694165 -36.33917679513664 8474.910999999902 
-20.61009149694165 -36.33917679513664 8483.2439999999 
-20.61009149694165 -36.33917679513664 8491.5769999999 
-20.61009149694165 -36.33917679513664 8499.9099999999 
-20.61009149694165 -36.33917679513664 8508.2429999999 
-20.61009149694165 -36.33917679513664 8516.575999999899 
-20.61009149694165 -36.33917679513664 8524.908999999898 
-20.61009149694165 -36.33917679513664 8533.241999999898 
-20.61009149694165 -36.33917679513664 8541.574999999899 
-20.61009149694165 -36.33917679513664 8549.907999999898 
-20.61009149694165 -36.33917679513664 8558.240999999896 
-20.61009149694165 -36.33917679513664 8566.573999999897 
-20.61009149694165 -36.33917679513664 8574.906999999897 
-20.61009149694165 -36.33917679513664 8583.239999999896 
-20.61009149694165 -36.33917679513664 8591.572999999895 
-20.61009149694165 -36.33917679513664 8599.905999999895 
-20.61009149694165 -36.33917679513664 8608.238999999896 
-20.61009149694165 -36.33917679513664 8616.571999999895 
-20.61009149694165 -36.33917679513664 8624.904999999893 
-20.61009149694165 -36.33917679513664 8633.237999999894 
-20.61009149694165 -36.33917679513664 8641.570999999894 
-20.61009149694165 -36.33917679513664 8649.903999999893 
-20.61009149694165 -36.33917679513664 8658.236999999892 
-20.61009149694165 -36.33917679513664 8666.569999999892 
-20.61009149694165 -36.33917679513664 8674.902999999893 
-20.61009149694165 -36.33917679513664 8683.235999999892 
-20.61009149694165 -36.33917679513664 8691.56899999989 
-20.61009149694165 -36.33917679513664 8699.90199999989 
-20.61009149694165 -36.33917679513664 8708.234999999891 
-20.61009149694165 -36.33917679513664 8716.56799999989 
-20.61009149694165 -36.33917679513664 8724.900999999889 
-20.61009149694165 -36.33917679513664 8733.23399999989 
-20.61009149694165 -36.33917679513664 8741.56699999989 
-20.61009149694165 -36.33917679513664 8749.899999999889 
-20.61009149694165 -36.33917679513664 8758.232999999887 
-20.61009149694165 -36.33917679513664 8766.565999999888 
-20.61009149694165 -36.33917679513664 8774.898999999888 
-20.61009149694165 -36.33917679513664 8783.231999999887 
-20.61009149694165 -36.33917679513664 8791.564999999886 
-20.61009149694165 -36.33917679513664 8799.897999999886 
-20.61009149694165 -36.33917679513664 8808.230999999887 
-20.61009149694165 -36.33917679513664 8816.563999999886 
-20.61009149694165 -36.33917679513664 8824.896999999884 
-20.61009149694165 -36.33917679513664 8833.229999999885 
-20.61009149694165 -36.33917679513664 8841.562999999886 
-20.61009149694165 -36.33917679513664 8849.895999999884 
-20.61009149694165 -36.33917679513664 8858.228999999883 
-20.61009149694165 -36.33917679513664 8866.561999999883 
-20.61009149694165 -36.33917679513664 8874.894999999884 
-20.61009149694165 -36.33917679513664 8883.227999999883 
-20.61009149694165 -36.33917679513664 8891.560999999881 
-20.61009149694165 -36.33917679513664 8899.893999999882 
-20.61009149694165 -36.33917679513664 8908.226999999883 
-20.61009149694165 -36.33917679513664 8916.559999999881 
-20.61009149694165 -36.33917679513664 8924.89299999988 
-20.61009149694165 -36.33917679513664 8933.22599999988 
-20.61009149694165 -36.33917679513664 8941.558999999881 
-20.61009149694165 -36.33917679513664 8949.89199999988 
-20.61009149694165 -36.33917679513664 8958.224999999878 
-20.61009149694165 -36.33917679513664 8966.557999999879 
-20.61009149694165 -36.33917679513664 8974.89099999988 
-20.61009149694165 -36.33917679513664 8983.223999999878 
-20.61009149694165 -36.33917679513664 8991.556999999877 
-20.61009149694165 -36.33917679513664 8999.889999999878 
-20.61009149694165 -36.33917679513664 9008.222999999878 
-20.61009149694165 -36.33917679513664 9016.555999999877 
-20.61009149694165 -36.33917679513664 9024.888999999876 
-20.61009149694165 -36.33917679513664 9033.221999999876 
-20.61009149694165 -36.33917679513664 9041.554999999877 
-20.61009149694165 -36.33917679513664 9049.887999999875 
-20.61009149694165 -36.33917679513664 9058.220999999874 
-20.61009149694165 -36.33917679513664 9066.553999999875 
-20.61009149694165 -36.33917679513664 9074.886999999875 
-20.61009149694165 -36.33917679513664 9083.219999999874 
-20.61009149694165 -36.33917679513664 9091.552999999873 
-20.61009149694165 -36.33917679513664 9099.885999999873 
-20.61009149694165 -36.33917679513664 9108.218999999874 
-20.61009149694165 -36.33917679513664 9116.551999999872 
-20.61009149694165 -36.33917679513664 9124.884999999871 
-20.61009149694165 -36.33917679513664 9133.217999999872 
-20.61009149694165 -36.33917679513664 9141.550999999872 
-20.61009149694165 -36.33917679513664 9149.88399999987 
-20.61009149694165 -36.33917679513664 9158.21699999987 
-20.61009149694165 -36.33917679513664 9166.54999999987 
-20.61009149694165 -36.33917679513664 9174.88299999987 
-20.61009149694165 -36.33917679513664 9183.21599999987 
-20.61009149694165 -36.33917679513664 9191.548999999868 
-20.61009149694165 -36.33917679513664 9199.881999999869 
-20.61009149694165 -36.33917679513664 9208.21499999987 
-20.61009149694165 -36.33917679513664 9216.547999999868 
-20.61009149694165 -36.33917679513664 9224.880999999867 
-20.61009149694165 -36.33917679513664 9233.213999999867 
-20.61009149694165 -36.33917679513664 9241.546999999868 
-20.61009149694165 -36.33917679513664 9249.879999999866 
-20.61009149694165 -36.33917679513664 9258.212999999865 
-20.61009149694165 -36.33917679513664 9266.545999999866 
-20.61009149694165 -36.33917679513664 9274.878999999866 
-20.61009149694165 -36.33917679513664 9283.211999999865 
-20.61009149694165 -36.33917679513664 9291.544999999864 
-20.61009149694165 -36.33917679513664 9299.877999999864 
-20.61009149694165 -36.33917679513664 9308.210999999865 
-20.61009149694165 -36.33917679513664 9316.543999999863 
-20.61009149694165 -36.33917679513664 9324.876999999862 
-20.61009149694165 -36.33917679513664 9333.209999999863 
-20.61009149694165 -36.33917679513664 9341.542999999863 
-20.61009149694165 -36.33917679513664 9349.875999999862 
-20.61009149694165 -36.33917679513664 9358.20899999986 
-20.61009149694165 -36.33917679513664 9366.541999999861 
-20.61009149694165 -36.33917679513664 9374.874999999862 
-20.61009149694165 -36.33917679513664 9383.20799999986 
-20.61009149694165 -36.33917679513664 9391.54099999986 
-20.61009149694165 -36.33917679513664 9399.87399999986 
-20.61009149694165 -36.33917679513664 9408.20699999986 
-20.61009149694165 -36.33917679513664 9416.539999999859 
-20.61009149694165 -36.33917679513664 9424.872999999858 
-20.61009149694165 -36.33917679513664 9433.205999999858 
-20.61009149694165 -36.33917679513664 9441.538999999859 
-20.61009149694165 -36.33917679513664 9449.871999999858 
-20.61009149694165 -36.33917679513664 9458.204999999856 
-20.61009149694165 -36.33917679513664 9466.537999999857 
-20.61009149694165 -36.33917679513664 9474.870999999857 
-20.61009149694165 -36.33917679513664 9483.203999999856 
-20.61009149694165 -36.33917679513664 9491.536999999855 
-20.61009149694165 -36.33917679513664 9499.869999999855 
-20.61009149694165 -36.33917679513664 9508.202999999856 
-20.61009149694165 -36.33917679513664 9516.535999999855 
-20.61009149694165 -36.33917679513664 9524.868999999853 
-20.61009149694165 -36.33917679513664 9533.201999999854 
-20.61009149694165 -36.33917679513664 9541.534999999854 
-20.61009149694165 -36.33917679513664 9549.867999999853 
-20.61009149694165 -36.33917679513664 9558.200999999852 
-20.61009149694165 -36.33917679513664 9566.533999999852 
-20.61009149694165 -36.33917679513664 9574.866999999853 
-20.61009149694165 -36.33917679513664 9583.199999999852 
-20.61009149694165 -36.33917679513664 9591.53299999985 
-20.61009149694165 -36.33917679513664 9599.86599999985 
-20.61009149694165 -36.33917679513664 9608.198999999851 
-20.61009149694165 -36.33917679513664 9616.53199999985 
-20.61009149694165 -36.33917679513664 9624.864999999849 
-20.61009149694165 -36.33917679513664 9633.19799999985 
-20.61009149694165 -36.33917679513664 9641.53099999985 
-20.61009149694165 -36.33917679513664 9649.863999999849 
-20.61009149694165 -36.33917679513664 9658.196999999847 
-20.61009149694165 -36.33917679513664 9666.529999999848 
-20.61009149694165 -36.33917679513664 9674.862999999848 
-20.61009149694165 -36.33917679513664 9683.195999999847 
-20.61009149694165 -36.33917679513664 9691.528999999846 
-20.61009149694165 -36.33917679513664 9699.861999999846 
-20.61009149694165 -36.33917679513664 9708.194999999847 
-20.61009149694165 -36.33917679513664 9716.527999999846 
-20.61009149694165 -36.33917679513664 9724.860999999844 
-20.61009149694165 -36.33917679513664 9733.193999999845 
-20.61009149694165 -36.33917679513664 9741.526999999845 
-20.61009149694165 -36.33917679513664 9749.859999999844 
-20.61009149694165 -36.33917679513664 9758.192999999843 
-20.61009149694165 -36.33917679513664 9766.525999999843 
-20.61009149694165 -36.33917679513664 9774.858999999844 
-20.61009149694165 -36.33917679513664 9783.191999999843 
-20.61009149694165 -36.33917679513664 9791.524999999841 
-20.61009149694165 -36.33917679513664 9799.857999999842 
-20.61009149694165 -36.33917679513664 9808.190999999842 
-20.61009149694165 -36.33917679513664 9816.523999999841 
-20.61009149694165 -36.33917679513664 9824.85699999984 
-20.61009149694165 -36.33917679513664 9833.18999999984 
-20.61009149694165 -36.33917679513664 9841.522999999841 
-20.61009149694165 -36.33917679513664 9849.85599999984 
-20.61009149694165 -36.33917679513664 9858.188999999838 
-20.61009149694165 -36.33917679513664 9866.521999999839 
-20.61009149694165 -36.33917679513664 9874.85499999984 
-20.61009149694165 -36.33917679513664 9883.187999999838 
-20.61009149694165 -36.33917679513664 9891.520999999837 
-20.61009149694165 -36.33917679513664 9899.853999999837 
-20.61009149694165 -36.33917679513664 9908.186999999838 
-20.61009149694165 -36.33917679513664 9916.519999999837 
-20.61009149694165 -36.33917679513664 9924.852999999835 
-20.61009149694165 -36.33917679513664 9933.185999999836 
-20.61009149694165 -36.33917679513664 9941.518999999837 
-20.61009149694165 -36.33917679513664 9949.851999999835 
-20.61009149694165 -36.33917679513664 9958.184999999834 
-20.61009149694165 -36.33917679513664 9966.517999999835 
-20.61009149694165 -36.33917679513664 9974.850999999835 
-20.61009149694165 -36.33917679513664 9983.183999999834 
-20.61009149694165 -36.33917679513664 9991.516999999832 
-20.61009149694165 -36.33917679513664 9999.849999999833 
-20.61009149694165 -36.33917679513664 10008.182999999834 
-20.61009149694165 -36.33917679513664 10016.515999999832 
-20.61009149694165 -36.33917679513664 10024.848999999831 
-20.61009149694165 -36.33917679513664 10033.181999999832 
-20.61009149694165 -36.33917679513664 10041.514999999832 
-20.61009149694165 -36.33917679513664 10049.84799999983 
-20.61009149694165 -36.33917679513664 10058.18099999983 
-20.61009149694165 -36.33917679513664 10066.51399999983 
-20.61009149694165 -36.33917679513664 10074.84699999983 
-20.61009149694165 -36.33917679513664 10083.17999999983 
-20.61009149694165 -36.33917679513664 10091.512999999828 
-20.61009149694165 -36.33917679513664 10099.845999999829 
-20.61009149694165 -36.33917679513664 10108.17899999983 
-20.61009149694165 -36.33917679513664 10116.511999999828 
-20.61009149694165 -36.33917679513664 10124.844999999827 
-20.61009149694165 -36.33917679513664 10133.177999999827 
-20.61009149694165 -36.33917679513664 10141.510999999828 
-20.61009149694165 -36.33917679513664 10149.843999999826 
-20.61009149694165 -36.33917679513664 10158.176999999825 
-20.61009149694165 -36.33917679513664 10166.509999999826 
-20.61009149694165 -36.33917679513664 10174.842999999826 
-20.61009149694165 -36.33917679513664 10183.175999999825 
-20.61009149694165 -36.33917679513664 10191.508999999824 
-20.61009149694165 -36.33917679513664 10199.841999999824 
-20.61009149694165 -36.33917679513664 10208.174999999825 
-20.61009149694165 -36.33917679513664 10216.507999999823 
-20.61009149694165 -36.33917679513664 10224.840999999822 
-20.61009149694165 -36.33917679513664 10233.173999999823 
-20.61009149694165 -36.33917679513664 10241.506999999823 
-20.61009149694165 -36.33917679513664 10249.839999999822 
-20.61009149694165 -36.33917679513664 10258.17299999982 
-20.61009149694165 -36.33917679513664 10266.505999999821 
-20.61009149694165 -36.33917679513664 10274.838999999822 
-20.61009149694165 -36.33917679513664 10283.17199999982 
-20.61009149694165 -36.33917679513664 10291.50499999982 
-20.61009149694165 -36.33917679513664 10299.83799999982 
-20.61009149694165 -36.33917679513664 10308.17099999982 
-20.61009149694165 -36.33917679513664 10316.503999999819 
-20.61009149694165 -36.33917679513664 10324.836999999818 
-20.61009149694165 -36.33917679513664 10333.169999999818 
-20.61009149694165 -36.33917679513664 10341.502999999819 
-20.61009149694165 -36.33917679513664 10349.835999999817 
-20.61009149694165 -36.33917679513664 10358.168999999816 
-20.61009149694165 -36.33917679513664 10366.501999999817 
-20.61009149694165 -36.33917679513664 10374.834999999817 
-20.61009149694165 -36.33917679513664 10383.167999999816 
-20.61009149694165 -36.33917679513664 10391.500999999815 
-20.61009149694165 -36.33917679513664 10399.833999999815 
-20.61009149694165 -36.33917679513664 10408.166999999816 
-20.61009149694165 -36.33917679513664 10416.499999999814 
-20.61009149694165 -36.33917679513664 10424.832999999813 
-20.61009149694165 -36.33917679513664 10433.165999999814 
-20.61009149694165 -36.33917679513664 10441.498999999814 
-20.61009149694165 -36.33917679513664 10449.831999999813 
-20.61009149694165 -36.33917679513664 10458.164999999812 
-20.61009149694165 -36.33917679513664 10466.497999999812 
-20.61009149694165 -36.33917679513664 10474.830999999813 
-20.61009149694165 -36.33917679513664 10483.163999999811 
-20.61009149694165 -36.33917679513664 10491.49699999981 
-20.61009149694165 -36.33917679513664 10499.82999999981 
-20.61009149694165 -36.33917679513664 10508.162999999811 
-20.61009149694165 -36.33917679513664 10516.49599999981 
-20.61009149694165 -36.33917679513664 10524.828999999809 
-20.61009149694165 -36.33917679513664 10533.16199999981 
-20.61009149694165 -36.33917679513664 10541.49499999981 
-20.61009149694165 -36.33917679513664 10549.827999999809 
-20.61009149694165 -36.33917679513664 10558.160999999807 
-20.61009149694165 -36.33917679513664 10566.493999999808 
-20.61009149694165 -36.33917679513664 10574.826999999808 
-20.61009149694165 -36.33917679513664 10583.159999999807 
-20.61009149694165 -36.33917679513664 10591.492999999806 
-20.61009149694165 -36.33917679513664 10599.825999999806 
-20.61009149694165 -36.33917679513664 10608.158999999807 
-20.61009149694165 -36.33917679513664 10616.491999999806 
-20.61009149694165 -36.33917679513664 10624.824999999804 
-20.61009149694165 -36.33917679513664 10633.157999999805 
-20.61009149694165 -36.33917679513664 10641.490999999805 
-20.61009149694165 -36.33917679513664 10649.823999999804 
-20.61009149694165 -36.33917679513664 10658.156999999803 
-20.61009149694165 -36.33917679513664 10666.489999999803 
-20.61009149694165 -36.33917679513664 10674.822999999804 
-20.61009149694165 -36.33917679513664 10683.155999999803 
-20.61009149694165 -36.33917679513664 10691.488999999801 
-20.61009149694165 -36.33917679513664 10699.821999999802 
-20.61009149694165 -36.33917679513664 10708.154999999802 
-20.61009149694165 -36.33917679513664 10716.487999999801 
-20.61009149694165 -36.33917679513664 10724.8209999998 
-20.61009149694165 -36.33917679513664 10733.1539999998 
-20.61009149694165 -36.33917679513664 10741.4869999998 
-20.61009149694165 -36.33917679513664 10749.8199999998 
-20.61009149694165 -36.33917679513664 10758.152999999798 
-20.61009149694165 -36.33917679513664 10766.485999999799 
-20.61009149694165 -36.33917679513664 10774.8189999998 
-20.61009149694165 -36.33917679513664 10783.151999999798 
-20.61009149694165 -36.33917679513664 10791.484999999797 
-20.61009149694165 -36.33917679513664 10799.817999999797 
-20.61009149694165 -36.33917679513664 10808.150999999798 
-20.61009149694165 -36.33917679513664 10816.483999999797 
-20.61009149694165 -36.33917679513664 10824.816999999795 
-20.61009149694165 -36.33917679513664 10833.149999999796 
-20.61009149694165 -36.33917679513664 10841.482999999796 
-20.61009149694165 -36.33917679513664 10849.815999999795 
-20.61009149694165 -36.33917679513664 10858.148999999794 
-20.61009149694165 -36.33917679513664 10866.481999999794 
-20.61009149694165 -36.33917679513664 10874.814999999795 
-20.61009149694165 -36.33917679513664 10883.147999999794 
-20.61009149694165 -36.33917679513664 10891.480999999792 
-20.61009149694165 -36.33917679513664 10899.813999999793 
-20.61009149694165 -36.33917679513664 10908.146999999793 
-20.61009149694165 -36.33917679513664 10916.479999999792 
-20.61009149694165 -36.33917679513664 10924.812999999791 
-20.61009149694165 -36.33917679513664 10933.145999999791 
-20.61009149694165 -36.33917679513664 10941.478999999792 
-20.61009149694165 -36.33917679513664 10949.81199999979 
-20.61009149694165 -36.33917679513664 10958.14499999979 
-20.61009149694165 -36.33917679513664 10966.47799999979 
-20.61009149694165 -36.33917679513664 10974.81099999979 
-20.61009149694165 -36.33917679513664 10983.14399999979 
-20.61009149694165 -36.33917679513664 10991.476999999788 
-20.61009149694165 -36.33917679513664 10999.809999999788 
-20.61009149694165 -36.33917679513664 11008.142999999789 
-20.61009149694165 -36.33917679513664 11016.475999999788 
-20.61009149694165 -36.33917679513664 11024.808999999786 
-20.61009149694165 -36.33917679513664 11033.141999999787 
-20.61009149694165 -36.33917679513664 11041.474999999788 
-20.61009149694165 -36.33917679513664 11049.807999999786 
-20.61009149694165 -36.33917679513664 11058.140999999785 
-20.61009149694165 -36.33917679513664 11066.473999999786 
-20.61009149694165 -36.33917679513664 11074.806999999786 
-20.61009149694165 -36.33917679513664 11083.139999999785 
-20.61009149694165 -36.33917679513664 11091.472999999783 
-20.61009149694165 -36.33917679513664 11099.805999999784 
-20.61009149694165 -36.33917679513664 11108.138999999785 
-20.61009149694165 -36.33917679513664 11116.471999999783 
-20.61009149694165 -36.33917679513664 11124.804999999782 
-20.61009149694165 -36.33917679513664 11133.137999999783 
-20.61009149694165 -36.33917679513664 11141.470999999783 
-20.61009149694165 -36.33917679513664 11149.803999999782 
-20.61009149694165 -36.33917679513664 11158.13699999978 
-20.61009149694165 -36.33917679513664 11166.469999999781 
-20.61009149694165 -36.33917679513664 11174.802999999782 
-20.61009149694165 -36.33917679513664 11183.13599999978 
-20.61009149694165 -36.33917679513664 11191.468999999779 
-20.61009149694165 -36.33917679513664 11199.80199999978 
-20.61009149694165 -36.33917679513664 11208.13499999978 
-20.61009149694165 -36.33917679513664 11216.467999999779 
-20.61009149694165 -36.33917679513664 11224.800999999778 
-20.61009149694165 -36.33917679513664 11233.133999999778 
-20.61009149694165 -36.33917679513664 11241.466999999779 
-20.61009149694165 -36.33917679513664 11249.799999999777 
-20.61009149694165 -36.33917679513664 11258.132999999776 
-20.61009149694165 -36.33917679513664 11266.465999999777 
-20.61009149694165 -36.33917679513664 11274.798999999777 
-20.61009149694165 -36.33917679513664 11283.131999999776 
-20.61009149694165 -36.33917679513664 11291.464999999775 
-20.61009149694165 -36.33917679513664 11299.797999999775 
-20.61009149694165 -36.33917679513664 11308.130999999776 
-20.61009149694165 -36.33917679513664 11316.463999999774 
-20.61009149694165 -36.33917679513664 11324.796999999773 
-20.61009149694165 -36.33917679513664 11333.129999999774 
-20.61009149694165 -36.33917679513664 11341.462999999774 
-20.61009149694165 -36.33917679513664 11349.795999999773 
-20.61009149694165 -36.33917679513664 11358.128999999772 
-20.61009149694165 -36.33917679513664 11366.461999999772 
-20.61009149694165 -36.33917679513664 11374.794999999773 
-20.61009149694165 -36.33917679513664 11383.127999999771 
-20.61009149694165 -36.33917679513664 11391.46099999977 
-20.61009149694165 -36.33917679513664 11399.79399999977 
-20.61009149694165 -36.33917679513664 11408.126999999771 
-20.61009149694165 -36.33917679513664 11416.45999999977 
-20.61009149694165 -36.33917679513664 11424.792999999769 
-20.61009149694165 -36.33917679513664 11433.12599999977 
-20.61009149694165 -36.33917679513664 11441.45899999977 
-20.61009149694165 -36.33917679513664 11449.791999999768 
-20.61009149694165 -36.33917679513664 11458.124999999767 
-20.61009149694165 -36.33917679513664 11466.457999999768 
-20.61009149694165 -36.33917679513664 11474.790999999768 
-20.61009149694165 -36.33917679513664 11483.123999999767 
-20.61009149694165 -36.33917679513664 11491.456999999766 
-20.61009149694165 -36.33917679513664 11499.789999999766 
-20.61009149694165 -36.33917679513664 11508.122999999767 
-20.61009149694165 -36.33917679513664 11516.455999999765 
-20.61009149694165 -36.33917679513664 11524.788999999764 
-20.61009149694165 -36.33917679513664 11533.121999999765 
-20.61009149694165 -36.33917679513664 11541.454999999765 
-20.61009149694165 -36.33917679513664 11549.787999999764 
-20.61009149694165 -36.33917679513664 11558.120999999763 
-20.61009149694165 -36.33917679513664 11566.453999999763 
-20.61009149694165 -36.33917679513664 11574.786999999764 
-20.61009149694165 -36.33917679513664 11583.119999999763 
-20.61009149694165 -36.33917679513664 11591.452999999761 
-20.61009149694165 -36.33917679513664 11599.785999999762 
-20.61009149694165 -36.33917679513664 11608.118999999762 
-20.61009149694165 -36.33917679513664 11616.451999999761 
-20.61009149694165 -36.33917679513664 11624.78499999976 
-20.61009149694165 -36.33917679513664 11633.11799999976 
-20.61009149694165 -36.33917679513664 11641.45099999976 
-20.61009149694165 -36.33917679513664 11649.78399999976 
-20.61009149694165 -36.33917679513664 11658.116999999758 
-20.61009149694165 -36.33917679513664 11666.449999999759 
-20.61009149694165 -36.33917679513664 11674.78299999976 
-20.61009149694165 -36.33917679513664 11683.115999999758 
-20.61009149694165 -36.33917679513664 11691.448999999757 
-20.61009149694165 -36.33917679513664 11699.781999999757 
-20.61009149694165 -36.33917679513664 11708.114999999758 
-20.61009149694165 -36.33917679513664 11716.447999999757 
-20.61009149694165 -36.33917679513664 11724.780999999755 
-20.61009149694165 -36.33917679513664 11733.113999999756 
-20.61009149694165 -36.33917679513664 11741.446999999756 
-20.61009149694165 -36.33917679513664 11749.779999999755 
-20.61009149694165 -36.33917679513664 11758.112999999754 
-20.61009149694165 -36.33917679513664 11766.445999999754 
-20.61009149694165 -36.33917679513664 11774.778999999755 
-20.61009149694165 -36.33917679513664 11783.111999999754 
-20.61009149694165 -36.33917679513664 11791.444999999752 
-20.61009149694165 -36.33917679513664 11799.777999999753 
-20.61009149694165 -36.33917679513664 11808.110999999753 
-20.61009149694165 -36.33917679513664 11816.443999999752 
-20.61009149694165 -36.33917679513664 11824.77699999975 
-20.61009149694165 -36.33917679513664 11833.109999999751 
-20.61009149694165 -36.33917679513664 11841.442999999752 
-20.61009149694165 -36.33917679513664 11849.77599999975 
-20.61009149694165 -36.33917679513664 11858.10899999975 
-20.61009149694165 -36.33917679513664 11866.44199999975 
-20.61009149694165 -36.33917679513664 11874.77499999975 
-20.61009149694165 -36.33917679513664 11883.10799999975 
-20.61009149694165 -36.33917679513664 11891.440999999748 
-20.61009149694165 -36.33917679513664 11899.773999999748 
-20.61009149694165 -36.33917679513664 11908.106999999749 
-20.61009149694165 -36.33917679513664 11916.439999999748 
-20.61009149694165 -36.33917679513664 11924.772999999746 
-20.61009149694165 -36.33917679513664 11933.105999999747 
-20.61009149694165 -36.33917679513664 11941.438999999747 
-20.61009149694165 -36.33917679513664 11949.771999999746 
-20.61009149694165 -36.33917679513664 11958.104999999745 
-20.61009149694165 -36.33917679513664 11966.437999999745 
-20.61009149694165 -36.33917679513664 11974.770999999746 
-20.61009149694165 -36.33917679513664 11983.103999999745 
-20.61009149694165 -36.33917679513664 11991.436999999743 
-20.61009149694165 -36.33917679513664 11999.769999999744 
-20.61009149694165 -36.33917679513664 12008.102999999744 
-20.61009149694165 -36.33917679513664 12016.435999999743 
-20.61009149694165 -36.33917679513664 12024.768999999742 
-20.61009149694165 -36.33917679513664 12033.101999999742 
-20.61009149694165 -36.33917679513664 12041.434999999743 
-20.61009149694165 -36.33917679513664 12049.767999999742 
-20.61009149694165 -36.33917679513664 12058.10099999974 
-20.61009149694165 -36.33917679513664 12066.433999999741 
-20.61009149694165 -36.33917679513664 12074.766999999742 
-20.61009149694165 -36.33917679513664 12083.09999999974 
-20.61009149694165 -36.33917679513664 12091.432999999739 
-20.61009149694165 -36.33917679513664 12099.76599999974 
-20.61009149694165 -36.33917679513664 12108.09899999974 
-20.61009149694165 -36.33917679513664 12116.431999999739 
-20.61009149694165 -36.33917679513664 12124.764999999737 
-20.61009149694165 -36.33917679513664 12133.097999999738 
-20.61009149694165 -36.33917679513664 12141.430999999739 
-20.61009149694165 -36.33917679513664 12149.763999999737 
-20.61009149694165 -36.33917679513664 12158.096999999736 
-20.61009149694165 -36.33917679513664 12166.429999999737 
-20.61009149694165 -36.33917679513664 12174.762999999737 
-20.61009149694165 -36.33917679513664 12183.095999999736 
-20.61009149694165 -36.33917679513664 12191.428999999735 
-20.61009149694165 -36.33917679513664 12199.761999999735 
-20.61009149694165 -36.33917679513664 12208.094999999736 
-20.61009149694165 -36.33917679513664 12216.427999999734 
-20.61009149694165 -36.33917679513664 12224.760999999733 
-20.61009149694165 -36.33917679513664 12233.093999999734 
-20.61009149694165 -36.33917679513664 12241.426999999734 
-20.61009149694165 -36.33917679513664 12249.759999999733 
-20.61009149694165 -36.33917679513664 12258.092999999732 
-20.61009149694165 -36.33917679513664 12266.425999999732 
-20.61009149694165 -36.33917679513664 12274.758999999733 
-20.61009149694165 -36.33917679513664 12283.091999999731 
-20.61009149694165 -36.33917679513664 12291.42499999973 
-20.61009149694165 -36.33917679513664 12299.75799999973 
-20.61009149694165 -36.33917679513664 12308.090999999731 
-20.61009149694165 -36.33917679513664 12316.42399999973 
-20.61009149694165 -36.33917679513664 12324.756999999729 
-20.61009149694165 -36.33917679513664 12333.08999999973 
-20.61009149694165 -36.33917679513664 12341.42299999973 
-20.61009149694165 -36.33917679513664 12349.755999999728 
-20.61009149694165 -36.33917679513664 12358.088999999727 
-20.61009149694165 -36.33917679513664 12366.421999999728 
-20.61009149694165 -36.33917679513664 12374.754999999728 
-20.61009149694165 -36.33917679513664 12383.087999999727 
-20.61009149694165 -36.33917679513664 12391.420999999726 
-20.61009149694165 -36.33917679513664 12399.753999999726 
-20.61009149694165 -36.33917679513664 12408.086999999727 
-20.61009149694165 -36.33917679513664 12416.419999999725 
-20.61009149694165 -36.33917679513664 12424.752999999724 
-20.61009149694165 -36.33917679513664 12433.085999999725 
-20.61009149694165 -36.33917679513664 12441.418999999725 
-20.61009149694165 -36.33917679513664 12449.751999999724 
-20.61009149694165 -36.33917679513664 12458.084999999723 
-20.61009149694165 -36.33917679513664 12466.417999999723 
-20.61009149694165 -36.33917679513664 12474.750999999724 
-20.61009149694165 -36.33917679513664 12483.083999999722 
-20.61009149694165 -36.33917679513664 12491.416999999721 
-20.61009149694165 -36.33917679513664 12499.749999999722 
