133 
56.24352094766147 -0.008765192704966859 249.99999999999807 
56.24352094766147 -0.008765192704966859 251.99999999999807 
56.24352094766147 -0.008765192704966859 273.49999999999807 
56.24352094766147 -0.008765192704966859 369.58333333333144 
56.24352094766147 -0.008765192704966859 521.7499999999982 
56.24352094766147 -0.008765192704966859 673.9166666666649 
56.24352094766147 -0.008765192704966859 826.0833333333317 
56.24352094766147 -0.008765192704966859 978.2499999999984 
56.24352094766147 -0.008765192704966859 1130.4166666666652 
56.24352094766147 -0.008765192704966859 1226.4999999999984 
56.24352094766147 -0.008765192704966859 1247.9999999999984 
56.24352094766147 -0.008765192704966859 1249.9999999999984 
56.24352094766147 -0.008765192704966859 1251.9999999999984 
56.24352094766147 -0.008765192704966859 1273.4999999999984 
56.24352094766147 -0.008765192704966859 1369.5833333333317 
56.24352094766147 -0.008765192704966859 1521.7499999999982 
56.24352094766147 -0.008765192704966859 1673.9166666666647 
56.24352094766147 -0.008765192704966859 1826.0833333333312 
56.24352094766147 -0.008765192704966859 1978.2499999999977 
56.24352094766147 -0.008765192704966859 2130.4166666666642 
56.24352094766147 -0.008765192704966859 2226.4999999999977 
56.24352094766147 -0.008765192704966859 2247.9999999999977 
56.24352094766147 -0.008765192704966859 2249.9999999999977 
56.24352094766147 -0.008765192704966859 2251.9999999999977 
56.24352094766147 -0.008765192704966859 2273.4999999999977 
56.24352094766147 -0.008765192704966859 2369.583333333331 
56.24352094766147 -0.008765192704966859 2521.7499999999977 
56.24352094766147 -0.008765192704966859 2673.9166666666642 
56.24352094766147 -0.008765192704966859 2826.0833333333308 
56.24352094766147 -0.008765192704966859 2978.2499999999973 
56.24352094766147 -0.008765192704966859 3130.416666666664 
56.24352094766147 -0.008765192704966859 3226.4999999999973 
56.24352094766147 -0.008765192704966859 3247.9999999999973 
56.24352094766147 -0.008765192704966859 3249.9999999999973 
56.24352094766147 -0.008765192704966859 3251.9999999999973 
56.24352094766147 -0.008765192704966859 3273.4999999999973 
56.24352094766147 -0.008765192704966859 3369.5833333333303 
56.24352094766147 -0.008765192704966859 3521.7499999999973 
56.24352094766147 -0.008765192704966859 3673.9166666666642 
56.24352094766147 -0.008765192704966859 3826.083333333331 
56.24352094766147 -0.008765192704966859 3978.249999999998 
56.24352094766147 -0.008765192704966859 4130.416666666665 
56.24352094766147 -0.008765192704966859 4226.499999999998 
56.24352094766147 -0.008765192704966859 4247.999999999998 
56.24352094766147 -0.008765192704966859 4249.999999999998 
56.24352094766147 -0.008765192704966859 4251.999999999998 
56.24352094766147 -0.008765192704966859 4273.499999999998 
56.24352094766147 -0.008765192704966859 4369.583333333331 
56.24352094766147 -0.008765192704966859 4521.749999999998 
56.24352094766147 -0.008765192704966859 4673.916666666665 
56.24352094766147 -0.008765192704966859 4826.083333333332 
56.24352094766147 -0.008765192704966859 4978.249999999999 
56.24352094766147 -0.008765192704966859 5130.416666666666 
56.24352094766147 -0.008765192704966859 5226.499999999999 
56.24352094766147 -0.008765192704966859 5247.999999999999 
56.24352094766147 -0.008765192704966859 5249.999999999999 
56.24352094766147 -0.008765192704966859 5251.999999999999 
56.24352094766147 -0.008765192704966859 5273.499999999999 
56.24352094766147 -0.008765192704966859 5369.583333333332 
56.24352094766147 -0.008765192704966859 5521.749999999999 
56.24352094766147 -0.008765192704966859 5673.916666666666 
56.24352094766147 -0.008765192704966859 5826.083333333333 
56.24352094766147 -0.008765192704966859 5978.25 
56.24352094766147 -0.008765192704966859 6130.416666666667 
56.24352094766147 -0.008765192704966859 6226.5 
56.24352094766147 -0.008765192704966859 6248.0 
56.24352094766147 -0.008765192704966859 6250.0 
56.24352094766147 -0.008765192704966859 6252.0 
56.24352094766147 -0.008765192704966859 6273.5 
56.24352094766147 -0.008765192704966859 6369.583333333333 
56.24352094766147 -0.008765192704966859 6521.75 
56.24352094766147 -0.008765192704966859 6673.916666666667 
56.24352094766147 -0.008765192704966859 6826.083333333334 
56.24352094766147 -0.008765192704966859 6978.250000000001 
56.24352094766147 -0.008765192704966859 7130.416666666668 
56.24352094766147 -0.008765192704966859 7226.500000000001 
56.24352094766147 -0.008765192704966859 7248.000000000001 
56.24352094766147 -0.008765192704966859 7250.000000000001 
56.24352094766147 -0.008765192704966859 7252.000000000001 
56.24352094766147 -0.008765192704966859 7273.500000000001 
56.24352094766147 -0.008765192704966859 7369.583333333334 
56.24352094766147 -0.008765192704966859 7521.75 
56.24352094766147 -0.008765192704966859 7673.916666666666 
56.24352094766147 -0.008765192704966859 7826.083333333332 
56.24352094766147 -0.008765192704966859 7978.249999999998 
56.24352094766147 -0.008765192704966859 8130.416666666664 
56.24352094766147 -0.008765192704966859 8226.499999999998 
56.24352094766147 -0.008765192704966859 8247.999999999998 
56.24352094766147 -0.008765192704966859 8249.999999999998 
56.24352094766147 -0.008765192704966859 8251.999999999998 
56.24352094766147 -0.008765192704966859 8273.499999999998 
56.24352094766147 -0.008765192704966859 8369.583333333332 
56.24352094766147 -0.008765192704966859 8521.749999999998 
56.24352094766147 -0.008765192704966859 8673.916666666664 
56.24352094766147 -0.008765192704966859 8826.08333333333 
56.24352094766147 -0.008765192704966859 8978.249999999996 
56.24352094766147 -0.008765192704966859 9130.416666666662 
56.24352094766147 -0.008765192704966859 9226.499999999996 
56.24352094766147 -0.008765192704966859 9247.999999999996 
56.24352094766147 -0.008765192704966859 9249.999999999996 
56.24352094766147 -0.008765192704966859 9251.999999999996 
56.24352094766147 -0.008765192704966859 9273.499999999996 
56.24352094766147 -0.008765192704966859 9369.58333333333 
56.24352094766147 -0.008765192704966859 9521.749999999996 
56.24352094766147 -0.008765192704966859 9673.916666666662 
56.24352094766147 -0.008765192704966859 9826.083333333328 
56.24352094766147 -0.008765192704966859 9978.249999999995 
56.24352094766147 -0.008765192704966859 10130.41666666666 
56.24352094766147 -0.008765192704966859 10226.499999999995 
56.24352094766147 -0.008765192704966859 10247.999999999995 
56.24352094766147 -0.008765192704966859 10249.999999999995 
56.24352094766147 -0.008765192704966859 10251.999999999995 
56.24352094766147 -0.008765192704966859 10273.499999999995 
56.24352094766147 -0.008765192704966859 10369.583333333328 
56.24352094766147 -0.008765192704966859 10521.749999999995 
56.24352094766147 -0.008765192704966859 10673.91666666666 
56.24352094766147 -0.008765192704966859 10826.083333333327 
56.24352094766147 -0.008765192704966859 10978.249999999993 
56.24352094766147 -0.008765192704966859 11130.416666666659 
56.24352094766147 -0.008765192704966859 11226.499999999993 
56.24352094766147 -0.008765192704966859 11247.999999999993 
56.24352094766147 -0.008765192704966859 11249.999999999993 
56.24352094766147 -0.008765192704966859 11251.999999999993 
56.24352094766147 -0.008765192704966859 11273.499999999993 
56.24352094766147 -0.008765192704966859 11369.583333333327 
56.24352094766147 -0.008765192704966859 11521.749999999993 
56.24352094766147 -0.008765192704966859 11673.916666666659 
56.24352094766147 -0.008765192704966859 11826.083333333325 
56.24352094766147 -0.008765192704966859 11978.24999999999 
56.24352094766147 -0.008765192704966859 12130.416666666657 
56.24352094766147 -0.008765192704966859 12226.49999999999 
56.24352094766147 -0.008765192704966859 12247.99999999999 
56.24352094766147 -0.008765192704966859 12249.99999999999 
