133 
22.302904788575376 -38.00584346180331 249.99999999999807 
22.302904788575376 -38.00584346180331 251.99999999999807 
22.302904788575376 -38.00584346180331 273.49999999999807 
22.302904788575376 -38.00584346180331 369.58333333333144 
22.302904788575376 -38.00584346180331 521.7499999999982 
22.302904788575376 -38.00584346180331 673.9166666666649 
22.302904788575376 -38.00584346180331 826.0833333333317 
22.302904788575376 -38.00584346180331 978.2499999999984 
22.302904788575376 -38.00584346180331 1130.4166666666652 
22.302904788575376 -38.00584346180331 1226.4999999999984 
22.302904788575376 -38.00584346180331 1247.9999999999984 
22.302904788575376 -38.00584346180331 1249.9999999999984 
22.302904788575376 -38.00584346180331 1251.9999999999984 
22.302904788575376 -38.00584346180331 1273.4999999999984 
22.302904788575376 -38.00584346180331 1369.5833333333317 
22.302904788575376 -38.00584346180331 1521.7499999999982 
22.302904788575376 -38.00584346180331 1673.9166666666647 
22.302904788575376 -38.00584346180331 1826.0833333333312 
22.302904788575376 -38.00584346180331 1978.2499999999977 
22.302904788575376 -38.00584346180331 2130.4166666666642 
22.302904788575376 -38.00584346180331 2226.4999999999977 
22.302904788575376 -38.00584346180331 2247.9999999999977 
22.302904788575376 -38.00584346180331 2249.9999999999977 
22.302904788575376 -38.00584346180331 2251.9999999999977 
22.302904788575376 -38.00584346180331 2273.4999999999977 
22.302904788575376 -38.00584346180331 2369.583333333331 
22.302904788575376 -38.00584346180331 2521.7499999999977 
22.302904788575376 -38.00584346180331 2673.9166666666642 
22.302904788575376 -38.00584346180331 2826.0833333333308 
22.302904788575376 -38.00584346180331 2978.2499999999973 
22.302904788575376 -38.00584346180331 3130.416666666664 
22.302904788575376 -38.00584346180331 3226.4999999999973 
22.302904788575376 -38.00584346180331 3247.9999999999973 
22.302904788575376 -38.00584346180331 3249.9999999999973 
22.302904788575376 -38.00584346180331 3251.9999999999973 
22.302904788575376 -38.00584346180331 3273.4999999999973 
22.302904788575376 -38.00584346180331 3369.5833333333303 
22.302904788575376 -38.00584346180331 3521.7499999999973 
22.302904788575376 -38.00584346180331 3673.9166666666642 
22.302904788575376 -38.00584346180331 3826.083333333331 
22.302904788575376 -38.00584346180331 3978.249999999998 
22.302904788575376 -38.00584346180331 4130.416666666665 
22.302904788575376 -38.00584346180331 4226.499999999998 
22.302904788575376 -38.00584346180331 4247.999999999998 
22.302904788575376 -38.00584346180331 4249.999999999998 
22.302904788575376 -38.00584346180331 4251.999999999998 
22.302904788575376 -38.00584346180331 4273.499999999998 
22.302904788575376 -38.00584346180331 4369.583333333331 
22.302904788575376 -38.00584346180331 4521.749999999998 
22.302904788575376 -38.00584346180331 4673.916666666665 
22.302904788575376 -38.00584346180331 4826.083333333332 
22.302904788575376 -38.00584346180331 4978.249999999999 
22.302904788575376 -38.00584346180331 5130.416666666666 
22.302904788575376 -38.00584346180331 5226.499999999999 
22.302904788575376 -38.00584346180331 5247.999999999999 
22.302904788575376 -38.00584346180331 5249.999999999999 
22.302904788575376 -38.00584346180331 5251.999999999999 
22.302904788575376 -38.00584346180331 5273.499999999999 
22.302904788575376 -38.00584346180331 5369.583333333332 
22.302904788575376 -38.00584346180331 5521.749999999999 
22.302904788575376 -38.00584346180331 5673.916666666666 
22.302904788575376 -38.00584346180331 5826.083333333333 
22.302904788575376 -38.00584346180331 5978.25 
22.302904788575376 -38.00584346180331 6130.416666666667 
22.302904788575376 -38.00584346180331 6226.5 
22.302904788575376 -38.00584346180331 6248.0 
22.302904788575376 -38.00584346180331 6250.0 
22.302904788575376 -38.00584346180331 6252.0 
22.302904788575376 -38.00584346180331 6273.5 
22.302904788575376 -38.00584346180331 6369.583333333333 
22.302904788575376 -38.00584346180331 6521.75 
22.302904788575376 -38.00584346180331 6673.916666666667 
22.302904788575376 -38.00584346180331 6826.083333333334 
22.302904788575376 -38.00584346180331 6978.250000000001 
22.302904788575376 -38.00584346180331 7130.416666666668 
22.302904788575376 -38.00584346180331 7226.500000000001 
22.302904788575376 -38.00584346180331 7248.000000000001 
22.302904788575376 -38.00584346180331 7250.000000000001 
22.302904788575376 -38.00584346180331 7252.000000000001 
22.302904788575376 -38.00584346180331 7273.500000000001 
22.302904788575376 -38.00584346180331 7369.583333333334 
22.302904788575376 -38.00584346180331 7521.75 
22.302904788575376 -38.00584346180331 7673.916666666666 
22.302904788575376 -38.00584346180331 7826.083333333332 
22.302904788575376 -38.00584346180331 7978.249999999998 
22.302904788575376 -38.00584346180331 8130.416666666664 
22.302904788575376 -38.00584346180331 8226.499999999998 
22.302904788575376 -38.00584346180331 8247.999999999998 
22.302904788575376 -38.00584346180331 8249.999999999998 
22.302904788575376 -38.00584346180331 8251.999999999998 
22.302904788575376 -38.00584346180331 8273.499999999998 
22.302904788575376 -38.00584346180331 8369.583333333332 
22.302904788575376 -38.00584346180331 8521.749999999998 
22.302904788575376 -38.00584346180331 8673.916666666664 
22.302904788575376 -38.00584346180331 8826.08333333333 
22.302904788575376 -38.00584346180331 8978.249999999996 
22.302904788575376 -38.00584346180331 9130.416666666662 
22.302904788575376 -38.00584346180331 9226.499999999996 
22.302904788575376 -38.00584346180331 9247.999999999996 
22.302904788575376 -38.00584346180331 9249.999999999996 
22.302904788575376 -38.00584346180331 9251.999999999996 
22.302904788575376 -38.00584346180331 9273.499999999996 
22.302904788575376 -38.00584346180331 9369.58333333333 
22.302904788575376 -38.00584346180331 9521.749999999996 
22.302904788575376 -38.00584346180331 9673.916666666662 
22.302904788575376 -38.00584346180331 9826.083333333328 
22.302904788575376 -38.00584346180331 9978.249999999995 
22.302904788575376 -38.00584346180331 10130.41666666666 
22.302904788575376 -38.00584346180331 10226.499999999995 
22.302904788575376 -38.00584346180331 10247.999999999995 
22.302904788575376 -38.00584346180331 10249.999999999995 
22.302904788575376 -38.00584346180331 10251.999999999995 
22.302904788575376 -38.00584346180331 10273.499999999995 
22.302904788575376 -38.00584346180331 10369.583333333328 
22.302904788575376 -38.00584346180331 10521.749999999995 
22.302904788575376 -38.00584346180331 10673.91666666666 
22.302904788575376 -38.00584346180331 10826.083333333327 
22.302904788575376 -38.00584346180331 10978.249999999993 
22.302904788575376 -38.00584346180331 11130.416666666659 
22.302904788575376 -38.00584346180331 11226.499999999993 
22.302904788575376 -38.00584346180331 11247.999999999993 
22.302904788575376 -38.00584346180331 11249.999999999993 
22.302904788575376 -38.00584346180331 11251.999999999993 
22.302904788575376 -38.00584346180331 11273.499999999993 
22.302904788575376 -38.00584346180331 11369.583333333327 
22.302904788575376 -38.00584346180331 11521.749999999993 
22.302904788575376 -38.00584346180331 11673.916666666659 
22.302904788575376 -38.00584346180331 11826.083333333325 
22.302904788575376 -38.00584346180331 11978.24999999999 
22.302904788575376 -38.00584346180331 12130.416666666657 
22.302904788575376 -38.00584346180331 12226.49999999999 
22.302904788575376 -38.00584346180331 12247.99999999999 
22.302904788575376 -38.00584346180331 12249.99999999999 
