133 
22.29222023848687 37.96980689278399 249.99999999999807 
22.29222023848687 37.96980689278399 251.99999999999807 
22.29222023848687 37.96980689278399 273.49999999999807 
22.29222023848687 37.96980689278399 369.58333333333144 
22.29222023848687 37.96980689278399 521.7499999999982 
22.29222023848687 37.96980689278399 673.9166666666649 
22.29222023848687 37.96980689278399 826.0833333333317 
22.29222023848687 37.96980689278399 978.2499999999984 
22.29222023848687 37.96980689278399 1130.4166666666652 
22.29222023848687 37.96980689278399 1226.4999999999984 
22.29222023848687 37.96980689278399 1247.9999999999984 
22.29222023848687 37.96980689278399 1249.9999999999984 
22.29222023848687 37.96980689278399 1251.9999999999984 
22.29222023848687 37.96980689278399 1273.4999999999984 
22.29222023848687 37.96980689278399 1369.5833333333317 
22.29222023848687 37.96980689278399 1521.7499999999982 
22.29222023848687 37.96980689278399 1673.9166666666647 
22.29222023848687 37.96980689278399 1826.0833333333312 
22.29222023848687 37.96980689278399 1978.2499999999977 
22.29222023848687 37.96980689278399 2130.4166666666642 
22.29222023848687 37.96980689278399 2226.4999999999977 
22.29222023848687 37.96980689278399 2247.9999999999977 
22.29222023848687 37.96980689278399 2249.9999999999977 
22.29222023848687 37.96980689278399 2251.9999999999977 
22.29222023848687 37.96980689278399 2273.4999999999977 
22.29222023848687 37.96980689278399 2369.583333333331 
22.29222023848687 37.96980689278399 2521.7499999999977 
22.29222023848687 37.96980689278399 2673.9166666666642 
22.29222023848687 37.96980689278399 2826.0833333333308 
22.29222023848687 37.96980689278399 2978.2499999999973 
22.29222023848687 37.96980689278399 3130.416666666664 
22.29222023848687 37.96980689278399 3226.4999999999973 
22.29222023848687 37.96980689278399 3247.9999999999973 
22.29222023848687 37.96980689278399 3249.9999999999973 
22.29222023848687 37.96980689278399 3251.9999999999973 
22.29222023848687 37.96980689278399 3273.4999999999973 
22.29222023848687 37.96980689278399 3369.5833333333303 
22.29222023848687 37.96980689278399 3521.7499999999973 
22.29222023848687 37.96980689278399 3673.9166666666642 
22.29222023848687 37.96980689278399 3826.083333333331 
22.29222023848687 37.96980689278399 3978.249999999998 
22.29222023848687 37.96980689278399 4130.416666666665 
22.29222023848687 37.96980689278399 4226.499999999998 
22.29222023848687 37.96980689278399 4247.999999999998 
22.29222023848687 37.96980689278399 4249.999999999998 
22.29222023848687 37.96980689278399 4251.999999999998 
22.29222023848687 37.96980689278399 4273.499999999998 
22.29222023848687 37.96980689278399 4369.583333333331 
22.29222023848687 37.96980689278399 4521.749999999998 
22.29222023848687 37.96980689278399 4673.916666666665 
22.29222023848687 37.96980689278399 4826.083333333332 
22.29222023848687 37.96980689278399 4978.249999999999 
22.29222023848687 37.96980689278399 5130.416666666666 
22.29222023848687 37.96980689278399 5226.499999999999 
22.29222023848687 37.96980689278399 5247.999999999999 
22.29222023848687 37.96980689278399 5249.999999999999 
22.29222023848687 37.96980689278399 5251.999999999999 
22.29222023848687 37.96980689278399 5273.499999999999 
22.29222023848687 37.96980689278399 5369.583333333332 
22.29222023848687 37.96980689278399 5521.749999999999 
22.29222023848687 37.96980689278399 5673.916666666666 
22.29222023848687 37.96980689278399 5826.083333333333 
22.29222023848687 37.96980689278399 5978.25 
22.29222023848687 37.96980689278399 6130.416666666667 
22.29222023848687 37.96980689278399 6226.5 
22.29222023848687 37.96980689278399 6248.0 
22.29222023848687 37.96980689278399 6250.0 
22.29222023848687 37.96980689278399 6252.0 
22.29222023848687 37.96980689278399 6273.5 
22.29222023848687 37.96980689278399 6369.583333333333 
22.29222023848687 37.96980689278399 6521.75 
22.29222023848687 37.96980689278399 6673.916666666667 
22.29222023848687 37.96980689278399 6826.083333333334 
22.29222023848687 37.96980689278399 6978.250000000001 
22.29222023848687 37.96980689278399 7130.416666666668 
22.29222023848687 37.96980689278399 7226.500000000001 
22.29222023848687 37.96980689278399 7248.000000000001 
22.29222023848687 37.96980689278399 7250.000000000001 
22.29222023848687 37.96980689278399 7252.000000000001 
22.29222023848687 37.96980689278399 7273.500000000001 
22.29222023848687 37.96980689278399 7369.583333333334 
22.29222023848687 37.96980689278399 7521.75 
22.29222023848687 37.96980689278399 7673.916666666666 
22.29222023848687 37.96980689278399 7826.083333333332 
22.29222023848687 37.96980689278399 7978.249999999998 
22.29222023848687 37.96980689278399 8130.416666666664 
22.29222023848687 37.96980689278399 8226.499999999998 
22.29222023848687 37.96980689278399 8247.999999999998 
22.29222023848687 37.96980689278399 8249.999999999998 
22.29222023848687 37.96980689278399 8251.999999999998 
22.29222023848687 37.96980689278399 8273.499999999998 
22.29222023848687 37.96980689278399 8369.583333333332 
22.29222023848687 37.96980689278399 8521.749999999998 
22.29222023848687 37.96980689278399 8673.916666666664 
22.29222023848687 37.96980689278399 8826.08333333333 
22.29222023848687 37.96980689278399 8978.249999999996 
22.29222023848687 37.96980689278399 9130.416666666662 
22.29222023848687 37.96980689278399 9226.499999999996 
22.29222023848687 37.96980689278399 9247.999999999996 
22.29222023848687 37.96980689278399 9249.999999999996 
22.29222023848687 37.96980689278399 9251.999999999996 
22.29222023848687 37.96980689278399 9273.499999999996 
22.29222023848687 37.96980689278399 9369.58333333333 
22.29222023848687 37.96980689278399 9521.749999999996 
22.29222023848687 37.96980689278399 9673.916666666662 
22.29222023848687 37.96980689278399 9826.083333333328 
22.29222023848687 37.96980689278399 9978.249999999995 
22.29222023848687 37.96980689278399 10130.41666666666 
22.29222023848687 37.96980689278399 10226.499999999995 
22.29222023848687 37.96980689278399 10247.999999999995 
22.29222023848687 37.96980689278399 10249.999999999995 
22.29222023848687 37.96980689278399 10251.999999999995 
22.29222023848687 37.96980689278399 10273.499999999995 
22.29222023848687 37.96980689278399 10369.583333333328 
22.29222023848687 37.96980689278399 10521.749999999995 
22.29222023848687 37.96980689278399 10673.91666666666 
22.29222023848687 37.96980689278399 10826.083333333327 
22.29222023848687 37.96980689278399 10978.249999999993 
22.29222023848687 37.96980689278399 11130.416666666659 
22.29222023848687 37.96980689278399 11226.499999999993 
22.29222023848687 37.96980689278399 11247.999999999993 
22.29222023848687 37.96980689278399 11249.999999999993 
22.29222023848687 37.96980689278399 11251.999999999993 
22.29222023848687 37.96980689278399 11273.499999999993 
22.29222023848687 37.96980689278399 11369.583333333327 
22.29222023848687 37.96980689278399 11521.749999999993 
22.29222023848687 37.96980689278399 11673.916666666659 
22.29222023848687 37.96980689278399 11826.083333333325 
22.29222023848687 37.96980689278399 11978.24999999999 
22.29222023848687 37.96980689278399 12130.416666666657 
22.29222023848687 37.96980689278399 12226.49999999999 
22.29222023848687 37.96980689278399 12247.99999999999 
22.29222023848687 37.96980689278399 12249.99999999999 
