133 
-21.383265580106247 37.660823204863355 249.99999999999807 
-21.383265580106247 37.660823204863355 251.99999999999807 
-21.383265580106247 37.660823204863355 273.49999999999807 
-21.383265580106247 37.660823204863355 369.58333333333144 
-21.383265580106247 37.660823204863355 521.7499999999982 
-21.383265580106247 37.660823204863355 673.9166666666649 
-21.383265580106247 37.660823204863355 826.0833333333317 
-21.383265580106247 37.660823204863355 978.2499999999984 
-21.383265580106247 37.660823204863355 1130.4166666666652 
-21.383265580106247 37.660823204863355 1226.4999999999984 
-21.383265580106247 37.660823204863355 1247.9999999999984 
-21.383265580106247 37.660823204863355 1249.9999999999984 
-21.383265580106247 37.660823204863355 1251.9999999999984 
-21.383265580106247 37.660823204863355 1273.4999999999984 
-21.383265580106247 37.660823204863355 1369.5833333333317 
-21.383265580106247 37.660823204863355 1521.7499999999982 
-21.383265580106247 37.660823204863355 1673.9166666666647 
-21.383265580106247 37.660823204863355 1826.0833333333312 
-21.383265580106247 37.660823204863355 1978.2499999999977 
-21.383265580106247 37.660823204863355 2130.4166666666642 
-21.383265580106247 37.660823204863355 2226.4999999999977 
-21.383265580106247 37.660823204863355 2247.9999999999977 
-21.383265580106247 37.660823204863355 2249.9999999999977 
-21.383265580106247 37.660823204863355 2251.9999999999977 
-21.383265580106247 37.660823204863355 2273.4999999999977 
-21.383265580106247 37.660823204863355 2369.583333333331 
-21.383265580106247 37.660823204863355 2521.7499999999977 
-21.383265580106247 37.660823204863355 2673.9166666666642 
-21.383265580106247 37.660823204863355 2826.0833333333308 
-21.383265580106247 37.660823204863355 2978.2499999999973 
-21.383265580106247 37.660823204863355 3130.416666666664 
-21.383265580106247 37.660823204863355 3226.4999999999973 
-21.383265580106247 37.660823204863355 3247.9999999999973 
-21.383265580106247 37.660823204863355 3249.9999999999973 
-21.383265580106247 37.660823204863355 3251.9999999999973 
-21.383265580106247 37.660823204863355 3273.4999999999973 
-21.383265580106247 37.660823204863355 3369.5833333333303 
-21.383265580106247 37.660823204863355 3521.7499999999973 
-21.383265580106247 37.660823204863355 3673.9166666666642 
-21.383265580106247 37.660823204863355 3826.083333333331 
-21.383265580106247 37.660823204863355 3978.249999999998 
-21.383265580106247 37.660823204863355 4130.416666666665 
-21.383265580106247 37.660823204863355 4226.499999999998 
-21.383265580106247 37.660823204863355 4247.999999999998 
-21.383265580106247 37.660823204863355 4249.999999999998 
-21.383265580106247 37.660823204863355 4251.999999999998 
-21.383265580106247 37.660823204863355 4273.499999999998 
-21.383265580106247 37.660823204863355 4369.583333333331 
-21.383265580106247 37.660823204863355 4521.749999999998 
-21.383265580106247 37.660823204863355 4673.916666666665 
-21.383265580106247 37.660823204863355 4826.083333333332 
-21.383265580106247 37.660823204863355 4978.249999999999 
-21.383265580106247 37.660823204863355 5130.416666666666 
-21.383265580106247 37.660823204863355 5226.499999999999 
-21.383265580106247 37.660823204863355 5247.999999999999 
-21.383265580106247 37.660823204863355 5249.999999999999 
-21.383265580106247 37.660823204863355 5251.999999999999 
-21.383265580106247 37.660823204863355 5273.499999999999 
-21.383265580106247 37.660823204863355 5369.583333333332 
-21.383265580106247 37.660823204863355 5521.749999999999 
-21.383265580106247 37.660823204863355 5673.916666666666 
-21.383265580106247 37.660823204863355 5826.083333333333 
-21.383265580106247 37.660823204863355 5978.25 
-21.383265580106247 37.660823204863355 6130.416666666667 
-21.383265580106247 37.660823204863355 6226.5 
-21.383265580106247 37.660823204863355 6248.0 
-21.383265580106247 37.660823204863355 6250.0 
-21.383265580106247 37.660823204863355 6252.0 
-21.383265580106247 37.660823204863355 6273.5 
-21.383265580106247 37.660823204863355 6369.583333333333 
-21.383265580106247 37.660823204863355 6521.75 
-21.383265580106247 37.660823204863355 6673.916666666667 
-21.383265580106247 37.660823204863355 6826.083333333334 
-21.383265580106247 37.660823204863355 6978.250000000001 
-21.383265580106247 37.660823204863355 7130.416666666668 
-21.383265580106247 37.660823204863355 7226.500000000001 
-21.383265580106247 37.660823204863355 7248.000000000001 
-21.383265580106247 37.660823204863355 7250.000000000001 
-21.383265580106247 37.660823204863355 7252.000000000001 
-21.383265580106247 37.660823204863355 7273.500000000001 
-21.383265580106247 37.660823204863355 7369.583333333334 
-21.383265580106247 37.660823204863355 7521.75 
-21.383265580106247 37.660823204863355 7673.916666666666 
-21.383265580106247 37.660823204863355 7826.083333333332 
-21.383265580106247 37.660823204863355 7978.249999999998 
-21.383265580106247 37.660823204863355 8130.416666666664 
-21.383265580106247 37.660823204863355 8226.499999999998 
-21.383265580106247 37.660823204863355 8247.999999999998 
-21.383265580106247 37.660823204863355 8249.999999999998 
-21.383265580106247 37.660823204863355 8251.999999999998 
-21.383265580106247 37.660823204863355 8273.499999999998 
-21.383265580106247 37.660823204863355 8369.583333333332 
-21.383265580106247 37.660823204863355 8521.749999999998 
-21.383265580106247 37.660823204863355 8673.916666666664 
-21.383265580106247 37.660823204863355 8826.08333333333 
-21.383265580106247 37.660823204863355 8978.249999999996 
-21.383265580106247 37.660823204863355 9130.416666666662 
-21.383265580106247 37.660823204863355 9226.499999999996 
-21.383265580106247 37.660823204863355 9247.999999999996 
-21.383265580106247 37.660823204863355 9249.999999999996 
-21.383265580106247 37.660823204863355 9251.999999999996 
-21.383265580106247 37.660823204863355 9273.499999999996 
-21.383265580106247 37.660823204863355 9369.58333333333 
-21.383265580106247 37.660823204863355 9521.749999999996 
-21.383265580106247 37.660823204863355 9673.916666666662 
-21.383265580106247 37.660823204863355 9826.083333333328 
-21.383265580106247 37.660823204863355 9978.249999999995 
-21.383265580106247 37.660823204863355 10130.41666666666 
-21.383265580106247 37.660823204863355 10226.499999999995 
-21.383265580106247 37.660823204863355 10247.999999999995 
-21.383265580106247 37.660823204863355 10249.999999999995 
-21.383265580106247 37.660823204863355 10251.999999999995 
-21.383265580106247 37.660823204863355 10273.499999999995 
-21.383265580106247 37.660823204863355 10369.583333333328 
-21.383265580106247 37.660823204863355 10521.749999999995 
-21.383265580106247 37.660823204863355 10673.91666666666 
-21.383265580106247 37.660823204863355 10826.083333333327 
-21.383265580106247 37.660823204863355 10978.249999999993 
-21.383265580106247 37.660823204863355 11130.416666666659 
-21.383265580106247 37.660823204863355 11226.499999999993 
-21.383265580106247 37.660823204863355 11247.999999999993 
-21.383265580106247 37.660823204863355 11249.999999999993 
-21.383265580106247 37.660823204863355 11251.999999999993 
-21.383265580106247 37.660823204863355 11273.499999999993 
-21.383265580106247 37.660823204863355 11369.583333333327 
-21.383265580106247 37.660823204863355 11521.749999999993 
-21.383265580106247 37.660823204863355 11673.916666666659 
-21.383265580106247 37.660823204863355 11826.083333333325 
-21.383265580106247 37.660823204863355 11978.24999999999 
-21.383265580106247 37.660823204863355 12130.416666666657 
-21.383265580106247 37.660823204863355 12226.49999999999 
-21.383265580106247 37.660823204863355 12247.99999999999 
-21.383265580106247 37.660823204863355 12249.99999999999 
