133
0.006627291104017656
0.006680972760885771
0.007259202700025433
0.009869378027677844
0.014122387002320491
0.018577030977909803
0.02330198333153917
0.02836491631072957
0.033852278752495635
0.03758210815748564
0.038446113386750275
0.038527075522526405
0.038608139443700895
0.03948700528657839
0.043569445589663164
0.05062079938908212
0.05850871108786282
0.06740162837014363
0.07748864422287788
0.08900183832004799
0.09712380852817526
0.0990399965268629
0.09922017805456895
0.09940069154060233
0.10136872809194081
0.11063964912509505
0.12718324503199752
0.14638436222138895
0.16874843750803126
0.1948905846827672
0.22556904282204293
0.24764372785966038
0.2529052597202559
0.2534007834829395
0.2538973532939168
0.2593022591487142
0.2850160203105385
0.331617212360261
0.38643176744484786
0.4507955104606096
0.5256727722090164
0.611237868678395
0.669895686735507
0.6833728055280637
0.684631429483193
0.6858907553927676
0.6994640858167438
0.7601987616585073
0.8499032729697298
0.921156682409082
0.9686930195412904
0.9918149144227186
0.9889741562993173
0.9724588870791884
0.9669893486579095
0.9664503449434196
0.9659055628457676
0.9596813862110558
0.9233367850651097
0.8344004738491675
0.7066246797068105
0.5455732543498568
0.3607151763488732
0.1613323597663081
0.031810598431949444
0.0026947292798480404
-1.4131885964552282E-5
-0.0027229928196055297
-0.031869476437282884
-0.16139273825454303
-0.3606452372045359
-0.5454971793562668
-0.7065604320309724
-0.8342087400792586
-0.923153603236476
-0.959670088607921
-0.9658931780088267
-0.9664378013458235
-0.9669766458664988
-0.9724090815375321
-0.9889919057236254
-0.9917145356850243
-0.9686376990349128
-0.921081536541517
-0.8499069734766236
-0.7600920641560611
-0.6994261257432886
-0.6858683634339648
-0.6846096192477065
-0.6833513989465141
-0.6698411164994993
-0.6111235362309348
-0.5256032626597844
-0.4507682525803913
-0.38645535722343594
-0.33164439018791514
-0.2850463416043756
-0.25932395172631595
-0.2539297123512372
-0.25343397936573364
-0.2529392691255836
-0.24768520978556285
-0.22559724360462008
-0.19494617854980234
-0.16879752132992565
-0.14641184405432783
-0.12721116994825632
-0.11066178596750953
-0.10139135979547231
-0.0994294408516454
-0.09924894206141133
-0.09906877766129141
-0.09715300177030262
-0.0890511309511382
-0.07751539202708307
-0.06742235169379313
-0.05852629617718391
-0.050632865488511286
-0.043579998117371926
-0.03949291865021093
-0.03861345638849392
-0.03853225408050048
-0.03845115405604446
-0.03758571103164371
-0.033858331357927374
-0.028368945684876024
-0.02330520520920125
-0.018581223223849128
-0.014126356820960778
-0.009871183946636733
-0.0072601234787232
-0.0066818810196620365
-0.006628185242452317
