133
0.006618665674012182
0.006672266938081317
0.007249030045480671
0.009856423306372791
0.014102767276317346
0.01855139409515935
0.0232679683913658
0.028324641182091298
0.03380382371710708
0.037524224802356954
0.038387210653009096
0.03846808320832154
0.0385484441580303
0.03942542788579473
0.04350082630669372
0.05053917811966577
0.058409899244581176
0.06729150046351207
0.07734622447619222
0.08883616974986075
0.09694070255433695
0.09885117824465395
0.09903523966263938
0.09921558920999696
0.10117333050945854
0.11043349443369299
0.12692856476642178
0.14609634937544191
0.16838719924573708
0.19446005221239393
0.22504769730926832
0.24709540518460105
0.2523361990327013
0.2528297524801484
0.25332434651586366
0.2588163794372704
0.28433012614992115
0.3307375503494645
0.3854151830777366
0.44966647851145547
0.5243596026519803
0.6100149604782708
0.6689175923417627
0.6824826431967996
0.683749458049876
0.6850170914856686
0.6986898556741394
0.7601725658098824
0.8512805403844999
0.9231473679081708
0.9708868027600523
0.9942350807036959
0.991999323833693
0.9758758286886868
0.9704737346294889
0.9700205620440165
0.9694504724894184
0.9633347193482287
0.9273750168371162
0.8388465687324311
0.7104296395771277
0.548266454756801
0.3623271320335437
0.16196009002617906
0.03187492387633739
0.0026120852748823253
-1.0871053881889026E-4
-0.002829441738028571
-0.032068591895895615
-0.16207321242937134
-0.3622363666579602
-0.5480306760883398
-0.7103035229602304
-0.8386971740246922
-0.9273948636754827
-0.9633120301391829
-0.9694231877762549
-0.9699572781160146
-0.9704855626587605
-0.9757228349669651
-0.9919296462246638
-0.9941719860463047
-0.9708251627730666
-0.9231003716795927
-0.8512263550171695
-0.7601242808747579
-0.6986943855604144
-0.685102320162795
-0.6838376422612096
-0.6825739256451593
-0.6689080151141256
-0.6099022723928544
-0.5242598818030144
-0.4495799154702156
-0.3854494458947062
-0.3308002778240604
-0.28431917394344897
-0.25868878430676556
-0.25330744090744184
-0.25281292028656144
-0.25231942525245965
-0.24707857851323944
-0.22506927713839486
-0.1944922863619023
-0.16845214169371203
-0.1461217732429353
-0.12694704808192125
-0.11045459351665476
-0.10119993438482161
-0.09924102921668554
-0.09906100560883851
-0.09888131283116447
-0.09697031623198332
-0.08886893046348798
-0.077382922326378
-0.06730687994143292
-0.05842442186512892
-0.05054894275903582
-0.043509848901529063
-0.03943185817144146
-0.038554883927688105
-0.03847371570300681
-0.03839281563588512
-0.037529838861688036
-0.033808232630122004
-0.028329385950051522
-0.023272582098872646
-0.01855606048428353
-0.014105745484954732
-0.00985712464450518
-0.007249804055865124
-0.006672400523097359
-0.00661878575484421
