133
0.006601307664244042
0.0066547651586473175
0.00723044719765864
0.009830611903130622
0.014066377905542979
0.01850147430737474
0.02320214917320887
0.0282422722774143
0.033704349167315795
0.0374092667974584
0.03827019688430425
0.03835087740709836
0.038431659871802276
0.03930925795541804
0.043372015385330254
0.050383563713751245
0.05822740350629724
0.06706190159873182
0.07708209713008701
0.08850989071001025
0.09658251837290965
0.09848504694713545
0.09866414635670817
0.0988435791660322
0.10079289795032564
0.11000288068359154
0.12641981429895954
0.1454613561316107
0.1676516938261915
0.1936076208499926
0.2240274840689458
0.2459201565585023
0.2511223899524002
0.25161364136096864
0.25210592704443435
0.257463924830333
0.28297186953101283
0.32919816007264835
0.38354803286776895
0.447558465610848
0.5221760887481435
0.6080983222618905
0.6677500302713089
0.6815610713151794
0.6828528614311637
0.6841457757273663
0.6981108997225522
0.7613647893729567
0.8559938882001603
0.9282487880311212
0.9757798382370719
0.9993551319979215
0.9980138816359361
0.9827173279033277
0.9776056540712244
0.9770977913685384
0.9764598741315016
0.9705456453155845
0.9355873185028996
0.8479335030334374
0.7179823321599352
0.5532339333377765
0.36518476815537504
0.16319953937320086
0.032178231137526936
0.00271856591070474
-2.1913496624392792E-5
-0.0027719280558882176
-0.032215965690507886
-0.16321156697382033
-0.3651077481578664
-0.5530555397286463
-0.7173268140811064
-0.8477484980003611
-0.9355615507502204
-0.9703948512517018
-0.976295002298726
-0.9768231053213556
-0.977332996481123
-0.9824605862684264
-0.9978014403410267
-0.9993345371375746
-0.9757367113641289
-0.9281947185644208
-0.8558220574462014
-0.7611331747748018
-0.6979510594637164
-0.6839603522327948
-0.6826963484207558
-0.6814028688039078
-0.6675721066951774
-0.6079334138656804
-0.5220499864260804
-0.4474736749757202
-0.38359018648747734
-0.32917517446345124
-0.2830052733879109
-0.2574945881770776
-0.25213706024287985
-0.2516449292592484
-0.25115385132904144
-0.2459399067183834
-0.22404344904615048
-0.19363690995461424
-0.1676935984588398
-0.14550548548754172
-0.12643714574624265
-0.11002639695931704
-0.10081930559453833
-0.09886982211530831
-0.09868909459301789
-0.09850914952329454
-0.09660921885247709
-0.08849241478916559
-0.07711071287057236
-0.06708040767628848
-0.05823867238719216
-0.050391565379280745
-0.04337930972763135
-0.03931240152634505
-0.03843234822732344
-0.038351615272614936
-0.03827098429849074
-0.037410551782929735
-0.03371053019959899
-0.028247117344655903
-0.023206006110164545
-0.018504957706663605
-0.014069137822719346
-0.009832047790586315
-0.0072314163319894195
-0.006655439924207147
-0.006601956901144096
