133
0.006620579243358626
0.006674212556797579
0.007251560503546223
0.009859581387230289
0.014107893302584246
0.01855691914171087
0.023275532586899655
0.02833217277745878
0.033814723220609744
0.03753748961359424
0.03840047364543081
0.038481398310692666
0.03856242554071082
0.03944032416208246
0.04351833771309355
0.050558409492771045
0.05843449295812925
0.0673124281078985
0.07738324189126988
0.08887773787509778
0.0969842654563447
0.09889734890056062
0.0990772797593546
0.09925754210495646
0.10122240364003487
0.1104720616362247
0.1269833390774593
0.14614498460787162
0.1684710133018279
0.19455708694220464
0.22514853810547675
0.24717066674024357
0.25242022656085816
0.2529146085472693
0.2534100316777268
0.25880494521593667
0.28445556484647594
0.33090942243646726
0.38560294503149906
0.4497830861252732
0.5244810492642658
0.6099732404246891
0.6688982778509036
0.6824461622951334
0.6837141535616977
0.6849828920467722
0.6986630271841587
0.7599928903960844
0.8510431743677036
0.9227984287040361
0.9704927784203168
0.9938561777767552
0.9915661202232284
0.9753240451371816
0.9700195903669497
0.9694897941288136
0.9689543205834594
0.9629719738689788
0.9270961910224687
0.8387491541102152
0.7101504002328811
0.5479833289857075
0.36205233945335547
0.16190215279205855
0.03190679460319856
0.002671712304151086
-4.70871217261859E-5
-0.0027658718337075783
-0.03198747149352332
-0.1619476511364022
-0.3620270040460456
-0.5478569947536087
-0.710111154430896
-0.8384585472627792
-0.927015525328776
-0.9628520825125841
-0.9689455940323759
-0.9694785807951076
-0.9700058622372278
-0.9753173882510735
-0.9915564502169385
-0.9937799413209341
-0.9704189443208859
-0.9227222696328408
-0.851004118325029
-0.7599187489252675
-0.6985749150163247
-0.6849220487734748
-0.683653697284266
-0.6823860523831562
-0.6688078153023476
-0.6099258453947325
-0.524389964150489
-0.44975118782702905
-0.38561072469000135
-0.33094188901095944
-0.2844680294535553
-0.25882846359866885
-0.25343848855794815
-0.25294373247198676
-0.2524500120869544
-0.24720735999719512
-0.22517630634854724
-0.1945954901166359
-0.1685050849368942
-0.14617504699421402
-0.12701822481131786
-0.11049971263277958
-0.10123853223109713
-0.09928055772367406
-0.09910040515873181
-0.09892058795171704
-0.09700709580952821
-0.08890222110325385
-0.07740885342092646
-0.06733432584978832
-0.0584517508558558
-0.05056886470937383
-0.04352756466742225
-0.039445786011470085
-0.03856759686958183
-0.038486512373131776
-0.03840553007999825
-0.0375421508666588
-0.033818989415034195
-0.028337585852056785
-0.023279441152814745
-0.0185616458896571
-0.014110647067113874
-0.009860838690426574
-0.0072524342029300845
-0.006674790272907141
-0.006621152734938726
