133
0.006599245794545253
0.0066526895223568555
0.007228298640487796
0.009828281812147024
0.014063471695395999
0.01849747443731574
0.02319728818949876
0.028237754783459468
0.033697897802885485
0.037404872377314935
0.03826514884537774
0.03834577014837723
0.03842649370735865
0.039300527431557736
0.043360997024314396
0.05037046391403496
0.058210158669523115
0.06704546846126597
0.07706122198444565
0.08848823535467021
0.09655563116366983
0.09845890703390237
0.09863783076366661
0.09881707517854976
0.10076513938509929
0.10996547887266384
0.12638604078527094
0.14542964365553246
0.16759909869942657
0.19353456640086908
0.22393132776020974
0.2458036618262025
0.2510163735818607
0.25150746528210055
0.25199959835959307
0.25735645907197546
0.28283544166715524
0.32899358741001716
0.3833199573212436
0.44697895637053664
0.5216415046406606
0.6073551004462234
0.6669082049253547
0.6807048490775633
0.6819958997500062
0.6832880940818997
0.6972692826230507
0.7605693007098018
0.8555089110060723
0.9281502521424239
0.975937850067881
0.9997337714337107
0.9984360494895173
0.9833714672325087
0.9783818385958236
0.9778771777216324
0.9773669610059788
0.9715407053288265
0.9366955172839084
0.8492531150671425
0.7188158995940466
0.5539142410824365
0.36559418392813026
0.1634041191225224
0.032196900464072975
0.002717147569009981
-2.5611688307947134E-5
-0.0027683806896909857
-0.03224946913073534
-0.16341226290466437
-0.365570114300783
-0.5538307635390023
-0.7188158569019896
-0.8491576904531781
-0.9365643801995258
-0.9713010340307218
-0.9772087913055634
-0.9777185511914359
-0.9782228118104674
-0.9832992943013226
-0.9983898541394547
-0.9996861062709099
-0.9758704412935062
-0.9281045278890181
-0.8554332276568961
-0.7603414676969646
-0.6971083503314479
-0.6831913534795544
-0.6818978474331687
-0.6806056591390139
-0.6667997485756261
-0.6072653588077488
-0.521525769783783
-0.4471135220747442
-0.38332399865807454
-0.3289960414496367
-0.2828459414859823
-0.25735061308077833
-0.2519977269052287
-0.2515058243990702
-0.2510378790016712
-0.24582911698310328
-0.2239617862563441
-0.19356864199166568
-0.1676474891031683
-0.14545658471996725
-0.1264081531933562
-0.10999418201838362
-0.10079149503180063
-0.09884214379929301
-0.09866284513788681
-0.09848387919018808
-0.0965808416116386
-0.08851999583036618
-0.07708577313812776
-0.06706354246630358
-0.05822501570587746
-0.05038053590617686
-0.04337069232608595
-0.03930442240691068
-0.03842928391491304
-0.03834857208832054
-0.03826796483494821
-0.037407962144372364
-0.03370428396396308
-0.028242321391866
-0.02320287873196425
-0.018501429283337034
-0.014065939516021655
-0.009829843588001673
-0.0072297004239015306
-0.006653862593131374
-0.006600395208183889
