133
0.006591739703548628
0.006645151305523851
0.007220087633805938
0.009816156450432073
0.014044340261025107
0.018469911678261577
0.02316457488883958
0.0281990757053725
0.03364847425575623
0.03734818641614582
0.038206407563494166
0.03828682664828398
0.0383673470307942
0.03923963316436352
0.04329192642964408
0.05028669800795321
0.05811032997013743
0.0669269672608866
0.07691220420940659
0.08833397602443438
0.09638270833509277
0.09828521138167562
0.09846404314583135
0.0986431926078139
0.10058951101384472
0.10977703279758655
0.1261657199327053
0.14513241199450766
0.16724691247741308
0.19310919203154508
0.22346125017610396
0.24523229663032975
0.2503341532116141
0.2508237861878959
0.25131443291649225
0.2566539322745134
0.28213261890119123
0.32824202443012207
0.38242854507896973
0.446353163664011
0.5208207010520853
0.6067623394054831
0.6666630180088533
0.6805533107750801
0.6818543609471437
0.6831565382051665
0.6972361272310446
0.7610053320842702
0.856609785578871
0.9298548949837002
0.9777526991787067
1.00163030760576
1.0005371897112179
0.9853975418317944
0.9803915582883196
0.9798901214499622
0.9793831151829036
0.9735760231344024
0.938975113417527
0.851560754898192
0.7208672291330185
0.5553618338277202
0.3666776578633204
0.16364622235088433
0.03218006731899958
0.0026030073185676628
-1.4838056041810432E-4
-0.002899669134071914
-0.03246653050797832
-0.16394108467530177
-0.3664887919042963
-0.555120638609286
-0.7208007629238331
-0.8514866880636287
-0.9389845575098654
-0.9735083463824381
-0.9792997492758415
-0.9798069731302874
-0.9803086980716689
-0.985133654385212
-1.0004530788347719
-1.001588628196786
-0.977711915522189
-0.9297892544994184
-0.8565389754245629
-0.7609745393704843
-0.6971612548857471
-0.6830925295307106
-0.6817907541447394
-0.6804901644423351
-0.6666026412197779
-0.6066745752247322
-0.5206824001840689
-0.44626397265900586
-0.382531843908811
-0.32828249189696357
-0.2822263851327318
-0.25677492063057095
-0.2514304921646966
-0.25093968412609846
-0.25045070627677424
-0.24527072683891338
-0.2234644511907975
-0.1931582377903236
-0.16726716579063994
-0.14516120412879596
-0.12614449202627565
-0.10978531701952177
-0.1006088071198405
-0.09866892012297929
-0.09849038185500986
-0.09831216872840642
-0.09641684642001769
-0.08838008239340706
-0.07695861377312374
-0.06694504094678988
-0.058129604829176174
-0.05030187770014177
-0.04330337464052059
-0.03925084689650368
-0.03837800169859035
-0.03829749283699585
-0.038217097993018034
-0.037351911221878115
-0.03365364912436025
-0.02820622168095968
-0.023173493328684763
-0.018478062183353988
-0.014044117868040995
-0.009814660224737204
-0.007219092049317144
-0.006644301464909311
-0.006590965947597442
