133
0.006620438094793943
0.0066740593797607745
0.007251510133776895
0.009859296319095004
0.014108584067050123
0.01855868584189649
0.023276293805120835
0.028334160232425798
0.033814203955166516
0.03753801172091045
0.03840023487893565
0.038480974603991275
0.038561819209886994
0.03943922727592372
0.043520101244474724
0.050558740874305425
0.058434466492293335
0.06730971153563403
0.07738355559225685
0.08887730369507574
0.09698865840385967
0.09890253133655469
0.09908251249398703
0.09926282948703141
0.10122670724020322
0.11048445423373798
0.12698817951469143
0.14615098690616812
0.16848037704416607
0.19458309970759058
0.22517837217450243
0.2472094061901704
0.2524524728981905
0.2529462817656598
0.2534411368098055
0.2588420201633559
0.284535758922027
0.33100801378307554
0.38578219703473704
0.45009218938755247
0.5250044777876384
0.6108005897643984
0.6697748110652393
0.6833527868875047
0.6846216566173444
0.6858914213178204
0.6995889825471586
0.7608894668363164
0.8517031814786558
0.9230855006602949
0.9705549870170911
0.9936685188241698
0.9907616574970204
0.9746329539690812
0.9692400483805628
0.9687036967319331
0.9681615997483206
0.9619858709268643
0.925732952693834
0.8368626490799036
0.7088261464983123
0.5470810206553693
0.36163519338968264
0.1616944710383672
0.03183759330304792
0.002633698967761333
-8.311343826061801E-5
-0.0027998845713481657
-0.03199013221100788
-0.1618085085883072
-0.3615809604093654
-0.54687078381885
-0.7086193377235759
-0.8367395097952075
-0.9255419327934602
-0.9618474001773976
-0.9680257913429218
-0.9685666458463489
-0.9691017969944236
-0.9744824253430728
-0.9909697362274521
-0.9936221159584937
-0.9704649993267855
-0.9230303842325522
-0.8516344882185374
-0.7608043790905374
-0.6994875068327735
-0.6858451467027793
-0.684575284481332
-0.6833058669050747
-0.6696528910390449
-0.6106622434756308
-0.5249394857904641
-0.4500650555049983
-0.3858026627457627
-0.3310464003384914
-0.2845312390732393
-0.25887556482322527
-0.2534730203791342
-0.25297757567651313
-0.25248318084608856
-0.247234387439917
-0.22519764439158352
-0.19461146849446065
-0.16852105328769462
-0.14617609036697754
-0.1270658423808021
-0.11050278389523249
-0.10124998915104944
-0.0992914541294056
-0.09911121497896569
-0.09893130597912392
-0.09701802222380396
-0.0889091617765182
-0.0774111880125517
-0.06733558578317173
-0.05844776941760105
-0.05056788344900209
-0.043528895532171874
-0.039446989439854224
-0.0385685198515443
-0.03848741529207517
-0.03840641416294055
-0.03754086340672602
-0.033819183001128794
-0.028337923435512252
-0.02327961053577235
-0.018561575512300005
-0.014110941234731791
-0.009860511981723476
-0.007252233597969081
-0.006674809592972224
-0.006621173406093077
