133
0.006599458525547337
0.006652911791997958
0.007228608426005506
0.00982811090416378
0.014060858294795933
0.018498307030900274
0.023196591446113718
0.028237936669880254
0.03369705485158089
0.037398926839462276
0.038259539038469736
0.038340153532056276
0.03842087612713155
0.03929576761760259
0.04335514359247783
0.05036843529056034
0.05820194874443496
0.06703638614660407
0.07706014512371828
0.08848421165217313
0.09656142612867402
0.09846388960430297
0.09864266164448166
0.09882174489354656
0.1007678142637986
0.10995881445052613
0.12638043472539306
0.14542302390122508
0.16764281000322834
0.19354798133767104
0.22397304622866
0.24585966331859233
0.2510530517383962
0.2515432244781932
0.2520344516505184
0.2573825993712704
0.2829043643127054
0.32917811579530265
0.38364463768642776
0.44770599178710446
0.52254088164233
0.6088177707394364
0.6686639563748766
0.6825677611875101
0.6838662565375113
0.6851576445738723
0.6991450939789625
0.7624667420828848
0.8568742104605755
0.9288697153155754
0.9761705591465786
0.9995145467372915
0.9978908066872281
0.9818901753880578
0.9766548675816988
0.9761377593726186
0.9756150257084508
0.9696462906067964
0.9342447012121902
0.8460392676995854
0.7159879918081007
0.5522964714069456
0.36493699606237406
0.1629440515521834
0.031995445304229264
0.0025863813252318124
-1.4976301147040516E-4
-0.002885789431239516
-0.03230131765394617
-0.1631673451083362
-0.3648405133756629
-0.5522767881517741
-0.7159749778597986
-0.8458083859158068
-0.9341714112309631
-0.969519670274952
-0.9755699794894808
-0.9760931905086458
-0.97661073523631
-0.9818202406218086
-0.9974570859408338
-0.9994213304190378
-0.9761000330246254
-0.9288482837913099
-0.8568181589634882
-0.7624062684212598
-0.6991078598058671
-0.6850965390246953
-0.6837989852466615
-0.682502508097655
-0.6686473549699441
-0.6087615588279265
-0.5224763083134896
-0.44772127794360506
-0.3836913475824917
-0.32917294883799064
-0.28293735957639843
-0.2574267341287757
-0.2520828030855684
-0.25159085136326786
-0.25109997588698074
-0.24588532121739703
-0.22401781223222494
-0.19359069886818048
-0.1676406211208299
-0.14546675685124766
-0.12637864577027236
-0.1099963919634217
-0.10079856108880547
-0.09885330615861687
-0.09867408667498806
-0.09849519776528598
-0.09659281892459315
-0.0885311633990642
-0.07709332130025948
-0.06705104972101689
-0.05822003373735429
-0.05037777421619355
-0.04336361609676456
-0.03930599266989698
-0.03843132983572195
-0.03835065249997788
-0.038270082892895796
-0.037410376076105756
-0.03370541930023291
-0.028239966774384534
-0.02320109382118253
-0.018498619395394947
-0.014065837933398731
-0.009828579627480377
-0.007228846902600734
-0.006653355930679963
-0.006599910907078878
