133
0.00662061485178677
0.006674247297904258
0.007251810163535495
0.009859597903916453
0.014108267751371029
0.018557040370337452
0.023275696737786344
0.02833330201790832
0.03381381873104136
0.03753500913539046
0.03840078136571912
0.03848175186017144
0.038562829234856655
0.03944113548096145
0.043522195776885764
0.05055917626495815
0.05843791201887438
0.0673133950297376
0.07738791902304587
0.08888229835700878
0.0969891565049189
0.09890294839614189
0.09908291110935019
0.09926321257048731
0.10122305458019337
0.11048353001995981
0.12701607985545327
0.1461630284530111
0.16849449974406205
0.19459789927020488
0.22519523372618022
0.2472434109232282
0.25249404590301183
0.2529886139009041
0.25348423835618683
0.25888156126845296
0.28456285991482555
0.33107660213586887
0.3858917970956335
0.4502430857920068
0.5252156224199842
0.6110503937881129
0.6701401283275024
0.6836918344282865
0.6849574609053422
0.6862238364784154
0.6999208289024956
0.7612357199687332
0.85188443607057
0.923201208302542
0.970542027694794
0.9935575847410973
0.9906995893535129
0.9742439289804663
0.9688000890033113
0.9682608363314209
0.9677159194997564
0.9614957356240232
0.9251697697479058
0.8360928532796956
0.7082248540462457
0.5466934503548648
0.361460257764854
0.16163160092156748
0.03187660785707891
0.0027022896586847978
-1.1853904230640921E-5
-0.002725965215504722
-0.03190402080340604
-0.16172174428392783
-0.3613701280171231
-0.546603593182386
-0.7080828717096175
-0.8360915712690717
-0.9250286672156252
-0.9614752235739541
-0.9677004016016548
-0.9682449333113397
-0.9687836528413349
-0.9741649492558082
-0.9907315581172345
-0.993493711142424
-0.9704837038864564
-0.923105330047326
-0.8517421380546262
-0.7611269156556153
-0.699853937975051
-0.6861930221900701
-0.6848840330324308
-0.6836160156972899
-0.6700610257058126
-0.6110009808280115
-0.5251735616308961
-0.45023636883118856
-0.3858887433348126
-0.3311063309695852
-0.28459307751845264
-0.25904081149357117
-0.2537292968359317
-0.2532344077313462
-0.25274053787988215
-0.24749544890710995
-0.2252221905209275
-0.1946270359666964
-0.1685266242533927
-0.14618507470175202
-0.1270217605031353
-0.11051033569544799
-0.10125281437539208
-0.0992963759900079
-0.09911632386922081
-0.09893660042063118
-0.09701859313529831
-0.0889067432295646
-0.0774144601057028
-0.06733684076416402
-0.05845198258238182
-0.05056945257908879
-0.04352945330273306
-0.03944917909878656
-0.03856981569120363
-0.03848861495575645
-0.03840751538018014
-0.03754076948835161
-0.0338219742733506
-0.028338238166869423
-0.02328097197220154
-0.018562567796699778
-0.014111755900094322
-0.009861297980984694
-0.007252739060216007
-0.0066750902590236375
-0.006621452240227324
