133
0.0066002787926322665
0.006653727165489738
0.007229165849786771
0.009829002900561136
0.01406484009863794
0.018499223984100227
0.023199495889968502
0.02823923029806727
0.03369859792573665
0.037403606318521354
0.038263630271773985
0.038344363029236245
0.03842589949053929
0.039301052635656336
0.043365475555898925
0.050375925170877356
0.05821710181292761
0.06704929434521045
0.07707296446328521
0.08850345774043022
0.09657227643856853
0.09847600979323767
0.098654009959038
0.09883333752162449
0.10078322548356156
0.10999100910179671
0.12637244335225362
0.14545615165315084
0.1676598854945862
0.1936086707995741
0.2240267066188537
0.24592897775125988
0.2511425743944531
0.25163421060260016
0.25212691162147416
0.25749151216906574
0.2830260749117155
0.3293278189223541
0.3838825961314527
0.4480442263368807
0.5230400154546713
0.6094750808091289
0.669451110962715
0.6833296848451562
0.6846261640071036
0.6859237232886741
0.6999347440750787
0.7630958912303991
0.8571252190765093
0.9289216341328084
0.9760318188792017
0.9991468720576338
0.9969654028326254
0.9809435941722127
0.9755949651406484
0.9750670434898945
0.9745334732962281
0.9684361456654527
0.9327621640806933
0.8440939415046342
0.7147163195916795
0.5514350893288844
0.3643409907292101
0.1629094615250848
0.03212278476843977
0.002724244167811918
-9.364533780420459E-6
-0.002742876543037731
-0.032129628656789144
-0.16292866282691776
-0.3643048080866649
-0.5512876399731459
-0.7145429042537161
-0.8437984356506671
-0.9325187102404735
-0.9683923175957103
-0.9744602831795044
-0.9749929268046449
-0.975519798712468
-0.9808273585183018
-0.9968854490825683
-0.9990878518840898
-0.9759553556521237
-0.928827265958307
-0.8570007065920215
-0.7630788400466448
-0.6998550546418358
-0.6858704657017705
-0.6845752225657913
-0.6832810246119907
-0.6694396909536975
-0.6094203531219611
-0.5229841846982488
-0.4480003544503224
-0.3839094641104901
-0.32934702384653125
-0.2830406842738096
-0.25738296885547296
-0.2520182441587082
-0.2515253713213228
-0.25103485898073075
-0.24582839728196282
-0.22406449255290517
-0.19364267296161375
-0.16769444740406247
-0.14549588412115855
-0.12643024216798093
-0.11001355346573205
-0.100814478876319
-0.09886512499895134
-0.09868570607856236
-0.09850661447943315
-0.09660190612875619
-0.08853603320848202
-0.07710019079678809
-0.06707235783092319
-0.058229818013742274
-0.05038577546019621
-0.04337217704358784
-0.03930626023372763
-0.03843262396540101
-0.038351949128663576
-0.03827137367682826
-0.03741266541166924
-0.03370622428519046
-0.02824453579508393
-0.023203829967467338
-0.01850263730716012
-0.014067661759112879
-0.0098309191428394
-0.007230484252474023
-0.006654633325047295
-0.0066011616322837335
