133
0.0066167620458608065
0.006670365245152424
0.007247723360064504
0.009854443008375728
0.014101135743016885
0.018547600776063766
0.02326338703282249
0.028315476428792702
0.03379461407301129
0.03751522306602478
0.038376660632086584
0.03845758575531921
0.03853861300369904
0.039416173266181714
0.0434938410222033
0.05052760150198607
0.0584016798241605
0.06727060267122825
0.07733396367193507
0.0888116539728343
0.09691217005753372
0.09882337916938794
0.09900311326157413
0.09918318288221006
0.10114038036220857
0.11039644142725646
0.12689095016489105
0.14604211713207393
0.16834713030588422
0.19440731977401826
0.22498771869509437
0.24700404150323618
0.2522472192164793
0.2527413284047708
0.2532364787795749
0.2586257107875862
0.2843011245018343
0.33075011774954866
0.3855071148522895
0.4497715958797106
0.5247091052528119
0.6105903786175295
0.6697738893342517
0.6833664755525453
0.6846362207291756
0.6859067752322408
0.6996206285819082
0.7611815117310683
0.8522284393651245
0.923853640379031
0.9713729427918576
0.9945258707425211
0.9919944181286997
0.9755748786042515
0.9702117404128874
0.9696792151636577
0.969140914730529
0.9629862153957562
0.9267720400458366
0.8379520219822858
0.7097402648752515
0.5476023480931413
0.36206532201239394
0.16192397454537755
0.03194000461758151
0.002720874366312742
2.53442203135279E-6
-0.0027157702569819975
-0.03193741097259917
-0.16194380755941662
-0.36198470279417805
-0.5477002119595857
-0.709620970952054
-0.8378844250410511
-0.9265770587482418
-0.9629448960707343
-0.9691078993618696
-0.9696481503309347
-0.9701826555471014
-0.9755691229786692
-0.9918837156465354
-0.9944428248251445
-0.9713066062317868
-0.9237722683528569
-0.8521583717004226
-0.7610906335039722
-0.6996184102471465
-0.6858687866959072
-0.6845937000478992
-0.6833192915455908
-0.6697264578791908
-0.6105972871703256
-0.5246435945077685
-0.4497539729199209
-0.3855785449971991
-0.3307721356094431
-0.2843364920358258
-0.2587695746255543
-0.25331685798558357
-0.25282289447860173
-0.2523299498422016
-0.2470945333592529
-0.22504148739931784
-0.19444617971611744
-0.16839760201249054
-0.14605936162829314
-0.1269328055305482
-0.11042139483631308
-0.10117040400569921
-0.09921449908104696
-0.09903442401363527
-0.0988546753917926
-0.09694282821278011
-0.08883471802804421
-0.0773721691773645
-0.06729224737864237
-0.05841437036350866
-0.05053759588120432
-0.043502663477084036
-0.03942591367231976
-0.03854818315537403
-0.03846712665426233
-0.03838616988443605
-0.03752610745238366
-0.03379967950642107
-0.02832143071344681
-0.023266337435301168
-0.01855137334759062
-0.014103999884987048
-0.009856280792323868
-0.007248942554468535
-0.00667158174062045
-0.00661797120338109
