133
0.006587466616603588
0.006640833147102447
0.007215060162739609
0.009808728421884058
0.014035582040906491
0.018460944004208446
0.023149417980238535
0.02818076763202146
0.03362898750076643
0.037325270776320835
0.03818422280467354
0.03826457596913116
0.038345028603894854
0.039216257828663614
0.04326455748024549
0.05025406839201563
0.05807498165329339
0.06688370202811611
0.07686501884762037
0.08825820272636525
0.09629317071094973
0.09818719485820926
0.09836545733922358
0.09854404939885542
0.10048801559898207
0.10967175415467789
0.12602599671368986
0.14500497656331457
0.1670995789317089
0.19293001146937905
0.223262291059388
0.24507973062203936
0.25023087860257553
0.25072049965021503
0.2512111611366392
0.2565520874802023
0.2819875958163687
0.32815475099091906
0.38246278075633877
0.4463913877054466
0.5212958585110417
0.6078577476720541
0.6682328378959492
0.6822277833563208
0.6835368161428956
0.6848394965789604
0.6990097299140614
0.7631690495982819
0.8587831625018612
0.9315652530144867
0.9790809178402489
1.0026516965600516
1.0009515973447956
0.9855290847965863
0.9804080483248612
0.9799040672379302
0.9793945554065528
0.9735637709789566
0.9386793611561064
0.8504268647173614
0.7198158055737967
0.554905080897778
0.3663815849077672
0.1637334185953394
0.03232804463370709
0.002770543150410809
2.1583269420588636E-5
-0.002727327444405958
-0.03229109422317933
-0.16372918919930335
-0.3663007450461455
-0.5548778302076851
-0.7198623481462638
-0.8500576423163597
-0.938408648104387
-0.973401348435857
-0.9793722600569081
-0.9798911711127989
-0.9804045969134725
-0.9856278720641045
-1.000828192295847
-1.0025214541114043
-0.9790370275119056
-0.9315259369667421
-0.8586849576448943
-0.763076580084272
-0.698959546029938
-0.6847535029800103
-0.6834421203651546
-0.6821320352403899
-0.66815355067622
-0.6078000385951814
-0.5212539015553408
-0.44640565974083346
-0.3824020822200991
-0.3281447002837785
-0.28202121281981474
-0.25649911864787645
-0.2512126203359657
-0.2507241927096404
-0.25023676211641477
-0.2450589134377703
-0.22327845583010109
-0.19296156810273024
-0.1671304373077671
-0.14501687741452396
-0.12605402329556759
-0.10968889751889466
-0.10051984464768843
-0.09857873007077994
-0.09840015027170895
-0.09822190789369217
-0.09633596906072439
-0.08830436460621005
-0.07689146282591114
-0.06690982443183269
-0.05808854131577873
-0.050257522988751746
-0.0432691166909851
-0.03921882937125806
-0.03834716932260612
-0.0382667815935365
-0.038186487491747245
-0.0373292279747372
-0.033629756683444534
-0.028184601233835233
-0.02315366365852839
-0.01846257947627175
-0.014038912442037865
-0.009810757120488407
-0.00721559513948937
-0.006640905336515075
-0.00658755062574469
