133
0.006620423736029099
0.006674056812776122
0.007251702821048214
0.009860196599977014
0.014109083000877848
0.0185580746486588
0.023277102804522498
0.028333013746055152
0.03381540098250024
0.037539819292007226
0.038402671121053694
0.038483625402398275
0.03856468159123083
0.03944255493568813
0.04352211188258187
0.05056191253541359
0.05843820553501661
0.06731957247158993
0.07738889499138196
0.08888029173514989
0.0969913641037427
0.09890363484858916
0.09908354142714898
0.09926378298945238
0.1012220814110894
0.11048392564183351
0.12699559193423893
0.1461590639751531
0.16849115274675552
0.1945832088218672
0.22517968541683575
0.2472007502948621
0.2524494448785808
0.2529437852035925
0.2534391729914993
0.2588542650993184
0.2845066590345473
0.33098814540944654
0.3857488425396216
0.4499505405558093
0.5247203914592578
0.6103334209395346
0.6692659722626058
0.6828511814618365
0.6841203622409755
0.685390361200636
0.6990877122672825
0.760368426892402
0.8512409395010465
0.9228743090065281
0.9704895177252775
0.993760848931796
0.991287318404507
0.9750909913429906
0.9697425969349034
0.9692107734372648
0.9686732259025357
0.962530476670711
0.9265844749280827
0.8380792117008742
0.7096908725527662
0.5476145845335703
0.361884493650928
0.16181504122743107
0.03190154477667573
0.0026913456060446705
-2.6217209706302924E-5
-0.002743759492643605
-0.03195147346350158
-0.16185974596850805
-0.3618331078501509
-0.547593637851036
-0.7096445881398541
-0.8379586676496409
-0.9264943220139372
-0.9624814317472588
-0.9686150109984464
-0.969151785798938
-0.9696828661473722
-0.9750575481710104
-0.9912973900722539
-0.9936764323364837
-0.9704354168404334
-0.922823242154232
-0.8511368509299859
-0.7602668008044842
-0.6989698687324757
-0.6852566949674266
-0.6839908893230469
-0.6827251515475576
-0.669179285862477
-0.6102667542352407
-0.5246450841561683
-0.4499020396559983
-0.38573186151851124
-0.3309856113572127
-0.2845319387153715
-0.25886587065026223
-0.253467417808501
-0.2529729802647811
-0.25247956346088873
-0.24723935942067565
-0.22521739602231516
-0.19461452002796298
-0.16852391367437447
-0.14618823380062795
-0.12702230856106733
-0.11050493305627507
-0.10124391136269684
-0.09928638619189417
-0.09910626446837956
-0.09892648073528104
-0.09701503682585388
-0.08892627006513809
-0.0774124748456323
-0.06734010516361755
-0.05845590609355683
-0.05057217542771256
-0.043528121851598406
-0.03945505206577771
-0.038576177136720985
-0.03849502404908922
-0.038413972372208616
-0.03755155485900136
-0.03382065776851953
-0.028338288997488748
-0.023280221345086533
-0.018562968517322698
-0.014111454059145018
-0.009861505003490617
-0.0072529020797477625
-0.006675144496369474
-0.006621504191376408
