1501
6.506486511282475E-6
2.2618066671394304E-4
4.457136277732001E-4
6.652647623162987E-4
8.848433388337672E-4
0.0011044586258160344
0.0013241198917535169
0.0015438364051367321
0.0017636174344562126
0.001983472248202372
0.002203410114865639
0.0024234403029365307
0.002643572080905588
0.0028638147172631943
0.003084177480499809
0.0033043522501994063
0.003525029234398073
0.0037458449103680534
0.003966810687013416
0.004187936897752025
0.004409234359559415
0.004630713889411015
0.004852386304282263
0.005074262421148699
0.00529635305698585
0.005518669028769144
0.005741221153474016
0.005964020248076008
0.00618707712955063
0.006410402614873353
0.006634043920965997
0.006857470033230131
0.007081823246409921
0.007305872189016495
0.007530524234949869
0.00775549014252646
0.00798077985351666
0.00820640330969083
0.008432370452819325
0.008658690969723486
0.00888537555180302
0.00911243368593348
0.00933987531574492
0.009567710384867527
0.009795948836931453
0.0100246006155668
0.010254245241778169
0.010483780900507007
0.010713915180379646
0.010944068424620958
0.011174907228900868
0.011405854756856654
0.011637612971410638
0.011869879377527051
0.012102655458324937
0.01233596288478754
0.012569806196155726
0.012804194330575565
0.013039136226193085
0.013274640821154426
0.013510717053605778
0.013747373861693238
0.013984620183562807
0.014222464957360681
0.014460009890133574
0.014699148761729189
0.014938905058467206
0.01517929045702987
0.015420309417861058
0.015661742800249637
0.015904871269124224
0.016145628792941
0.016389465357904212
0.016634051785373083
0.016879375231685534
0.017125422853179306
0.017372181806192377
0.017619636446599155
0.017867780092924265
0.01811659673915335
0.018366073566613697
0.018616197756632424
0.01886695649053656
0.019118336949653397
0.01937032631531012
0.019622911768833837
0.0198807835549515
0.02013631267577584
0.020392698090910863
0.02064995586470851
0.020908102061520856
0.02116715274570001
0.021427123981598115
0.021688031833567323
0.02194989236595954
0.022212721643126862
0.022476535729421543
0.02274135068919561
0.023007182586801053
0.023274047486590052
0.02354196145291476
0.02381094055012714
0.02407830968462281
0.024349135342772388
0.024621027915994673
0.024894002879560923
0.025168075708742826
0.025443261878811865
0.025719576865039576
0.025997036142697355
0.026275655187056726
0.026555449473389336
0.026834485121112972
0.027116499869971222
0.02739974029847178
0.027684222051297697
0.027969960773132102
0.028256972108658213
0.02854527170255891
0.02883487519951755
0.029125798244216988
0.029420798307818102
0.02971427910576996
0.030009101337060973
0.03030527898119023
0.030602826017656515
0.030901756425959076
0.031202084185596696
0.031503823276068904
0.0318069876768744
0.032113935789715053
0.032419972849328405
0.03272740882308833
0.033036270490098246
0.033344172314619
0.03365629679744497
0.03396996205673536
0.034285185056995154
0.03460198276272877
0.0349203721384411
0.03524037014863707
0.035561993757821125
0.0358852599304981
0.036210186610474177
0.03653679246514985
0.03686575056434349
0.03720036936442764
0.03753029053140286
0.03785964729519206
0.03819570989923629
0.038533489005121074
0.038873004756789675
0.039212002198220214
0.03955445014587225
0.039898743024556926
0.04024489774294529
0.04059293120970828
0.04094286033351696
0.041294702023042335
0.041654079509482855
0.042010134238724545
0.042368127471223815
0.04272807932497827
0.04309000991798573
0.04345393936824399
0.043819887793750845
0.04418787531250354
0.04455567541679989
0.04492848700843019
0.04530259517879859
0.04567973848029297
0.04605905698713805
0.0464405787736169
0.046824330535681274
0.04721034339903768
0.047598643845223276
0.04799011129936648
0.048382897202564445
0.048777966415954305
0.0491753318260216
0.04957500631925202
0.0499770027821311
0.05038133410114465
0.050788013162778006
0.051197063588202
0.05161676178788471
0.05203138198742205
0.052448288826726475
0.052867582357546544
0.0532893626316297
0.0537137297007243
0.05414078361657809
0.05457266876417893
0.05500657037790413
0.05544319373622075
0.05588257325778462
0.05632474336125309
0.05676973298992255
0.057217598949837856
0.05767075795605997
0.05812464663725497
0.058581481485973974
0.05904128881612375
0.05950409494161152
0.05996992617634411
0.06043880883422842
0.060910769229170825
0.06138583367507833
0.06186402848585826
0.062346984301365205
0.06283210060076827
0.0633204967594963
0.06381220604004462
0.06430726170490986
0.0648056970165874
0.06530265963113452
0.0658075230216989
0.06631673510039854
0.06683549008673151
0.06734860477711846
0.06786473402543985
0.06838766107411898
0.0689140074182894
0.06944384872257275
0.06997726065159005
0.07051634747030094
0.07105767444031452
0.0716027683993809
0.07215167160367508
0.0727044263093709
0.07326107477264271
0.0738192929909503
0.07438483073858182
0.07495431317081247
0.07552778785473191
0.07610530235742957
0.07668690424599567
0.07727264108751908
0.07786256044908946
0.07845551171095749
0.07905366653338597
0.0796561905583667
0.08026313350736758
0.08087454510185521
0.08149902914441315
0.08211935181833407
0.082744151049022
0.08337349546560247
0.08400745369720125
0.08464609437294413
0.08528948612195647
0.08593769757336428
0.08659079735629305
0.0872488540998686
0.08791193643321676
0.08858011298546264
0.08925345238573235
0.08993202326315153
0.09061651790323921
0.0912992782994887
0.09199503707803375
0.09269582638566137
0.09340172351822734
0.09411278334971257
0.09482908196902179
0.09555068891594909
0.09627767373029
0.09701010595183934
0.09774805512039281
0.0984915907757451
0.09924078245769102
0.09999123833676443
0.10075245754028539
0.10151961447091651
0.10229275814053873
0.10307194341519982
0.10385720758071804
0.10464190154299186
0.1054397550653815
0.1062440013374309
0.10705465440170109
0.10787172830075348
0.10869523707714912
0.10952519477344858
0.11036235697669772
0.11120473881250814
0.11205388844985831
0.11290987547948261
0.11377693819713441
0.11464396050849557
0.11552645187113053
0.11640956357827303
0.11729966050875185
0.11819684798258079
0.11910123131977346
0.1200129158403449
0.1209320068643085
0.12185860971167906
0.12279282970247041
0.12373477215669737
0.12468454239437343
0.12564224573551286
0.12660798750013036
0.12758565314080228
0.12856091260160074
0.12954853506697472
0.13054522000149238
0.1315583850244948
0.13257271158057182
0.13359519064888103
0.1346259639527333
0.13566517321544047
0.1367129601603153
0.13776946651066924
0.13883483398981356
0.1399092043210607
0.1409927192277225
0.14208552043311107
0.14318774966053704
0.14429954863331407
0.14542105907475278
0.1465511580307235
0.14769121579945854
0.14884085162432192
0.15000015599429917
0.15116685102757788
0.1523437695678279
0.15353049734002489
0.15472721411367185
0.15593409965827199
0.1571513337433268
0.15837909613833945
0.159617566612814
0.16086692493625165
0.16214611244728916
0.1634163996736051
0.1646987538728184
0.16599195459409655
0.16729609306987436
0.16861126053258557
0.16993391730018637
0.1712779499977124
0.1726273469883276
0.1739883267731943
0.17536100588715609
0.17674550086505558
0.17814192824173514
0.17955040455203863
0.18097104633080918
0.18240397011288967
0.1838492924331232
0.18530712982635122
0.18677759882741896
0.1882608159711685
0.1897568977924432
0.1912659608260847
0.19278812160693815
0.19432349666984539
0.19588090375082978
0.19744478106636387
0.19902230154973855
0.2006135942369095
0.20221878816383554
0.2038380123664736
0.205471395880782
0.20711906774271927
0.20878115698824118
0.21045779265330722
0.212149391043864
0.21385523458245193
0.21557597600330214
0.21731173425391415
0.21906262828178646
0.2208287804329232
0.22261030096800272
0.22440731419851967
0.2262199389391406
0.22804829400453275
0.22991488164970342
0.23177923339783124
0.23365229368031115
0.2355459565262783
0.23746039787117068
0.2393919236807147
0.2413407329559858
0.24330702469805332
0.24529099790799136
0.24729285158687087
0.24931278473576612
0.25135099635574853
0.2534076854478906
0.25548305101326574
0.25757729205294533
0.2596906075680019
0.2618448989375133
0.26399889722481773
0.26616611685874414
0.26835708130640445
0.2705549483598575
0.27278157109607704
0.2750286282039971
0.2772963152115677
0.27958471072827007
0.281894005498325
0.28422435473464347
0.2865759136501309
0.28894883745769673
0.29134328137024745
0.29375940060069294
0.2961973503619397
0.2986635654071854
0.3011482454098249
0.30365587127489135
0.3061659051634542
0.30871776417537733
0.3112921903227297
0.3138894104800236
0.31651929689426517
0.3191592454645751
0.3218225933771164
0.3245095722545617
0.3272203511083027
0.3299551372920029
0.33271413407828065
0.3354975447397508
0.3383055725490316
0.3411384207787378
0.3439962927014879
0.34691683242301186
0.3498310488983214
0.35277123494438767
0.3557376173108193
0.3587304227472221
0.3617498780032016
0.36479620982836414
0.36786964497231667
0.37098709091278015
0.3741175357965967
0.37727569334329414
0.38045530839133623
0.383675920658366
0.38691850105613335
0.3901837430735342
0.3934818617710183
0.3968095807460812
0.4001669923288922
0.4035541888496177
0.40697126263842875
0.41041830602549334
0.41389541134098096
0.4174026709150591
0.42094017707789755
0.42449901128825873
0.4280977825308625
0.4317268522735167
0.4353863018821582
0.4390762127227228
0.44279666616114666
0.446547743563364
0.45032952629531087
0.4541420957229261
0.45798553321214097
0.46185992012889576
0.46580944140088887
0.4697366048660667
0.47370782684301904
0.4777115582708533
0.4817480294317087
0.485858464836455
0.48997576089171213
0.4941170251503326
0.49829166275446335
0.5024998012360316
0.50674156812696
0.5110170909591703
0.5153264972645903
0.5196699145751436
0.5240474704227545
0.5284592923393454
0.5329055078568454
0.5373862445071755
0.5419016298222621
0.5464265463787727
0.5509726571032707
0.5555535645040037
0.56016867062216
0.5648175175417012
0.5694995004064709
0.5742140670454314
0.5789606652875436
0.5837389521568226
0.588547922869084
0.5933428159838781
0.5982271207000962
0.6031090077303536
0.6080231424320033
0.6129682156877299
0.6179429183802205
0.6229459413921594
0.627975975606232
0.6330317119051281
0.6381118411715296
0.643215054288123
0.6484672915778082
0.6536278332822909
0.6586493015825683
0.6638471482120916
0.6690403169109072
0.6742472120870473
0.6794664577569356
0.6846966779369987
0.689936496643663
0.6951845378933585
0.7004394257025108
0.7056997840875456
0.7110547720724973
0.7163424007518455
0.7216332989760326
0.7268583879484503
0.7321378609389564
0.737327167319
0.742593513520232
0.7478528756049161
0.7531023371303158
0.7583389816536741
0.7635598927322471
0.7687939464540237
0.7739408082606127
0.7790633931553788
0.7841824673530824
0.7892650044321368
0.7943164531522573
0.7993346283476743
0.804317344852608
0.8092624175012855
0.8141676611279336
0.8190308905667738
0.8238499206520307
0.828622566217931
0.8333466420987015
0.8380496183806905
0.8427141949644819
0.8472605207534327
0.8517440604606694
0.8561660243933735
0.8605276228587133
0.8648300661638673
0.8690745646160081
0.8732623285223142
0.8774323629235865
0.8814531255297826
0.8854457569766092
0.8893700012175438
0.8932261787121716
0.8970146099200846
0.9007356153008717
0.9043895153141221
0.9079766304194274
0.9114662948786796
0.9149172009403799
0.9182982909299753
0.921622331537403
0.9248357202213722
0.9279538840114103
0.931017438577542
0.9340220620070916
0.9369539517822885
0.9398131043161655
0.942599516021752
0.9453285704866801
0.9479663943027559
0.9505317309023988
0.9530245458182334
0.9554448045828767
0.9577924727289586
0.9600651022953048
0.9622692813414133
0.9644010860160748
0.9664604422703542
0.9684472760553149
0.9703615133220174
0.9722030800215347
0.973971902104922
0.9756578861587357
0.9772834387453955
0.9788257273246863
0.9802949306609765
0.9816909111787107
0.9830095264857626
0.9842589225622813
0.985439201638318
0.9865429585636765
0.9875693092035833
0.9885238529631186
0.9894034209797855
0.9902078097777025
0.9909368158809917
0.9915902358137716
0.9921678661001696
0.9926645220434569
0.9930910750720647
0.9934412308260026
0.9936474483238262
0.9938260570028481
0.993924952512856
0.9939436970518649
0.9938818528178963
0.9937389820089697
0.993514646823102
0.9932084094583136
0.9928198321126223
0.9923484769840467
0.9917965109290181
0.991147003238579
0.9902621033955956
0.9894486709967527
0.9885479026292465
0.9875590851330518
0.9864815053481353
0.9853144501144646
0.9840572062720092
0.9827090606607376
0.9812693001206156
0.9797372114916163
0.9781120816137037
0.9763931973268507
0.9745798454710242
0.9728129809933774
0.9708131963926405
0.9686991125348667
0.9664863910109736
0.9641741364142353
0.9617614533379273
0.9592474463753167
0.9566312201196778
0.953911879164286
0.9510878991396732
0.9481578380216718
0.9451151143960637
0.9419645963827632
0.9387051893640841
0.9353401771861201
0.9318595428491916
0.9284254893788129
0.9247030238868117
0.9208583453796626
0.9169038536864562
0.9128409395487411
0.9086685862356774
0.9043857770164374
0.8999914951601742
0.895484723936061
0.8908644466132509
0.8861296464609154
0.8812793736305755
0.8762986216665354
0.8711919609633112
0.8659592425135996
0.8606146504129644
0.8551743450207097
0.8495950837661379
0.8438939718176837
0.8380718744655056
0.8321093689375614
0.8260557826703154
0.8198835806700524
0.8135937470540275
0.8071872659394952
0.800665121443707
0.7940282976839192
0.7872777787773888
0.7804145488413647
0.7734395919931041
0.7663538923498665
0.7590912777348944
0.7518073508768861
0.7443583790304631
0.7368202315152486
0.7291840805050036
0.7214413270740039
0.7135931744965589
0.7056408260469871
0.6975854849995944
0.689428354628693
0.6811706382085942
0.6728197863749052
0.6643629867730789
0.6557901119562031
0.6471416270713783
0.6383991819252888
0.6295641087082311
0.6206377396105127
0.611621406822433
0.602516442534295
0.593610640346312
0.5844528112024623
0.575145238810121
0.5657642430422474
0.5563067613600126
0.5467917397296871
0.5372061451383034
0.5275515522765257
0.5178295358350047
0.5080416705044009
0.49818953097536944
0.48827469193857453
0.47829872808466334
0.46826321410429994
0.45816972468813866
0.44799172139186805
0.4378093483807577
0.42752632395533663
0.41719340575696595
0.4068118260764404
0.3963828172045609
0.3859076114321143
0.3753874410499005
0.36482353834871706
0.35421713561935775
0.343569465152612
0.3328817592392852
0.32215525017016766
0.3113911702360532
0.30059075172774197
0.28975294053067824
0.27887460894161453
0.26796498683238035
0.25704458824333454
0.24608013845046894
0.23508684101098964
0.22406590473575694
0.21301853843562757
0.20194595092146184
0.19084935100411915
0.17970226432852865
0.1685672179564568
0.15741348787184783
0.14624328642475248
0.13508494263029558
0.12386122832931434
0.11266344404129036
0.10142735110323287
0.09018094798113196
0.07892539389228226
0.06766184805398812
0.056391469683545914
0.045115417998263574
0.03383485221543747
0.022550931552373754
0.011264815226373237
-2.2337545266815084E-5
-0.011309367545239368
-0.022610586959609158
-0.033894087573519194
-0.045169749528512604
-0.056440227738350224
-0.067704316747915
-0.07895561081814684
-0.0902058056950299
-0.10144630300627178
-0.11267592651574088
-0.12389434099959562
-0.13509659764521764
-0.14628354520463738
-0.15745390718724206
-0.16860640710242514
-0.17973976845958184
-0.19085271476810384
-0.20194396953738725
-0.21301225627681664
-0.2240686006412007
-0.2351042090195321
-0.2460844179245969
-0.25703827042115357
-0.2679640236983687
-0.2788599349454106
-0.2897476959619327
-0.30056523954915537
-0.3113578622867186
-0.322115483846777
-0.33283660122936887
-0.34351971143453763
-0.35416331146232594
-0.36476589831277106
-0.3753259689859183
-0.38583920931353255
-0.39630864804802535
-0.40673095012205795
-0.4171047012156919
-0.4274284870089753
-0.4377008931819608
-0.44792050541470463
-0.45808590938726024
-0.46819569077967227
-0.4782484352720058
-0.4882339079780209
-0.49813299152986534
-0.50798412056578
-0.5177095173611379
-0.5274380126503493
-0.5371054791885808
-0.546705600149247
-0.5562360345146855
-0.5656881588058056
-0.575064009302463
-0.5843636588457493
-0.5935849447306794
-0.6027257042522658
-0.6117837747055228
-0.6207569933854709
-0.6296431975871206
-0.6384031048029275
-0.6471309820204896
-0.6557640692533662
-0.6643011680327255
-0.672698554303266
-0.6810409270216224
-0.6892870052081941
-0.697434916221269
-0.7054827874191316
-0.7134287461600755
-0.7212709198023806
-0.7290074357043386
-0.7366186071670713
-0.7441155390254623
-0.7516183678643307
-0.7589270255566634
-0.7661239625366925
-0.7732087344663006
-0.7801808970073623
-0.7870400058217628
-0.7936727938743928
-0.8003060447182859
-0.8068235307081499
-0.8132247335719454
-0.8195091350376336
-0.8256762168331697
-0.8317254606865179
-0.8377735707321419
-0.8436086821977531
-0.8493310020520273
-0.8549268183470184
-0.8604049162745975
-0.8659083214079795
-0.8711566841648697
-0.8760724306324992
-0.8810732157806802
-0.8859501864585413
-0.890704555050502
-0.8953375339409817
-0.8998503355143921
-0.9042441721551606
-0.9085202562477033
-0.9126798001764351
-0.9167240163257757
-0.9206541170801463
-0.9244713148239638
-0.9281768219416424
-0.9317094577718832
-0.935316684674274
-0.9386397003527787
-0.941892754787939
-0.9450363995874289
-0.9480716548095769
-0.9509995405127034
-0.9538210767551423
-0.9565372835952157
-0.9591491810912531
-0.9616577893015821
-0.9640641282845257
-0.9663692180984134
-0.9685740788015762
-0.9706797304523374
-0.9727414959342635
-0.9746536661098668
-0.9764743485388143
-0.978196938019332
-0.9798247709337238
-0.9813586715853964
-0.9827994642777504
-0.9841479733141929
-0.9854079055638101
-0.9865760887670998
-0.9876544967286218
-0.9886438711920142
-0.9895449539009098
-0.990358486598959
-0.9910852110297874
-0.9917258689370376
-0.9922812020643503
-0.9927519521553583
-0.9931530287289636
-0.9934565801680613
-0.9936774293738786
-0.993807294760205
-0.9938642657413794
-0.9938407266285543
-0.9937372337245023
-0.9935543433319998
-0.9932926117538274
-0.9929525952927616
-0.9925348502515794
-0.9920399329330536
-0.9914683996399667
-0.9908339841231433
-0.9901105148634635
-0.989311954374605
-0.9884383823234932
-0.9874898783770583
-0.9864665222022282
-0.9853683934659347
-0.9841955718351132
-0.9829481369766855
-0.9816261685575851
-0.980229746244742
-0.9787631445210847
-0.9772220996720433
-0.9756034421967081
-0.9739112226816378
-0.9721454790101651
-0.9703062490656178
-0.9683935707313278
-0.9664087774447969
-0.964349873146368
-0.9622179364065575
-0.9600130355185721
-0.9577230719297676
-0.9553734606083868
-0.9529525668352665
-0.9503793048883598
-0.9478313477982985
-0.9452068818719788
-0.942506282636562
-0.9397299256192051
-0.9368781863470721
-0.9339514403473217
-0.9309500631471117
-0.9278744302736079
-0.92472491725397
-0.9215018996153539
-0.9182057528849246
-0.9148368525898407
-0.9113989701732077
-0.9079091920593676
-0.9043798945120987
-0.9007178041403288
-0.8969145418210926
-0.8931191420557045
-0.8892558015433885
-0.8853251289729842
-0.8813277330333369
-0.8772642224132818
-0.8731352058016673
-0.8689412918873347
-0.8646830893591209
-0.860361206905873
-0.855976253216427
-0.8515288369796292
-0.8470195668843195
-0.8424490516193406
-0.8379162565308671
-0.8332456882030539
-0.8285331215393095
-0.8237677209186876
-0.818951032593195
-0.8140846028148441
-0.8091699778356407
-0.804208703907594
-0.7992023272827113
-0.794152394213008
-0.7890604509504819
-0.7839280437471525
-0.7789999269041954
-0.773858779625177
-0.7686932512293962
-0.7635061891994317
-0.7583004410178491
-0.7530805169169117
-0.7478457727886605
-0.7426004744636412
-0.7373509765853554
-0.7320939377344278
-0.7268345334471715
-0.7215755320311992
-0.7163197017941174
-0.7109987000437745
-0.7057264097184976
-0.7003968151862017
-0.6951397325358655
-0.68988903887672
-0.6846462492652665
-0.6794146101373855
-0.6741768041103504
-0.6689526842158888
-0.6637733552458895
-0.6585894246449229
-0.6534224020957335
-0.6482736987150628
-0.6431447256196661
-0.6380352257707358
-0.6329500044902363
-0.6278918669950948
-0.6228640868886948
-0.6178566332444597
-0.6129311730408991
-0.6079520181071367
-0.6030291571098405
-0.5981340347396551
-0.5932669403850208
-0.5884281634343891
-0.5836179932762029
-0.5788367192989066
-0.5740846308909435
-0.5693620174407621
-0.5646691683368044
-0.5600063729675182
-0.5554708792921885
-0.5508726213543
-0.5463055798845251
-0.5417322642513596
-0.5372298941730644
-0.5327606337518831
-0.5283243940909368
-0.5239210862933605
-0.5195506214622831
-0.5152129107008343
-0.5109403125599741
-0.5066727902359616
-0.5024372301117097
-0.4982335278773289
-0.49406157922292415
-0.48992127983859923
-0.48581252541446496
-0.4817449236736775
-0.4777052406801374
-0.4736979008697153
-0.4697257495564626
-0.4657887389396227
-0.46188682121843794
-0.4579824950427618
-0.4541359599268975
-0.45031957961808944
-0.44653485389550873
-0.44278272737197066
-0.4390623666619473
-0.4353736975005087
-0.4317166456227297
-0.4280911367636788
-0.4244970966584307
-0.42092913645758245
-0.41739620528833665
-0.41389352683042624
-0.41042088779887154
-0.40697807490869686
-0.4035648748749232
-0.40018107441257755
-0.39682646023667956
-0.393500819062252
-0.3902039376043209
-0.38693584968737693
-0.3836962183070891
-0.3804846916045772
-0.37730124253927877
-0.37414707026552896
-0.3710068975173162
-0.367907913334909
-0.364836396632249
-0.3617884756265304
-0.35876892246742376
-0.3557757986153285
-0.35280889849637975
-0.3498680165367192
-0.3469380704762275
-0.3440495317331558
-0.3411864334350878
-0.3383485924797114
-0.33553582576471186
-0.3327479501877786
-0.3299674002774504
-0.3272619564891619
-0.32454429412261554
-0.321851110512998
-0.3191741493359803
-0.31653709627609716
-0.313913574168621
-0.31131942940911883
-0.30874275042527377
-0.3061942480741695
-0.30366860792612127
-0.3011656209213167
-0.29868507799994326
-0.2962267701021861
-0.29379048816823294
-0.29137554186004033
-0.28898270586710395
-0.2866112535187839
-0.2842609765241524
-0.2819316665922855
-0.27962311543225815
-0.27733511475314354
-0.2750674562640161
-0.272819931673951
-0.27059233269202165
-0.2683844510273039
-0.2661960783888704
-0.26402700648579636
-0.26186677426933325
-0.2597192248276494
-0.25761358625167885
-0.25552562241945176
-0.253455238462059
-0.25140233951059154
-0.24936683069613763
-0.2473486171497874
-0.24534760400263278
-0.24336369638576238
-0.24139679943026726
-0.23944681826723646
-0.23751365802776148
-0.23559722384293047
-0.23369742084383494
-0.2317847194903604
-0.22992864901287424
-0.2280829626900549
-0.2262562279439444
-0.22444169413419357
-0.22264171964828638
-0.22085768248421478
-0.21908944528581342
-0.21733687069691843
-0.21559982136136702
-0.21387869729581255
-0.21217240644627888
-0.21048158577241416
-0.2088061451242671
-0.2071459943518862
-0.20550104330531793
-0.20387740531417498
-0.20225865109209173
-0.20065392009450123
-0.19906309404765055
-0.1974860546777869
-0.1959226837111563
-0.19437286287400657
-0.19283647389258396
-0.1913133984931349
-0.1898035184019069
-0.18830671534514598
-0.18682287104910034
-0.1853518672400154
-0.18389358564413916
-0.18244808580166227
-0.1809980182768518
-0.17958242453542606
-0.17817232507120695
-0.17677549097511602
-0.17539151946911924
-0.17402000777518678
-0.17266055311528505
-0.1713127527113829
-0.16997620378544653
-0.1686505035594461
-0.1673352492553476
-0.16603003809511996
-0.16473446730073082
-0.16344813409414716
-0.1621657777303399
-0.16089688025771298
-0.15965309944156547
-0.15841400221639268
-0.15718536795735127
-0.1559670944141044
-0.15475907933631194
-0.15356122047363752
-0.15237341557574113
-0.15119556239228615
-0.15002755867293271
-0.14886930216734306
-0.14772069062517912
-0.14658162179610268
-0.1454519934297741
-0.14433170327585587
-0.14322064908401066
-0.14211528754565927
-0.1410225719079249
-0.13994265377512816
-0.13886753646517191
-0.1377942494128549
-0.13674139251222772
-0.1356922803375017
-0.13465182552470945
-0.1336199686100462
-0.13259665012970845
-0.1315818106198905
-0.1305753906167897
-0.12957733065660149
-0.12858757127552134
-0.1276060530097447
-0.12663271639546814
-0.1256675019688871
-0.12471035026619703
-0.12376120182359396
-0.12281999717727388
-0.12188667686343257
-0.12096095187367673
-0.1200328619329355
-0.11911903920522038
-0.11821365945073248
-0.11731534740323213
-0.11642406741351241
-0.11553978383236674
-0.11466246101059019
-0.11379206329897429
-0.1129285550483139
-0.11207190060940242
-0.11122206433303394
-0.11037901057000099
-0.1095427036710982
-0.10871299669046419
-0.10788975428037806
-0.10708216782186492
-0.10626709464181405
-0.10546428366523652
-0.10466774797130463
-0.1038774330099862
-0.10309579717489692
-0.10231760120852729
-0.10154219899902811
-0.10077641641186763
-0.100019280695756
-0.09926480244071362
-0.0985161862295314
-0.09777341037512993
-0.09703645319043158
-0.09630529298835827
-0.09557990808183198
-0.09486027678377418
-0.09414637740710657
-0.09343457169621988
-0.0927298361546699
-0.09202657190662916
-0.09134799558039508
-0.09064428530778962
-0.08996112749472468
-0.08928305536803888
-0.0886100219253616
-0.08794198016432225
-0.08727888308255133
-0.08662068367767911
-0.08596733494733622
-0.08531503261719026
-0.08467120709578735
-0.08403209414508289
-0.08339764717392151
-0.08276781959114948
-0.082142564805611
-0.08154565725815854
-0.08090253590607671
-0.08029380926612828
-0.07968161248261324
-0.07907877239929834
-0.07848016027382487
-0.07788579161456355
-0.07729568192988406
-0.07670984672815634
-0.07612830151775124
-0.07555106180703869
-0.07497814310438894
-0.07440956091817202
-0.07383772405646832
-0.07327811806567813
-0.0727223383817579
-0.07217035476225536
-0.07162213696471703
-0.07107765474668959
-0.07053663996817733
-0.06999956770102361
-0.06946616472812855
-0.06893628617684955
-0.06840821752890253
-0.06788589491641811
-0.06736724369353198
-0.06685219380273721
-0.06634067518652703
-0.06583243801820965
-0.06531969504725044
-0.06481815629398474
-0.06431999022564766
-0.06382516790809328
-0.06333366040717697
-0.06284543878875382
-0.062360474118677955
-0.0618787374628042
-0.06140019988698742
-0.060924832457082356
-0.06045260623894383
-0.059983492298426255
-0.05952079534093124
-0.059057557938580696
-0.05859722865324141
-0.05813991809889674
-0.057685600482726584
-0.05723264951277973
-0.05678438693353771
-0.05633899064494674
-0.05589611412159101
-0.05545603353751172
-0.05501874991020156
-0.05458426425715429
-0.054152577595863394
-0.0537236909438224
-0.053297605318524455
-0.052874321737463176
-0.05245384121813204
-0.05203616477802442
-0.0516212934346339
-0.05120922820545368
-0.050800981729424904
-0.05039278107678377
-0.04998659276342088
-0.04958414250111115
-0.04918417635178074
-0.04878661687040689
-0.048391439681009785
-0.04799862040760955
-0.04760813467422648
-0.04721995810488061
-0.04683406632359238
-0.04645069597374735
-0.04606949933579879
-0.04569047595387846
-0.045313596941427725
-0.04493883341188895
-0.04456615647870438
-0.04419553725531644
-0.04382694685516714
-0.0434603563916984
-0.04309573697835267
-0.04273286150732175
-0.042375052340652086
-0.04201500333957142
-0.041659045850773735
-0.04130384266639828
-0.040951980098650365
-0.0406019982297838
-0.04025388145680814
-0.039907614176733
-0.03956318078656787
-0.03922056568332244
-0.03887975326400625
-0.038540727925629154
-0.038203474065200554
-0.03786797607972997
-0.037534218366227
-0.03720114872124325
-0.036871271534456296
-0.03654304034119471
-0.036216500867316065
-0.03589162945592633
-0.0355681315508912
-0.03524640656959943
-0.03492631673548627
-0.03460784774274775
-0.03429126875271932
-0.033976189034945786
-0.0336626184424163
-0.03335054225334658
-0.03303994574595159
-0.03273081419844706
-0.03242313288904808
-0.03211615241739921
-0.031811885988380084
-0.031509766331345224
-0.031207911038635627
-0.03090746108801337
-0.030607797020096694
-0.030310055305547506
-0.030013677268282107
-0.029718649113036233
-0.02942495704454509
-0.02913258726754367
-0.028841525986767758
-0.028551759406952676
-0.028263273732833577
-0.027977730438350473
-0.02769191348720812
-0.027407340083895393
-0.027123685424436855
-0.026841531698552523
-0.02656057412440957
-0.02628078994453094
-0.02600216332010885
-0.025724678412335236
-0.02544831938240215
-0.02517307039150178
-0.024898915600825952
-0.0246258391715668
-0.024354154602662728
-0.02408331532832375
-0.023813543786916552
-0.023545130951222168
-0.023277469933561057
-0.023010900492556635
-0.022745269962974116
-0.02248052730920079
-0.022216755804208677
-0.021953940049231763
-0.021692708502163927
-0.021432043573990284
-0.021172280458179676
-0.020913408446896112
-0.020655416832303194
-0.020398237258407184
-0.020142038999185624
-0.019886602234249123
-0.019631990788916406
-0.019378195609862467
-0.019125207643762243
-0.01887301783729084
-0.018620477077953876
-0.018370040921175418
-0.01812077554369647
-0.01787171340999806
-0.017624093392219736
-0.017376833970818045
-0.017130312619647647
-0.01688451866653648
-0.016639441439312022
-0.01639507026580199
-0.016149912733249616
-0.015907306006336802
-0.015665319679972062
-0.015423946313189413
-0.015183178465023442
-0.01494313757268785
-0.014703458733018357
-0.014464349849569014
-0.014225908765669995
-0.0139880606707901
-0.013750795352792056
-0.013514102599538294
-0.013277972198891805
-0.013042393938715216
-0.012807357606871128
-0.012572884422466152
-0.01233893375290307
-0.012105494455226865
-0.01187255570969973
-0.011640073533919125
-0.011408125191946526
-0.011176666371480418
-0.010945713276744172
-0.01071522043609787
-0.010485178974189366
-0.010255546766308084
-0.01002640128407243
-0.00979767968944898
-0.009569372369005728
-0.009341469709310615
-0.009113962096931598
-0.008886839918436654
-0.00866009356039369
-0.008433680811308499
-0.008207778115506818
-0.007982094015490312
-0.007756760634988688
-0.00753173087983066
-0.007307013243233393
-0.007082648388388756
-0.0068585287450556726
-0.006634690753453049
-0.006411125484286212
-0.006187774074954265
-0.005964740696467914
-0.00574195602214158
-0.0055194108667559055
-0.005297096045091779
-0.005074926188989536
-0.004853064673414214
-0.004631402700491793
-0.004409931247970754
-0.004188641293599735
-0.003967523815127147
-0.0037465697903013365
-0.003525830564166884
-0.00330516004210921
-0.0030846245870024217
-0.002864214945656439
-0.002643921864880926
-0.0024236583857676994
-0.0022035618272063136
-0.001983565412208692
-0.001763660951273999
-0.0015438402549013547
-0.0013240951335899784
-0.0011044173978391773
-8.847988581478913E-4
-6.652313250153368E-4
-4.4570660894072914E-4
-2.2621652042333074E-4
-6.5667417525485275E-6
