1501
6.55923013482497E-6
2.257934728535022E-4
4.450327736512157E-4
6.642950790841061E-4
8.834277073413443E-4
0.0011027574388520322
0.0013221360255452307
0.0015415345662153478
0.0017610374235052916
0.001980617322743303
0.0022002824744297954
0.002420041089065267
0.0026399013771502347
0.0028599945951699422
0.0030800876994386828
0.0033002914635546915
0.003520614357381331
0.0037410439492150116
0.003961683055201188
0.004182483941904253
0.004403549789325181
0.004624752670257543
0.004846141461935561
0.00506772637002164
0.005289517600178172
0.00551152535806743
0.005733759849351705
0.005956231279693414
0.006179018287617258
0.0064020274419519935
0.006625299677444026
0.006848818725086622
0.007072559528028086
0.007296595419000469
0.007520557497425966
0.007745192267461266
0.007970163673801184
0.008195483247082504
0.008421201806292487
0.008647249826342358
0.008873657577849157
0.009100433603429936
0.009327586445701683
0.009555124647281546
0.009783056750786598
0.010011391298833883
0.01024013683404039
0.010469301899023273
0.010698802137854416
0.010928879071356673
0.011159404049298008
0.011389688024825852
0.011621069758247574
0.011852979682880696
0.01208542453286407
0.012318411042336733
0.012551945945437723
0.012784863247912663
0.013019515236056087
0.013254758939803463
0.013490598991503747
0.01372704002350568
0.013965255807462523
0.01420227662504854
0.014440036527797767
0.014678529645132499
0.014917750106474892
0.015157692041247423
0.0153983495788724
0.015639716848772092
0.015881787980368767
0.01612455710308479
0.01636801834634248
0.016611911756797007
0.016856351632150976
0.017102379199334425
0.01734797520869827
0.017594728633771026
0.017842396802726826
0.018090749552948496
0.018339907580733963
0.018589878380309982
0.01884066944590332
0.01909228827174081
0.019344742352049346
0.019598415128688068
0.01985272747211611
0.02010796486770125
0.020364146175080713
0.020621341771285537
0.020879133038433917
0.021139814325281975
0.02139868273550699
0.021659133806530673
0.021920529582756476
0.02218288658435824
0.022446221331509836
0.022710592021707915
0.022980413274993367
0.023240650808187047
0.023507153656564125
0.023774712769966067
0.024044846504621853
0.024315037407708184
0.024586279819526602
0.02485661262133876
0.025130210926953486
0.02540498083210882
0.02568093321583416
0.025958078957158626
0.02623642893511119
0.026515994028721207
0.026796785117017913
0.02707881307903029
0.02736208879378771
0.027646623140319126
0.027932426997654025
0.02821951124482136
0.028507886760850254
0.028797564424769995
0.029089143819633068
0.029380229059815383
0.0296731589054558
0.02996747260042626
0.03026310445966765
0.030560074406444482
0.030858402364021154
0.031158108255662287
0.03145921200463239
0.03176173353419598
0.03206569276761756
0.03237110962816167
0.032678004039092795
0.0329863959236755
0.03329630520517424
0.03360791379215225
0.03392092018186954
0.03423550327114877
0.034551682928101235
0.034868561603139836
0.03518820472278017
0.03550959732869591
0.035832727008361015
0.036157357871449636
0.03648343009531749
0.03681058101845161
0.037139909674508365
0.03747125249958333
0.03780392897693036
0.03813836531085274
0.038474587358025364
0.038813214794637174
0.0391526912557664
0.03949420747001692
0.0398378324658025
0.040183626982948806
0.04052989441404614
0.04087953411914336
0.041231141461915644
0.04158472945411487
0.04194031110749338
0.042297899433803215
0.042657507444796405
0.043019148152224934
0.043382834567841116
0.043748579703396906
0.044116396570644256
0.04448454596884169
0.044856491539419424
0.04523103516531532
0.04560813840292488
0.04598680945371625
0.04636819580560525
0.04674981271649753
0.04713497172465611
0.04752198946102393
0.047911753186268446
0.04830383225400525
0.048699143221093394
0.049095795033609196
0.04949479146017044
0.04989615501657557
0.05029990821862296
0.050706073582111266
0.051115474632986074
0.051526995005804516
0.05194106137005067
0.052357700261127765
0.052776938214439184
0.05319905764547289
0.053624537658929716
0.054051843699076396
0.05448185387053023
0.05491460295435391
0.05535012573161041
0.05578845698336232
0.056229631490673004
0.056673718723327604
0.057120623771493684
0.05757047682457567
0.058035646238083105
0.05848649442753906
0.05894436600793923
0.05940550338655859
0.05986988559320655
0.060337491657692144
0.06080830060982456
0.061282291479413054
0.06175944329626698
0.06223973509019526
0.06272479215593646
0.0631971931626899
0.06370644642989637
0.06420223502144773
0.06470130280129793
0.0652036606100132
0.06571354963174936
0.06622310645599216
0.0667426330390416
0.06724644247123374
0.06775098403982188
0.06826783401997794
0.06879033910294324
0.06931866166926903
0.06985092743895954
0.07038714632495119
0.07092732824018033
0.07147148309758372
0.07201962081009766
0.07257175129065879
0.0731278844522032
0.07368734616935269
0.07425008609507977
0.07481721280520248
0.07538822108550336
0.07596460959001272
0.07654508323913956
0.07712968725201375
0.07771846684776551
0.07831146724552462
0.07890873366442197
0.07951031132358671
0.08011624544214935
0.0807265812392397
0.0813413639339885
0.08196063874552528
0.08258433036340673
0.08321229974463906
0.08384580375536727
0.08448397629383109
0.08512686680652076
0.0857745247399262
0.08643132329508635
0.08708524308103155
0.08774683322801546
0.08841317628348577
0.08908437872200103
0.08976054701811864
0.09044178764639643
0.09112820708139274
0.09182157612907127
0.09251989183508108
0.09322139953140118
0.09393108178178877
0.0946460266335819
0.09536628908238909
0.09609192412381923
0.09682298675348122
0.09756151018765791
0.0983035022233143
0.0990485377539494
0.09980286780241793
0.10056202867161484
0.10132459675633676
0.1020942057364016
0.10286989059945828
0.10366378274437837
0.10445339033484602
0.10524901426668681
0.106050728172837
0.10685860568623284
0.10767272043980958
0.10849314606650384
0.10931995619925106
0.11015322447098719
0.11099302451464876
0.11183942996317131
0.11270685620547027
0.11356572296405265
0.11443115456456399
0.11530323768909623
0.11617860372151056
0.11706936834798998
0.11796824698443076
0.11886333257019344
0.1197738132534456
0.12069164283085221
0.12161690925557411
0.12255337086314633
0.12348931785501005
0.12443539327669773
0.12539498222363787
0.12635646632693553
0.12732601474670613
0.12830369568960953
0.12928957736230506
0.13028372797145238
0.1312862157237108
0.13229710882573997
0.13331592511278756
0.13434415509031017
0.13538374137412457
0.13642933517318268
0.13748364646721767
0.138546742857526
0.139618691945404
0.14069956133214878
0.14178941861905758
0.14289509109163112
0.14400393795483035
0.1451219433528118
0.1462491766570192
0.14744686543051733
0.14853454517704856
0.14968666336819747
0.1508497258012571
0.15202148171936214
0.15320779136227924
0.154387027881548
0.1555957050389294
0.15681456910925218
0.15804368320047735
0.15928246941118063
0.16053020723109146
0.1617883486907452
0.1630569716670962
0.1643361540371
0.16562597367771148
0.1669265084658853
0.1682378362785767
0.16956003499274086
0.17089318248533314
0.1722373566333073
0.17359263531361968
0.17492415079536006
0.17635105766855363
0.17774419694010657
0.17914936273747029
0.18056667279396343
0.18199624484290333
0.18343819661760907
0.18489304847343968
0.1863589922570843
0.1878380130776962
0.1893290463209203
0.1908331905217422
0.19235053811693537
0.19388118154327083
0.1954294453878047
0.19698906313390618
0.198562000327821
0.20014843436367458
0.20175043819822647
0.20336459685317287
0.2049925937989362
0.20663455483981308
0.20828791144229852
0.20994779851188583
0.2116386421377887
0.21335185469837614
0.21506692095337177
0.21679747109446046
0.21854363725845616
0.2203055515821737
0.22209461426023247
0.2238906302124548
0.22570213839282038
0.2275667884910677
0.2294136640539033
0.2313564874913081
0.2332368646837204
0.23503924836280987
0.23694458028828924
0.23887059337948924
0.24081323098776086
0.2427726990822361
0.2447492036320431
0.2467429506063128
0.2487541459741769
0.25078299570476337
0.2528297057672033
0.25489448213062516
0.25697753076416263
0.25910730258120074
0.2614712056986097
0.2635812687524506
0.2655369956053091
0.26769799135713557
0.26989642731434116
0.27211368608820496
0.2743523025030936
0.2766141451134332
0.2788961222558253
0.28119843691431035
0.28352129207292975
0.28586489071572374
0.28822943582673344
0.2906151303899993
0.2930156103661963
0.2954439499542578
0.29789411428544654
0.3003746818362436
0.30286994780032606
0.3053886556503882
0.30793241733815213
0.31050785772009215
0.31309794875834385
0.3156931168328505
0.31832852640503106
0.32098826542239056
0.3236707878992915
0.3263770914973194
0.3291074004516461
0.331861938997448
0.33464093136989703
0.33744460180416946
0.34027317453543593
0.34312687379887263
0.3460059238296531
0.34890549140886185
0.3518385956122163
0.3548060724573303
0.357790001630228
0.36080049574806417
0.3638377758652189
0.3669020630360724
0.3699935783150017
0.37310994724706736
0.376258592261951
0.3794356417452631
0.38264119396459795
0.38587534718754424
0.3891381996816934
0.3924298497146368
0.39575564018886933
0.3991061092272745
0.4024859542336492
0.40590320795530666
0.4093426139690046
0.4128346779187635
0.41633105668154125
0.4198577125390206
0.4234147660801675
0.42709771370604344
0.4307138745704149
0.43435530010448153
0.4380301917780973
0.4417362074883264
0.44541890091427216
0.4491920585989595
0.45299665146655776
0.45683291695430217
0.4607010924994377
0.46460310594111753
0.46854149381315624
0.4725030129384775
0.47650425865546886
0.4805501015041376
0.48459976708295915
0.488683398925442
0.49281820254709974
0.4969864816477436
0.5011882224935023
0.5054234113505003
0.5096920344848588
0.5139940781627068
0.5183295286501668
0.522698372213366
0.5271029974582611
0.5315374375070885
0.5360051703385391
0.5405061718742576
0.5450404180358941
0.549572748879819
0.5541620763087063
0.55879280912204
0.5634529305361728
0.5681449758100054
0.5728686175996316
0.5776187584504937
0.582404108078586
0.5872201332212352
0.5920664878177089
0.5969497317174763
0.6018627547783901
0.606798041085598
0.6117607110847811
0.6167502778625433
0.6217662545054883
0.6268081541002255
0.6318910014477988
0.6369945421387389
0.6421244599936116
0.6472805879269115
0.6524417826543703
0.6576183820599284
0.6628263394081402
0.6680459476014153
0.673283195064232
0.6785350651708604
0.6838181596449573
0.6891058739123817
0.6944068843472371
0.6997191141077224
0.7050404863520492
0.7103507768778012
0.7156906661981153
0.7210322608833231
0.726349388384957
0.731780297574538
0.7371335931283385
0.7424780514989244
0.7478060088781442
0.7531203476738897
0.7584220081368613
0.7637083572522503
0.76891324874153
0.7741619008057077
0.7793852694166432
0.7845808519217563
0.7897616994164385
0.7948897940496016
0.7999823792387923
0.8050367688986908
0.8101633998121653
0.815116547590395
0.8200204399467288
0.8248783599758855
0.8296950549717566
0.8344670470823452
0.8392109075178573
0.8438848427326087
0.8485162807976798
0.8530865811697868
0.8575937875611137
0.8620359436838365
0.8664110932501461
0.8705872994188621
0.8747756918862546
0.8791305354816403
0.883264784127908
0.8873499963512055
0.8911830018390594
0.8950918927742766
0.8989232641270801
0.9026783475071616
0.9063583745242294
0.9099645767879743
0.913452680939888
0.916916805705223
0.9203069152076235
0.9236136356340188
0.9268551036654991
0.9300224984146386
0.9331158448862373
0.9361233868863605
0.9390601830230354
0.9419251893370397
0.9447184210124551
0.9474398932333665
0.9500896211838574
0.9526659249452427
0.9551644093777858
0.9575907486432556
0.9599418117811966
0.9622331297717146
0.9644351269766416
0.9665848193679487
0.9686538309488144
0.9706505991081302
0.9725750384736553
0.9744270636731445
0.976206589334355
0.9779135300850399
0.9795478005529645
0.9810974630904656
0.9825841791337355
0.9839971673437757
0.9853362806198378
0.9865832074538359
0.9877748233207617
0.9888918036181673
0.9898984857033648
0.9908681613690851
0.9917626542549725
0.992581748105148
0.9933252266637282
0.9939928736748369
0.9945844728825879
0.9951245471278636
0.9955505529573836
0.9959168929469948
0.9962043474316271
0.996412494381337
0.9965453333953649
0.9965929133200762
0.9965598312831352
0.9964442376206559
0.996254086347963
0.9959814333750812
0.9956253908361852
0.995188698953041
0.9946619207456058
0.9940496529021807
0.9933256812382627
0.9925413983896094
0.9916710933425854
0.9907549360579564
0.989700221210164
0.9885577572426811
0.9873267211174088
0.9860062897962338
0.9845956402410527
0.9830939494137612
0.9815003942762495
0.9798549208231755
0.9780868531671176
0.9762254700146373
0.9741695928967644
0.9721465922868715
0.9700151013759664
0.9676921502698246
0.9653257731138236
0.9628600535749197
0.9602938481524896
0.957626013345914
0.9548554056545715
0.9519708244805409
0.9489824013126338
0.945886218548071
0.9426807781051414
0.9393645819021366
0.9359361318573391
0.9323939298890416
0.9286693497887688
0.9248762123235608
0.9209714076270679
0.9169511469822549
0.9128142011717877
0.9087065688412537
0.904351487604913
0.8998749161613446
0.8952766069096851
0.8905563122490561
0.8856096477988
0.8806498280167245
0.8755664930068523
0.8703589217709871
0.8650263933109468
0.8595770047299407
0.8539499073926544
0.8482475863463153
0.842424981618346
0.8364819534218304
0.8304183619698442
0.8242340674754711
0.8179289301517843
0.8115028102118709
0.8049555678688058
0.7982870633356729
0.7915264292086261
0.784617692745285
0.7776327926387108
0.7705108742923779
0.7632460148387255
0.755815343891916
0.7483823000026675
0.7407856455440909
0.7330779752669514
0.7253105336074253
0.717527708119488
0.7093849714919118
0.701372843840308
0.6931447888466904
0.6848197228266137
0.6763999764838227
0.6678878805220698
0.6592857656450937
0.6505959625566522
0.6418208019604821
0.632962614560336
0.6238989442599214
0.6148621271894648
0.6057458161961149
0.5965521453454254
0.5872832487029456
0.5779412603342315
0.5685283143048361
0.5590465446803137
0.549498085526217
0.5398850709080998
0.5301432847162797
0.5203768122460088
0.5104593568495073
0.5005397457589149
0.49055778322907617
0.4805147703208501
0.47043312342884036
0.46027981128856066
0.4500643001294531
0.4397936737127006
0.42946928757829905
0.419092497266246
0.4086646583165461
0.3981871262691996
0.3876612566642015
0.3770884050415564
0.3664699269412628
0.3558071779033174
0.345101513467724
0.33435428917448107
0.3235434771341401
0.31278086269536143
0.30198219539862237
0.2909905382291331
0.28006089756548125
0.26909980996474303
0.25810850618771397
0.24708821699517802
0.23604017314793602
0.22496560540677013
0.21386574453247942
0.20274182128585228
0.19159506642767976
0.18042671071875382
0.1692309283157094
0.15802888972220597
0.1468506018520408
0.13560711045845864
0.12434894659204065
0.11307742467223214
0.1017938591184766
0.09053546636252552
0.07924947134110472
0.06795789745870096
0.0565804411717723
0.045254100936201525
0.03392349704148945
0.022589827557830233
0.011254290555411828
-1.119360170349637E-4
-0.011449082297764868
-0.022783600145849903
-0.03409032622451935
-0.04542276610142526
-0.05674705006347036
-0.06801821777242534
-0.0793331389908607
-0.0906360483410591
-0.10192600911640426
-0.11320208461029413
-0.12446333811611598
-0.13570883292726243
-0.14693763233712964
-0.15814879963909867
-0.1693413981265639
-0.1805144910929224
-0.19166714183155698
-0.2027984136358656
-0.21392914102409044
-0.22501690513660932
-0.23616171921577322
-0.2471237116386007
-0.2581255971289522
-0.2690988578456066
-0.28006382849552125
-0.2909749822300114
-0.30185310275032506
-0.31269688460578315
-0.3235050223457474
-0.33427621051954404
-0.34500914367652147
-0.35570251636600325
-0.3663421463585488
-0.37694262157058667
-0.3875163204854166
-0.39804145769859467
-0.4085243177867808
-0.4189541251535003
-0.4293331671285916
-0.43968757129901537
-0.4499263386935697
-0.4601119455033711
-0.47024403562742734
-0.48032225296473374
-0.49031926707364537
-0.5003783616285542
-0.5102792256522344
-0.5201156974289418
-0.5298858971714688
-0.5395879450926104
-0.549245141182511
-0.5588270992267637
-0.5683494582059554
-0.5777847723238567
-0.5871441424193389
-0.5964257557267292
-0.6056277994803612
-0.6147989659600732
-0.6238049031095043
-0.6327332526208727
-0.6415814447611501
-0.6503468600415134
-0.659048352217944
-0.6676573683339306
-0.676171952518632
-0.6845901489012016
-0.6929100016108016
-0.7011295547765863
-0.709246852527718
-0.71725993899335
-0.7251668583026429
-0.73296565458475
-0.7406543719688345
-0.7482310545840516
-0.7557090737091636
-0.7630514932722905
-0.7703527140480446
-0.7775020994544786
-0.784526413764767
-0.791426584321477
-0.7982035384671802
-0.8048582035444412
-0.8113915068958288
-0.8178043758639149
-0.824097737791269
-0.8302725200204559
-0.8363296498940471
-0.8422700547546054
-0.8480946619447085
-0.853804398806921
-0.8594284347800665
-0.86491990766618
-0.870281536130606
-0.8755146737011357
-0.880620673905562
-0.8856008902716743
-0.8904693918090212
-0.8952019332686891
-0.8998111577925076
-0.9042983872463868
-0.9086575570818134
-0.9129026789734169
-0.9170306738548533
-0.9210427777232315
-0.924940226575659
-0.9287242564092599
-0.9322897959656116
-0.9358477367322218
-0.9392939634004422
-0.9425971308517527
-0.9458189248476652
-0.9489312633619589
-0.9519349768503638
-0.9548308957686045
-0.9576198505724092
-0.9603026717175078
-0.9628801896596286
-0.9653532348544935
-0.9677226377578343
-0.96998922882538
-0.9721538385128543
-0.9742172972759873
-0.9760287067017464
-0.977893318529282
-0.9796611705663807
-0.9814044348337712
-0.9830760998081507
-0.9845629420497968
-0.9859589808851839
-0.9872648804213355
-0.9884813047652834
-0.989608918024051
-0.9906483843046647
-0.9916003677141516
-0.9924655323595397
-0.9932445423478518
-0.9939380617861211
-0.9945467547813731
-0.9950712854406332
-0.9955123178709275
-0.9958705161792842
-0.9961397581223492
-0.9963349801031836
-0.9964492775273008
-0.9964832654604008
-0.9964754538605112
-0.9963465384178978
-0.9961288593610433
-0.9958453524123057
-0.9954847666953492
-0.9950473690937747
-0.99453342649117
-0.9939365368668565
-0.9932707329046622
-0.9925385805802325
-0.9917232621988381
-0.9908322088316162
-0.989871952546105
-0.9888339392354846
-0.9877210895127391
-0.9865335577816863
-0.9852714984461457
-0.983929163708094
-0.9825180213478273
-0.9810305076969952
-0.9794708092674913
-0.9778323997377312
-0.9761284660751581
-0.9743523128568148
-0.9725038384916838
-0.9705829413887468
-0.9685895199569776
-0.9665234726053571
-0.9643791230109864
-0.9621678617387976
-0.9598834102190512
-0.9575255550297559
-0.9550989046968423
-0.9525918748818105
-0.9500141577691137
-0.9473573974700003
-0.9446342949706965
-0.9418390239005294
-0.9389722445759814
-0.9360335545078335
-0.9330225512068813
-0.9299388321839057
-0.9267819949496943
-0.923551637015037
-0.9202473558907203
-0.916868749087528
-0.9134000892888681
-0.9098849682073302
-0.906281834178631
-0.902616349394691
-0.8987926098294023
-0.8949688705110663
-0.8911289431596598
-0.8870998382163018
-0.8830772181461688
-0.8790168161372005
-0.8748671515658648
-0.8706550591986844
-0.8663794460561229
-0.8620392191586506
-0.8576179726082671
-0.8530501105466595
-0.8484659753809467
-0.8438352423107593
-0.8391400984464807
-0.834426816360101
-0.8296412799322268
-0.8248028971744872
-0.8199143536301134
-0.8149783348423445
-0.8099975263544197
-0.8049746137095717
-0.799878162724021
-0.7947481614157299
-0.7896140150321602
-0.7844288576704987
-0.7793421679737316
-0.774123824380176
-0.7688773693244055
-0.7636069350572097
-0.7583269640270403
-0.7530276946932157
-0.7477189691579245
-0.7424042296130535
-0.7370869182504847
-0.7317704772620974
-0.7263391793627396
-0.7210027591976513
-0.7156665866686525
-0.7103474245346102
-0.7050217369800915
-0.699702279542826
-0.6944514581822854
-0.6891606268646435
-0.683884494265989
-0.678624906483543
-0.673268679941911
-0.6680149688526127
-0.6627437538287158
-0.6575507719546518
-0.6523548457016508
-0.6471785966926942
-0.642023241224476
-0.6369028818456046
-0.6318288809776531
-0.6267512141925562
-0.6216971713463715
-0.6166671118905347
-0.6116613952764771
-0.6067267794681368
-0.6017868033526104
-0.5968741835960185
-0.5919894861072188
-0.587150059026651
-0.5823153836915775
-0.5775305885070088
-0.5727762039279858
-0.568052339173573
-0.5633591034628282
-0.5587054060031136
-0.554080254803079
-0.5494843092231898
-0.5449193161073698
-0.540385359037296
-0.5358873926997245
-0.531423620685846
-0.5269930646380541
-0.5225957883404679
-0.5182318555772158
-0.5139013301324198
-0.5096042757902057
-0.5053407563346948
-0.5011108355500129
-0.49691457722028165
-0.49275204512962656
-0.4886233030621714
-0.4845284148020399
-0.48046744413335274
-0.47643918251619777
-0.4724551874171161
-0.46845773108132915
-0.46451991030824624
-0.46063005481185915
-0.45676045079139627
-0.4529230885481672
-0.4491301674133079
-0.44535692976692776
-0.4416155614733257
-0.437905917849277
-0.4342278542115574
-0.43058122587694436
-0.4269658881622145
-0.4233816963841417
-0.41982850585950104
-0.41630617190507246
-0.4128145498376308
-0.409353991429527
-0.4059181605601694
-0.4025117654171704
-0.399130989414781
-0.3957833152299228
-0.39246434940122854
-0.389173897338549
-0.38591176445173403
-0.3826777561506338
-0.37947112863050525
-0.37629456273237105
-0.37314561364502197
-0.3700241019376702
-0.36692003026489695
-0.3638569245583805
-0.360820576989511
-0.3578108229183252
-0.354827497704856
-0.35187043670914364
-0.3489394752912196
-0.3460344488111222
-0.3431551926288854
-0.34030415069052955
-0.3374812950417365
-0.33468228624471075
-0.3319088711886309
-0.3291601326132292
-0.32647691312888405
-0.3237679111275893
-0.3211624418090149
-0.31837187277504553
-0.31573529867748595
-0.31312191802740097
-0.31053154362235014
-0.3079639882598948
-0.30543110565817444
-0.3029068651088138
-0.3004045706487444
-0.297924002334262
-0.2954632165910924
-0.2930350382596705
-0.2906285542690181
-0.2882435445864815
-0.28587466229146075
-0.2835323059050243
-0.28121087275504975
-0.2789115053745741
-0.276631378991784
-0.2743713496801494
-0.27213122846443616
-0.2699108263694072
-0.2677099544198249
-0.2655284236404536
-0.263366045056054
-0.26122017973736633
-0.2590987288457447
-0.25699578904324194
-0.2549311215564467
-0.25284159220423597
-0.2507920923983509
-0.2487602435062144
-0.24674590287191833
-0.2447489278395545
-0.24276917575321422
-0.2408173705520733
-0.23885027623125787
-0.2369266320816179
-0.23501972436298169
-0.23312947384908567
-0.23125580131366874
-0.22939862753046758
-0.22755327080704868
-0.2257373666028597
-0.223909592144806
-0.22211636336571683
-0.22033874448150603
-0.21857664919446163
-0.21682999120687219
-0.21509868422102607
-0.21338264193920997
-0.21168177806371313
-0.2099960062968228
-0.20832524034082778
-0.20666673118351997
-0.20502690758663422
-0.2033989120536106
-0.2017816290333564
-0.20018040694369477
-0.19859334563628983
-0.19702028904884916
-0.19546108111908145
-0.19391556578469415
-0.1923835869833953
-0.19086498865289359
-0.1893596147308969
-0.18786730915511363
-0.18638791586325087
-0.18492127879301767
-0.18347110339742723
-0.1820307526195466
-0.18060258546531216
-0.17918648007252191
-0.17778231457897498
-0.17638996712247124
-0.17500931584080937
-0.17364023887178726
-0.17228912258982687
-0.1709460125585105
-0.1696138205009644
-0.16829248425951004
-0.1669819416764633
-0.1657464847960468
-0.16447210047151883
-0.16320813748236318
-0.16184770922126757
-0.16059221959236714
-0.15937448167946466
-0.15808129255775727
-0.1568555223486512
-0.1556401978826969
-0.15443521605556731
-0.15324047376293493
-0.15205586790047376
-0.15088129536385675
-0.14971665304875725
-0.14856183785084887
-0.1474167466658054
-0.14628127638929733
-0.1451553239169996
-0.14403878614458676
-0.1429315599677311
-0.1418335422821051
-0.14074094019072625
-0.13965440120029082
-0.13858818114821503
-0.1375262487315363
-0.13647275381627966
-0.13540990744777726
-0.13437299593086616
-0.13334446683148082
-0.1323242379513515
-0.13131222709221058
-0.13030835205578928
-0.1293125306438193
-0.12832468065803126
-0.1273447199001576
-0.12637256617192894
-0.12542819283342088
-0.12447564835514602
-0.12354259170047222
-0.12263015871938876
-0.1216941878491764
-0.12076487472332398
-0.11979506322849043
-0.1188842070839432
-0.11798077625969516
-0.11708011109770622
-0.11619203021840419
-0.11531110546173473
-0.11443727024779504
-0.11357045799668142
-0.11271060212849093
-0.11185763606332133
-0.1110126670253051
-0.11017267749119553
-0.1093392911645128
-0.10852695327868211
-0.10770745503001172
-0.10689430859148386
-0.10606802186196235
-0.10526678773574755
-0.10447165300946148
-0.10368344637179738
-0.10290049289269132
-0.10212294675182587
-0.10135257000665127
-0.10058807239991041
-0.09982788558811129
-0.09907553083873782
-0.09832891415043138
-0.09758798349319064
-0.09685268683701387
-0.09612273097957985
-0.09539843573689266
-0.09467963125745338
-0.0939662653571322
-0.09325856671964838
-0.09255710935357031
-0.09185944205449958
-0.09116747801295588
-0.09048067339419907
-0.08979892800462841
-0.08912232224255828
-0.08845110273508933
-0.08778481217359918
-0.08712340253157697
-0.08646682578251152
-0.08581503389989298
-0.08516797885720861
-0.08452561262795022
-0.08388788718560547
-0.08325475450366338
-0.08262493804676724
-0.08200130776020764
-0.08138001388570631
-0.08076471524401102
-0.08015382655227804
-0.07954730061726645
-0.0789450902457346
-0.07834714824444039
-0.07775342742014268
-0.07716666914787196
-0.07657795206655194
-0.07599740568242541
-0.07542010213752692
-0.07484815664838601
-0.07428006448108887
-0.07371582396561677
-0.07315543343195025
-0.0725988912100699
-0.07204619562995668
-0.07149854886538404
-0.07095535110818302
-0.07041586206644357
-0.06987997128627177
-0.06934756831377364
-0.06881854269505583
-0.06829068337506655
-0.06776804783186607
-0.06726453442388602
-0.06675223952739434
-0.06624314418681126
-0.06571393409407195
-0.06520958660865117
-0.0647086686036421
-0.06421114876177858
-0.06371766653208283
-0.06322674779625381
-0.062739124587612
-0.06225476548880715
-0.061773639082488674
-0.06129571395130662
-0.06082095867791065
-0.06034934184495061
-0.05988083203507599
-0.05941539783093658
-0.058952847646936035
-0.058493826981954544
-0.05803777843010599
-0.057585817247661486
-0.05713568631727772
-0.05668838084534766
-0.05624391563682568
-0.05580304431068189
-0.055364331112102816
-0.05492848586225235
-0.054495472351257734
-0.0540652543692452
-0.053637907436713705
-0.053213126945062916
-0.05279100125190367
-0.05237148856865717
-0.05195454710674463
-0.05154014932849524
-0.0511282374769087
-0.050717007845776596
-0.050309852924352305
-0.04990713707284117
-0.049505326884515366
-0.049105925713334386
-0.04870890398713257
-0.04831423213374314
-0.04792188058100033
-0.04753176387381727
-0.04714394214409287
-0.04675838063739621
-0.04637524677770627
-0.04599519299079144
-0.04561665589350755
-0.04523996235765809
-0.04486584515303435
-0.044494308402382776
-0.0441243836518862
-0.04375624686261187
-0.04339052088765841
-0.04302691343226159
-0.04266457185167394
-0.04230532908527554
-0.041948081525503195
-0.041592808425002264
-0.04123948903641872
-0.040888102612398086
-0.04053862840558581
-0.040191045668628134
-0.03984505661421936
-0.039501575781543063
-0.039159946797849815
-0.03882015578578449
-0.038482066685348454
-0.03814581810891704
-0.037811396270006986
-0.037478784612704985
-0.037147966581097897
-0.03681892561927244
-0.03649164517131498
-0.03616610868131234
-0.03583630552127104
-0.03551379362053786
-0.035192928155815456
-0.03487368529968127
-0.03455675559249044
-0.0342405383976111
-0.03392588392741297
-0.03361277734327328
-0.03330120380656909
-0.03299114847867746
-0.03268208010122792
-0.03237570454627833
-0.032070933538784874
-0.03176672446313655
-0.03146385897874815
-0.03116213219470032
-0.03086215091153824
-0.03056471031811217
-0.030267378047196064
-0.02997029154509903
-0.029675999533887193
-0.029383063969255524
-0.029091467452797254
-0.02880119258610539
-0.02851222197077327
-0.02822453820839385
-0.027938123900560274
-0.027652731505111994
-0.027368655411959125
-0.02708579210631612
-0.02680412519916009
-0.02652363830146845
-0.026244315024218312
-0.025966185325594596
-0.02568912521251479
-0.025413198069580756
-0.025138389830466734
-0.024864686428846955
-0.02459207379839559
-0.024320318453596418
-0.02404985031964285
-0.023780445949978968
-0.023512092228855197
-0.02324477604052229
-0.02297848426923102
-0.022713203799231738
-0.022448921514775233
-0.02218562430011206
-0.021923299039493
-0.02166193261716856
-0.021401511917389232
-0.02114201371901496
-0.020884096755180367
-0.02062668881887543
-0.020370135633728012
-0.020112228595804957
-0.01985707572916562
-0.01960278410707922
-0.01934935566715036
-0.01909679234698375
-0.018845096084184332
-0.018596143512509586
-0.01834367133068944
-0.018091939822988318
-0.017840881129146405
-0.017598462838293166
-0.017351249011474695
-0.017102321440756033
-0.016860940428699026
-0.01661570654934713
-0.016371591093050378
-0.01612868312940985
-0.015885952806153278
-0.01564388024834648
-0.015402455618930624
-0.015161669080846651
-0.014921510797035742
-0.014681970930438715
-0.01444303964399675
-0.014204776512330375
-0.01396736150618054
-0.013730526036923568
-0.013494259928349683
-0.013258553004248858
-0.013023110021123982
-0.012788493491299784
-0.012554437635307565
-0.0123209374833506
-0.012087713478081165
-0.01185516779995116
-0.011623129987294041
-0.011391568641542407
-0.011160497246060809
-0.010929907507288311
-0.010699791131663888
-0.010470112913974705
-0.0102408900699417
-0.010012073769479102
-0.009783709470265863
-0.0095557606621305
-0.009328217923376195
-0.009101079905734354
-0.008874298034302772
-0.008647881540328403
-0.008421819083809075
-0.008196099324742238
-0.00797066529243011
-0.007745665867398596
-0.00752097240740441
-0.007296588580060215
-0.007072501640213905
-0.006848717460216598
-0.006625217158679392
-0.0064019913389817135
-0.006179030604502891
-0.005956224066217118
-0.0057338237343646375
-0.005511672874363827
-0.0052893484259710355
-0.0050679907913446925
-0.004846242056383253
-0.004624581539499337
-0.004403250252083674
-0.004183247158993316
-0.003962300045275986
-0.003741649634648816
-0.0035211340937586905
-0.0033007492409499427
-0.0030803612086536883
-0.002860287855630356
-0.0026403304360219787
-0.002420450649157564
-0.0022006989203519345
-0.001981145255144241
-0.0017615446092863578
-0.00154201948463865
-0.001322558715968137
-0.0011031399741067913
-8.837866751347685E-4
-6.644935897054723E-4
-4.4525548847267277E-4
-2.2606714208959567E-4
-6.624220921684507E-6
