1501
6.595126445053952E-6
2.2527847961181379E-4
4.4395763528760294E-4
6.627572468744518E-4
8.814427183038362E-4
0.001100163752945034
0.0013189619336690817
0.001537798387724134
0.0017567155641302346
0.0019756520953135345
0.0021947318561952867
0.0024138846493224134
0.0026330529711411105
0.002852404199777737
0.0030720702556662934
0.003291701811729917
0.00351146807010453
0.0037313793412340895
0.003951445935562584
0.004171866543518754
0.004392240141683591
0.004612584227617119
0.004833336325335839
0.005054289532358654
0.0052754544561726124
0.005497009445053314
0.005718814270445197
0.005940684483601279
0.006162779851119921
0.0063850753817780576
0.006607752619555152
0.00683058353919596
0.007053694778259172
0.007277100577013015
0.007500815175725768
0.007724821527131692
0.007949208027197688
0.008173937254122646
0.008399535238041746
0.008624861254763937
0.008850566188543171
0.009076326009223694
0.009302889017772646
0.009529917230517597
0.009757273609749977
0.009985036027360963
0.010213214440671449
0.010441818807002429
0.01067073840069141
0.010900323933981326
0.011130215565079447
0.011360573007340904
0.011591408709711128
0.011822735121135436
0.01205475855544999
0.01228685011222929
0.012519794587875818
0.012753193847050176
0.012987147902660458
0.013221668348954163
0.013456601200891094
0.013692228787750088
0.013927910349472383
0.014164699902173311
0.01440211186375448
0.014640156104116647
0.014879400489274414
0.015118689364520599
0.015359120766265777
0.015599603411199953
0.015840762657043123
0.016082609309479995
0.016325101433885936
0.01656829653538451
0.016812203087029243
0.017056835190923103
0.017302206949169036
0.017548332463869915
0.01779520129579107
0.018042775260027344
0.018291172491234547
0.018540606722553837
0.01879068995793659
0.01904161737873812
0.0192934005012661
0.019544957662696885
0.019798500000432193
0.020052906087805064
0.02030818397821732
0.020564341725070642
0.0208213873817667
0.021079356941296992
0.021338214404179795
0.02159798725975079
0.02185868615444375
0.02212032173469261
0.022382490791389584
0.022645882948609947
0.02291025413303277
0.02317560695904644
0.02344195526525185
0.023709312890249634
0.023975539865759163
0.02424496126547432
0.024515449348760626
0.0247870147862833
0.02505966824870759
0.02533462861675731
0.02560972056835467
0.025885953351599406
0.026163333943011152
0.026441869319109607
0.026721566456414464
0.02700243233144528
0.027284473920721808
0.027567698200763574
0.027852112148090358
0.028137543212054056
0.02842447386820754
0.028712795228008292
0.029002350784829933
0.029293220301760375
0.029585424768689528
0.02987890996804385
0.030173616393305902
0.03046989066545641
0.030767504691819214
0.031066477180408225
0.031366704382113475
0.0316685256081943
0.03197174654451876
0.03227624753800837
0.032582320431277484
0.03288984439535181
0.03319883968947043
0.033509403264555315
0.033821460306206086
0.03413503962238271
0.034450159719744744
0.03476594067491723
0.03508439075149061
0.035404457210266194
0.03572615950441832
0.03604951708712159
0.03637454941155083
0.03670109541151986
0.03702776080918371
0.037358221219808724
0.03769036920668367
0.03802422531686708
0.03835981009741721
0.038697144095392516
0.03903652090044954
0.03937890105384087
0.03972146249746067
0.04006590024193252
0.04041223522699072
0.040760179706724076
0.04111036981888927
0.0414625237173456
0.041816120761978354
0.0421721909054841
0.04253025908942465
0.04289113522751534
0.043253319337235085
0.043618176685418286
0.04398454417653305
0.04435301055579116
0.044723186595853615
0.04509592989716768
0.045470843296161634
0.04584775683128506
0.046227098339744976
0.04660865848000556
0.046990986384193634
0.04737715995022168
0.047765619804714776
0.048156390738160915
0.04854949754104809
0.04894504970883032
0.04934277888382163
0.049743031947273114
0.05014576286008382
0.05055099948692662
0.0509590402043657
0.051368822877734116
0.05178151950800086
0.05219679054580953
0.052614407726029294
0.05303494617637758
0.05345814224658074
0.053884017847162735
0.05431269678832795
0.05474395966908119
0.05517810461099748
0.055615280153246016
0.05605501075585301
0.05649753809747199
0.05694288504120815
0.057390978067505594
0.057842005470585045
0.058295860867696225
0.05875208972955126
0.05921196344495683
0.05967229269565422
0.06013860224311984
0.06060799493892133
0.061080501758795314
0.06155615367847811
0.062038926331071775
0.06252119825840313
0.0630025928709147
0.06349130439740391
0.06398327536145376
0.06447853908769557
0.06497712890076057
0.06547336099479434
0.06597846562635146
0.06648908203502185
0.06700164527484614
0.0675176875745872
0.06803724770753705
0.0685648824692296
0.06909133246294907
0.06962138611035851
0.07015508107680712
0.07069370156461108
0.07123508560064773
0.07178055361775731
0.07232991080285367
0.07288320134320453
0.07344046942607718
0.07400306321865002
0.07456846229874292
0.07513792236302325
0.0757097324242395
0.07628717969605364
0.07686718601155523
0.0774530172330457
0.07804296843324765
0.07863709335689767
0.07923544574873231
0.07983807935348758
0.08043932900584577
0.08105634756595254
0.08167457727166927
0.08229550523042212
0.0829209613359363
0.08355100721998848
0.08418707030552597
0.08482658741736859
0.08547078282052162
0.08611970480286346
0.08677328768847176
0.08742704152144526
0.08809132325523239
0.08876060186093715
0.08943492381971163
0.09011433561270743
0.09079944987214306
0.09148886596375938
0.09218346704159963
0.09288329670925899
0.09358839857033185
0.09429881622841335
0.09501398838986297
0.09573882681631568
0.09646506355676293
0.09719697336465472
0.09793462089755356
0.09867853325650278
0.0994282530962638
0.10018396018337006
0.10094556384435327
0.10171312122601378
0.10248668947515249
0.10326632573857031
0.10405208716306757
0.10484511922438028
0.10564417109043872
0.10644834473574016
0.10725877735352624
0.10807571096094537
0.10889697139279875
0.10972625861242524
0.11056199556906865
0.11140424239204427
0.11225305921066708
0.11310850615425139
0.11397024254216848
0.11484517007747475
0.11572228239985893
0.11660635708627143
0.11749748095869106
0.11839574083909565
0.11930242585185025
0.12021576389922073
0.12113633569091498
0.12206423703277136
0.1229998750560527
0.12394265106918134
0.12489306013382684
0.12585118227228753
0.12681709750686254
0.12779088585985043
0.12877059813659242
0.12976083309170316
0.1307590519056292
0.1317653663840893
0.13277981867817312
0.13380245093897092
0.1348322248737639
0.13587261696061725
0.13692165856122085
0.13797945240601095
0.13904610122542294
0.14012170774989308
0.14120305997256133
0.14229604947634966
0.14339832335308667
0.14451000238261003
0.1456312073447571
0.14676205901936568
0.14790943150706692
0.14904385240339524
0.1502027752856131
0.1513715432395606
0.15255027409761945
0.15373908569217243
0.15493809585560203
0.15615880212232636
0.15737803917146642
0.15860748598394525
0.15984727904435014
0.1610846862091707
0.16235515093550001
0.16362712217286146
0.16491006490756055
0.16620408717587853
0.16750929701409545
0.1688294691727854
0.17016196470574985
0.171502872798864
0.1728530356721163
0.1742148076127622
0.17558830512062495
0.17697445620609442
0.17837238367989516
0.17978241743002288
0.18120467432901122
0.18263927124939283
0.18408632506370237
0.1855240998042481
0.1869987641816946
0.18848583635595617
0.1899854457903437
0.19150638108475626
0.1930302969080947
0.194572306324577
0.19612533755378447
0.1976916591461646
0.1992713956309179
0.20086467153724474
0.20247161139434577
0.2040874248312602
0.20572327019525982
0.2073720413512563
0.2090353838525184
0.21071351985960407
0.2124064646658269
0.21411444253526735
0.21583760022458653
0.21757848463834806
0.21933167154479294
0.221099884818712
0.22288386321931974
0.22468375458024226
0.22649970673511333
0.22833451318870734
0.23018268030397881
0.23205102216552942
0.2339355597297672
0.2358364760856606
0.23775395432217605
0.23968817752828464
0.2416361305994459
0.24360457830678195
0.24559030015617278
0.247593476976393
0.2495950885358198
0.251635088540773
0.2536943954750792
0.2557717677751188
0.2578673447252753
0.25998126560993495
0.26206188049098067
0.2641894297424139
0.26636468986055384
0.2685584704024504
0.2707710757478423
0.273002810276467
0.27531019611919016
0.27757903899615743
0.2798680877924824
0.28217433015171034
0.2845049092940939
0.28686355278965436
0.2892435629614536
0.29164532066324833
0.2940688601367385
0.29651245134224125
0.29897977187268143
0.3014710077124063
0.3039818948706934
0.3065147156944448
0.3090695035933153
0.3116220542577892
0.3142226327153277
0.3168445797331074
0.3194894896736791
0.322151369133046
0.324845989055764
0.3275643932073091
0.33030594852929496
0.33307340317122214
0.33586532110787304
0.33868196114631544
0.34152358209361977
0.3444191114782096
0.34731210588960026
0.3502291529523327
0.35314460061270636
0.35611457658225687
0.35910167604076726
0.3621252952383407
0.3651761352500509
0.36825440574417767
0.37136031638900047
0.37449407685279823
0.37764915752675754
0.38084620230212685
0.38406427868618964
0.38731104723119003
0.3905867779400394
0.39389174081564726
0.39721468021379325
0.4005812087355587
0.4039771274243926
0.40736343397584585
0.4108169809041906
0.41430051604606866
0.41781435702917835
0.4214233023231271
0.42499934817451845
0.42860596983196664
0.4322435930155766
0.4359119727439049
0.4395947746197859
0.44332646563500777
0.4470902206894527
0.45091916504394547
0.454743452098914
0.4585989257815428
0.46248583515739305
0.4664041549548861
0.47035771914264046
0.47434344493773395
0.4783597344134969
0.48241077842397084
0.48649464218614646
0.490686574241864
0.4948482104212455
0.49904264900676987
0.5032700921641755
0.5075196520657101
0.5118161169315174
0.5161504407562272
0.5205150176964972
0.5249131264715703
0.5293449003897441
0.533825206060063
0.5383272607346794
0.5428630093491433
0.5474212844989754
0.5520247236141205
0.5566613896294776
0.5613400227584324
0.566049571780932
0.5707923026370074
0.575568155383269
0.580377070076326
0.5852189867727908
0.5901591063256282
0.5950413556122744
0.599959199778489
0.6049118744676263
0.6098986153230372
0.6149186579880759
0.6199712381060904
0.6250954948271765
0.6302163098189442
0.6353667649966237
0.6405268281981629
0.6457366539555447
0.6509723635074427
0.6562346803456576
0.6615151771199059
0.6668445737763582
0.6721760557224812
0.6775295189040431
0.68290373809202
0.68829748805739
0.6937095435711313
0.6991386794042191
0.7045836703276271
0.7100432911123375
0.7155163165293263
0.7210015213495669
0.726488831336717
0.7319862819216914
0.737482880834559
0.7429560662057089
0.7484666438343988
0.7539981079761935
0.7594982552710392
0.7649854496789157
0.7704574321993651
0.7759119438319311
0.7813115676266063
0.7867150799942682
0.7920920804308307
0.797439346035195
0.8027840543775624
0.8080924513452583
0.8133596852352425
0.8185249361487701
0.8236830388499001
0.8287569330830378
0.8337599391191741
0.8386851729668625
0.8434529252775027
0.8483343520529618
0.8531489768863323
0.8578458170560253
0.8624519884180444
0.8669720363142073
0.8714114296377478
0.8757614884914902
0.8800319737143387
0.8842491625194384
0.888389036659329
0.8924748399419649
0.8964227426716453
0.9002901601295132
0.9040774064854054
0.9077847959091576
0.9115048934661472
0.9150940107751433
0.9186062988890553
0.9220457839137284
0.9254130186015228
0.9287085557048025
0.9319364658883194
0.9350851216389273
0.9381582530700028
0.9411565465998075
0.9440806886466158
0.9469313656286982
0.9497118651056216
0.9524165466116479
0.9550494749318723
0.9576112523506239
0.9601024811522327
0.9625227604093363
0.964871776443398
0.9671464990548619
0.9693557026208666
0.9714935844412063
0.9735461251216053
0.9755383576138392
0.9774593226492554
0.9793090141853389
0.9810874261795801
0.9827945525894712
0.984436421575726
0.9860042419737205
0.9875016878720926
0.9889288088599857
0.99026521899283
0.9915719978431383
0.9927646612811065
0.9938864911203673
0.9949372011057962
0.9959165049822705
0.9968361741102232
0.9976748579632586
0.9984404517085572
0.9991325025272451
0.9997505576004615
1.0002941641093335
1.0007628692349968
1.0011122467117568
1.0014325525028491
1.001678427751692
1.0018528844071408
1.0019373208149736
1.0019709355566784
1.0018966818756292
1.0017430802424885
1.0015096253185192
1.0011957473308764
1.0008040640114064
1.0003327125103372
0.9997811041718281
0.9991547911511462
0.9985151197515894
0.99769923615787
0.9967995829825345
0.9958154277754971
0.9947460380866708
0.9935906814659763
0.9923486254633263
0.9909368418639346
0.9895224433788128
0.9880869946011677
0.9864830174683421
0.9847839033872763
0.9829889987673308
0.9810976500178592
0.9791092035482274
0.9770230057677889
0.9747362191380429
0.9724531554822535
0.970069097274953
0.9676656341418326
0.9650733733627375
0.9623791085628319
0.9595563750552341
0.9566581339533275
0.9536552546900259
0.9505469255862407
0.9473441498157236
0.94386654728791
0.9404038342163101
0.9368312128783147
0.9331464260366751
0.9293472164541354
0.9254465266085186
0.9214144456691162
0.9172621387747002
0.9129877784574587
0.9085528951975608
0.9040042312859811
0.8993085081129308
0.8945760942681211
0.8896530434248175
0.8846034932194371
0.8794263322468883
0.8742202764347642
0.8685602429682024
0.8629995799511772
0.8573034994492232
0.8514729689167284
0.8455089558080999
0.839412159565657
0.8331778365684608
0.8268218589631164
0.8203367696328625
0.8137525566188835
0.8069894451912134
0.8000277049709199
0.7930249573140351
0.7859015179170221
0.7786590714448796
0.7712993025626238
0.7639226132883774
0.7563336771157321
0.7487055207732691
0.7408896535491705
0.7329683864039307
0.7249431079691693
0.7168152068765057
0.708586071757555
0.7001576453391936
0.6917130941663014
0.6831726863872198
0.6745379027380007
0.6659536822451928
0.6571390655369242
0.6482346833978871
0.6392456313712715
0.6301692894496069
0.6210087759681748
0.6115266292658781
0.6023487660453437
0.5929415526424808
0.5834601445162813
0.5739067062311083
0.5642834023513341
0.5543713203266192
0.5447234735734563
0.534878629562324
0.5249681260202745
0.5149933883314448
0.5049558418799691
0.4948623471763707
0.4847076179732026
0.4744944467158083
0.4642243438180511
0.4538414390207226
0.4434550251038507
0.43301651103625005
0.4225273242367118
0.4119175796549337
0.40133176935394577
0.39075287048377483
0.3800744905511664
0.3693314650496644
0.35857585128381775
0.34777957723156394
0.3369842017653033
0.3261104097774137
0.31520040213670075
0.30425560450547007
0.2932774425460334
0.28226734192068736
0.27122672829173844
0.260032495281151
0.248931692397945
0.2378031602748969
0.2266481804046938
0.21547050319817984
0.20427347873205637
0.19304446991554602
0.18178983450157205
0.17052605584896163
0.15924387696568942
0.1479445601083329
0.13662591895321086
0.12529531378840275
0.11395087782326474
0.10259386117401359
0.09122551395685097
0.07984134687955091
0.06845051854891349
0.05704449675171741
0.04563838752812277
0.03422724425411783
0.022812383177560847
0.011395120546310089
-1.5210586981950769E-5
-0.011446568458677753
-0.02286235981568563
-0.03427459268486999
-0.0456819165406932
-0.05708298085763541
-0.06847643511016166
-0.07986092877274231
-0.09123511131984685
-0.1025976322259492
-0.11394808805912238
-0.12529537495328125
-0.13663196805713973
-0.14795294125531555
-0.15925580627033398
-0.17054814891481218
-0.18182080085744712
-0.19305070833016913
-0.20427696566088294
-0.21548074661370453
-0.2266607655909043
-0.23782998783905107
-0.24895555933469637
-0.26005463553651875
-0.27112592919427314
-0.28216815305773135
-0.29313932696299627
-0.3041187830810266
-0.3150648690157194
-0.32597620536788785
-0.3368430516234655
-0.3476795507825656
-0.3584775790792696
-0.36926201718321927
-0.3799807674121052
-0.3906561893563163
-0.4012869258067351
-0.4118570588053734
-0.4223933181518378
-0.4328805419103281
-0.4433172967143788
-0.4537021491975146
-0.46404898732810995
-0.47432454031537485
-0.48454234320367195
-0.49470073971955486
-0.5047771979561366
-0.5148207223334635
-0.5247621982400341
-0.5346661506318666
-0.544504413991528
-0.5542754522600646
-0.5639777293785047
-0.57360970928789
-0.5832053754905813
-0.592694358107055
-0.6021073207812453
-0.6114424680781703
-0.620698004562807
-0.6297940807592415
-0.6388948470288813
-0.6478748372546494
-0.6567593892191033
-0.6655469389434483
-0.6742383878073035
-0.6828275662369245
-0.6915434894134158
-0.6999929891659757
-0.7083452200831024
-0.7165981453385362
-0.7241529331599796
-0.7320845810321108
-0.7399020394081193
-0.7484888076694141
-0.7561900247930433
-0.7636392837596286
-0.7711311215289491
-0.7785046611694382
-0.7857592759760852
-0.7928943392438912
-0.7998859285582487
-0.8067773204558195
-0.8135514386238931
-0.8201615105018565
-0.826681333135225
-0.8330708696999638
-0.8393303937587868
-0.8453343752133868
-0.8514144408450095
-0.8572628856681215
-0.8629797357494766
-0.8685647095987328
-0.8740175257255789
-0.879303175470608
-0.884499069106905
-0.8895582930017136
-0.8944824673928062
-0.8992397873886695
-0.9040219530990186
-0.908555864671114
-0.912965989595528
-0.9172533913762448
-0.9214191335172206
-0.9254642795224388
-0.9293925516611452
-0.9331994865090696
-0.9368889085268748
-0.9404618651357435
-0.9439673357091394
-0.9473096067678597
-0.9504016022142254
-0.9535107807334855
-0.9565124892109411
-0.9594077568648878
-0.9622130024642024
-0.9648739839932139
-0.967461441794156
-0.9699442941377683
-0.9723259746305537
-0.9746074969753122
-0.9768226228321328
-0.9789096633983885
-0.980899402420568
-0.982792820615086
-0.9845908986983538
-0.9862923071325556
-0.9878984572897238
-0.9894112147622147
-0.990795760893481
-0.9921793671340717
-0.9934231615603188
-0.9945802090938729
-0.9956493105689361
-0.9966024948534171
-0.9974973135417162
-0.9983086863872783
-0.9990371863838066
-0.9996833865249997
-1.000240850630651
-1.0007200238446599
-1.0011173841910388
-1.0014335111758585
-1.0016689843051836
-1.0018121768492252
-1.0018827125917245
-1.0018964896648574
-1.0018114365404456
-1.0016493231776726
-1.0014107862518573
-1.0010964624383103
-1.0007024151784218
-1.0002375589260089
-0.999698245939384
-0.9990847573037298
-0.9983828952202316
-0.9976172881821297
-0.9967793514206917
-0.9958690516492492
-0.9948863555811194
-0.9938479401978428
-0.9927156358778291
-0.9915109656113374
-0.9902352194062614
-0.9888866048046339
-0.9874651191456127
-0.9859708462969756
-0.9843980030764934
-0.9827623148742921
-0.9810540697213614
-0.9792577699472584
-0.9774172194788626
-0.9754964310167757
-0.9735048899072263
-0.9714469762690241
-0.9693126424238052
-0.9671068472447963
-0.9648295246350358
-0.9624776107122655
-0.9600563959330399
-0.9575623217315536
-0.9549941357483132
-0.9523596820065618
-0.9496496092905291
-0.9468670273942346
-0.9440115862345877
-0.9410681313966158
-0.9380703637466521
-0.9349993904807432
-0.9318548294442408
-0.9286362984824965
-0.9253574311045032
-0.921989595651211
-0.9185469689669059
-0.9150141924598358
-0.9114217186154896
-0.9077274901444135
-0.9039835377042893
-0.9001610781127853
-0.8962453604211964
-0.892277314725785
-0.888233612267225
-0.8841075715135198
-0.8799029465956352
-0.875606457860242
-0.8712400609911466
-0.8667487727260856
-0.8622481957405719
-0.8576627205491008
-0.852977926307521
-0.8482428343925736
-0.8434373581112125
-0.8385593793188977
-0.8336202512177588
-0.8286626551529781
-0.8235085367748693
-0.8183527280228393
-0.8131429402435733
-0.8078845944692947
-0.8026215820407478
-0.7973008928508363
-0.7919530782051596
-0.7865836377130822
-0.781161868022568
-0.7756982611439955
-0.7702357716954467
-0.764747483779626
-0.7592527707448564
-0.7537551961567335
-0.7482768249325455
-0.7427812170426686
-0.7372808078466648
-0.7317781320503953
-0.7262757243597173
-0.7207761194804938
-0.7152818521185793
-0.7097954569798386
-0.704395825311896
-0.6989478552643544
-0.693517989353698
-0.6880961111807498
-0.6827037215802028
-0.6773291498601055
-0.6719782451410388
-0.6666795801527212
-0.6613678120753548
-0.6560597105717836
-0.650810580670806
-0.6455898718353681
-0.6403984549424981
-0.6352372008692266
-0.6300081316201758
-0.62491943619741
-0.6198323532218866
-0.6147738404391045
-0.6097442783064766
-0.6047440472814212
-0.5997578626515048
-0.5948098717937844
-0.5899135848889911
-0.5850492581575355
-0.5802192458128572
-0.5754184985138426
-0.5706319385726051
-0.5659073666691974
-0.5612020019241122
-0.5565312227476245
-0.5518951967248968
-0.5472940914411084
-0.542727864420637
-0.53814304793084
-0.53364558265084
-0.5291832862692329
-0.5247561275356292
-0.5203640751996277
-0.5160559661946458
-0.511729932824545
-0.5074375056064291
-0.5031787214909231
-0.49895169561582176
-0.49475876986141865
-0.4905819849043951
-0.48645431808531603
-0.4823543218118047
-0.47829893588534533
-0.4743027929475998
-0.4703113250468749
-0.4663522218525742
-0.4624253459389145
-0.4585156367011196
-0.4546588821914428
-0.4508344188355413
-0.44704198318681043
-0.44329828964188667
-0.43956933649674834
-0.43587176991704335
-0.43220535071901245
-0.42856994235380874
-0.42496635234250735
-0.42139277766527083
-0.41784887902161905
-0.4143343171110798
-0.4108439084833837
-0.4073917730727199
-0.40396940207069654
-0.40057659244194443
-0.3972131411510922
-0.3938778271635397
-0.3905843775790183
-0.38731131508506755
-0.3840673489472879
-0.3808517573398098
-0.37766431089399166
-0.37444897364253027
-0.37131659729429156
-0.3682118988609786
-0.3651346323437026
-0.36212206083207366
-0.3590989330704657
-0.35609722658753085
-0.35312817470390456
-0.35018132961159165
-0.34726062918159695
-0.3443822899454241
-0.3415138766515926
-0.338653352635923
-0.33583608476205606
-0.33304389965075765
-0.33027656056303245
-0.3275338307598852
-0.3248154735023254
-0.32215168386818926
-0.31948409220452767
-0.3168420658424458
-0.31422237382373286
-0.31162629643843864
-0.3090536438570872
-0.30650061610300083
-0.30397189963365356
-0.30146559860066824
-0.29899347132071386
-0.296533418865345
-0.29409469755332185
-0.29167785439899463
-0.2892821896093001
-0.28690722506529354
-0.28455491351876483
-0.2822230645018766
-0.2799119179244296
-0.2776212621331695
-0.27535088547484143
-0.27307967465314054
-0.27087063706087045
-0.2686605160987985
-0.26647001490783073
-0.2642989683536461
-0.26214721130193097
-0.2600168865505441
-0.2579032694113601
-0.2558084451638898
-0.2537322459225959
-0.25167450380194367
-0.24963505091639915
-0.24761178849025756
-0.24560996652966582
-0.2436255651955812
-0.24165845777597728
-0.23970851755883094
-0.2377756178321222
-0.23584542913720674
-0.2339485254690885
-0.23206804025017314
-0.23020385993933767
-0.2283637303166346
-0.22651716452762827
-0.22470038814515458
-0.22290092803064954
-0.22111720633784104
-0.21934911078883945
-0.21759652910575633
-0.2158593490107017
-0.21414438471914665
-0.2124370189248368
-0.2107445322257795
-0.20906680973965164
-0.2074010789922356
-0.20575247997799906
-0.20411909939947126
-0.20249885676588608
-0.20089256453629845
-0.19929660237770241
-0.19771646441945778
-0.1961558219061068
-0.19460380768319951
-0.19306533734436937
-0.1915402662532547
-0.1900343957758096
-0.18853790817863414
-0.18705335837268788
-0.185581668036646
-0.18412269759597755
-0.18267630747615415
-0.18124074360609654
-0.17980671816830207
-0.17839478369481576
-0.1769958201286067
-0.1756095571853784
-0.1742348997832015
-0.17287379035717
-0.17152443171377163
-0.17018661380071964
-0.1688601265657277
-0.16754427870327626
-0.16623985581192557
-0.16494615524774747
-0.1636629603552815
-0.16239005447906685
-0.16112202688975308
-0.15988012989368883
-0.15863968496692682
-0.15740961294800448
-0.1561898616690679
-0.15498037896226347
-0.15377963782723691
-0.15260002080295032
-0.15142080880323483
-0.15025101706321886
-0.14909103782040245
-0.14794078419845758
-0.14680016932105133
-0.1456721996780096
-0.1445506238889941
-0.1434382645114214
-0.1423350323547834
-0.14124083822857236
-0.14015559294228008
-0.1390792073053989
-0.13801429041316038
-0.13695604913222703
-0.13590660432281598
-0.13486701513762978
-0.13383541276672017
-0.1328122598352709
-0.13179747448372914
-0.13078817768647288
-0.12979027495540474
-0.1288004790854972
-0.12781363676469737
-0.12683965652911633
-0.12586334292327306
-0.12490566085712007
-0.12395540189973875
-0.12301249363228017
-0.1220768636358962
-0.1211595204647331
-0.12024472958730026
-0.11933164140446162
-0.11842568949659849
-0.11752681763440631
-0.1166344257579256
-0.11574954129426784
-0.1148689686553902
-0.1139981923776644
-0.1131343190241475
-0.11227728148389848
-0.11142701264597654
-0.11058581798915001
-0.10974997178548873
-0.10892036768410518
-0.10809718952284553
-0.10728039959980817
-0.10646996021309407
-0.1056654994030759
-0.10486760773029385
-0.10407593043646812
-0.10329042794005028
-0.1025110606594915
-0.10173778901324376
-0.10097057341975851
-0.1002094705155388
-0.09945228162305209
-0.09870335502492161
-0.09795935644300946
-0.09722237581766663
-0.09649033094509002
-0.09576388150329707
-0.09504297089727015
-0.09432754253199227
-0.09361753981244586
-0.09291290614361447
-0.09221358493048049
-0.09144462008057885
-0.09075555975195537
-0.09007180522794589
-0.08939327683737908
-0.08871989490908383
-0.08805157977188827
-0.08741206164895321
-0.08675364815157932
-0.08610017371636497
-0.08545153345479223
-0.08480762247834533
-0.08413831877409217
-0.0835034974017635
-0.08287301309275497
-0.08224675159980788
-0.0816615350998054
-0.08108325310761555
-0.08047476258629954
-0.07986728737847038
-0.07925840195614375
-0.07866029635681066
-0.0780663251458662
-0.07747649293734166
-0.07689230736456631
-0.07631044463602549
-0.07573282137770981
-0.07516191677369016
-0.07459190528776127
-0.07402703324338356
-0.07346541505298887
-0.07290785742164985
-0.07235437405163464
-0.07180494598936904
-0.07125739395970043
-0.07071632506806774
-0.07017826624112711
-0.06964398419248347
-0.06911343216954102
-0.0685865634197011
-0.06806392793527771
-0.06754437612510822
-0.067028367077201
-0.06651586055710684
-0.06600235157811918
-0.06549676480570199
-0.0649945043477479
-0.06449553098919059
-0.06399980551496404
-0.06350728871000155
-0.06302262585955987
-0.06253682426893481
-0.06205247807466008
-0.06157329468852751
-0.0610973238297835
-0.06062454091672281
-0.06015492136764111
-0.05968844060083256
-0.0592260251391844
-0.05876564405476059
-0.05830830194338271
-0.057852417912552245
-0.057400340527225924
-0.05695227123044472
-0.05650709424744743
-0.056064779259833886
-0.05562674444737897
-0.05518789447404121
-0.05475577128045955
-0.05432381355258048
-0.05389465515361552
-0.05346826779634645
-0.05304462319355499
-0.052622996977419484
-0.05220492002339755
-0.05179010623184052
-0.05137731792877234
-0.050967099011448885
-0.050558904977965946
-0.050153824580085604
-0.04975106883975125
-0.049350746197843964
-0.04895286196894991
-0.048557222302979375
-0.048163973385761866
-0.04777308799960869
-0.047384454627860284
-0.04699861277881778
-0.04661499537627964
-0.04623354592859788
-0.045854277765667056
-0.0454771651555175
-0.04510218236617869
-0.04472993639055989
-0.04435941512241218
-0.04399093696597073
-0.04362447253288296
-0.04326022037051444
-0.04289809163169678
-0.042505545791960864
-0.042147960371222926
-0.041792322782351926
-0.04143861319194589
-0.04110702145719958
-0.040739917809571646
-0.04041472803198773
-0.040068355487128254
-0.03972387354746429
-0.03938125743972454
-0.03904048239063568
-0.03869793123676013
-0.03836082661725934
-0.038025492995992144
-0.03769190642832754
-0.03736004296963394
-0.037034546251908634
-0.03670809557080054
-0.03638069807871064
-0.03605569253908608
-0.03573232829151465
-0.03541059593773738
-0.03509152718797928
-0.034773123790757976
-0.03445630283409967
-0.03414134702098398
-0.03382765111116848
-0.03351551959220006
-0.033204935590649465
-0.03289591268450959
-0.03258780323589233
-0.03228179973180151
-0.031976043494705786
-0.031672215100285755
-0.031370464499482914
-0.03107014066794128
-0.030771234538525732
-0.03047373704410064
-0.030177639117530963
-0.029882926092747203
-0.029589606514361516
-0.029298351180378768
-0.02900757275426069
-0.028718099159924265
-0.028429916969596347
-0.028143012755503738
-0.02785737308987324
-0.027573491486839075
-0.02729024229700172
-0.027008192921048363
-0.026727329245942427
-0.026447393241840172
-0.026168947114791757
-0.02589164894976055
-0.025615480757163064
-0.025340504670348915
-0.02506648429336296
-0.024793803285284133
-0.02452205075341074
-0.024251363639778548
-0.023981728268214347
-0.023713130962543863
-0.023444197546211715
-0.023178278873914812
-0.02291271968561863
-0.02264845811091018
-0.022384942461779744
-0.022122422358957977
-0.021861300114597956
-0.021600834655839354
-0.02134193154982135
-0.02108342354369125
-0.020825234780571578
-0.020568384696210792
-0.020312391093439228
-0.020057239680984634
-0.01980291616757518
-0.01955008515875742
-0.019297271925273973
-0.01904525648889456
-0.01879422142569981
-0.01854403201901611
-0.018294651921432786
-0.01804606983219846
-0.01779852122413758
-0.01755153352506758
-0.017305302396840833
-0.01705981689047112
-0.016815066056972527
-0.01657103894735848
-0.016327724612642966
-0.016085112103839838
-0.015843234921541216
-0.015602139817520122
-0.015361579087137839
-0.01512128582386972
-0.014882036291330086
-0.014643507662537136
-0.014405519968610683
-0.014168125659599073
-0.013931372081165114
-0.013695190503877436
-0.013459559876047023
-0.013224485724223814
-0.012989956270505192
-0.01275596070442074
-0.012522488215499908
-0.012289611715692796
-0.012056654058651417
-0.011824661039003467
-0.01159315963087007
-0.011362141198617871
-0.011131597106613003
-0.010901524312081003
-0.010672554237467942
-0.01044347857922412
-0.010214842886218704
-0.009986630702370727
-0.009758857161943517
-0.009531498472899663
-0.00930454576545571
-0.009078015443246788
-0.00885183309956579
-0.00862602084264815
-0.008400552052342518
-0.008175423519282715
-0.00795062735264876
-0.00772608245161073
-0.007501943265915231
-0.0072781158982219915
-0.007054590539871168
-0.006831357382202849
-0.00660840661655758
-0.006385741590206249
-0.0061633353679685365
-0.005941252028317256
-0.005719241913120846
-0.005497681223155439
-0.005276199344704555
-0.0050549947939593776
-0.004834000874200162
-0.0046132081834047226
-0.004392607319549911
-0.004172188880613423
-0.003951943464572536
-0.0037318008210185417
-0.003511888955496364
-0.003292112923272101
-0.003072463891440157
-0.0028529330270953314
-0.002633511497331294
-0.002414204599398102
-0.0021949984335277225
-0.0019758904657825992
-0.0017568701463613976
-0.0015379269254630042
-0.0013190489127111486
-0.0011002369745623736
-8.814730069939269E-4
-6.62729246363473E-4
-4.4400992278017734E-4
-2.2530493181146215E-4
-6.604169025112245E-6
