1501
6.553429096000888E-6
2.2588558047732668E-4
4.4522517620648435E-4
6.645798493873059E-4
8.839590936349003E-4
0.0011033724025642736
0.0013228292697904324
0.001542340737140083
0.0017619039206013994
0.001981539123199207
0.0022012560003108004
0.0024210642073135783
0.002640973399584936
0.0028607561515674867
0.003080896962383395
0.003301169157065447
0.003521573735603873
0.00374213246938903
0.00396288105531142
0.00418373433488857
0.0044048130969566585
0.004626068909061188
0.004847510814877415
0.0050691478580807
0.005290989082346376
0.00551304353134973
0.005735320248766017
0.005957768833259065
0.006180537295644328
0.006403563065689448
0.006627149621994621
0.006850789205347922
0.007073684486913728
0.007297796144651002
0.00752225454307115
0.0077470242963103494
0.007972141114389618
0.00819759830742986
0.008423405341945647
0.008649571684451636
0.008876283537142544
0.009103120036849432
0.009330340404634749
0.009557954576430425
0.009786200898725228
0.010014645071572972
0.010243508373269185
0.010472920078088505
0.010702725341719808
0.010932958637512834
0.011163629530658428
0.011394747586347495
0.011625881339173583
0.011857909293452124
0.012090427241141836
0.012323058175824034
0.012556594026680093
0.012790682144112546
0.013025333182444448
0.013260621349937454
0.01349644172489689
0.013732786768540853
0.013969734091389602
0.014207291462334945
0.01444546665026869
0.01468426742408252
0.014923268159062905
0.015163274524212872
0.015404018484128479
0.01564541223101082
0.015887461023047444
0.016130170118426115
0.01637349458305376
0.01661755216580242
0.01686230435378548
0.017107762041848107
0.017353936124835517
0.017600837497592822
0.017847526027309185
0.01809616547948062
0.01834561818002041
0.018595892293672533
0.01884724549554624
0.019099184586118673
0.019351919554971564
0.01960546491737969
0.01986046125278361
0.020116003011203393
0.020372037989685024
0.020629217753498894
0.020887270781534087
0.02114531721940016
0.021404923891179317
0.02166541078073865
0.021926794559451623
0.02218909189869181
0.022452319469832643
0.022716493944247712
0.022981631993310353
0.02324751469178382
0.023514962831340372
0.023783412674629564
0.02405147037795785
0.02432136487735155
0.02459180058052135
0.02486501894661859
0.025138644178963013
0.025413472447750052
0.025689509330735147
0.02596676040567361
0.02624523125032066
0.026524927442431706
0.026805630584813556
0.027087296714266684
0.02737018659985896
0.02765431595356649
0.027939700487365438
0.028226355913231915
0.02851429794314217
0.028805996457024086
0.029096534708269395
0.029388360989329232
0.029680304378618128
0.02997488970912457
0.030270819823728895
0.030568112236303374
0.03086678446072022
0.031166854010852174
0.031468338400571644
0.031770493589814874
0.03207493414917115
0.03238107511446095
0.03268831130816413
0.03299701378011255
0.033307203358447
0.03361921806511253
0.03393252518491757
0.034247367320803246
0.0345637652015926
0.03488122014443629
0.0352008153111609
0.035522038340750545
0.03584490715959204
0.036169439694072575
0.03649582237301263
0.03682485065215807
0.037154412909035955
0.03748601054768885
0.037819022449033624
0.03815380588765785
0.038490032167192045
0.03882838636790395
0.0391682418904557
0.03951037807261104
0.03985433771648236
0.04020014085088813
0.040547807504646594
0.0408959512120064
0.04124738818068113
0.041600833237027485
0.04195630209889603
0.04231381048413718
0.042673374110601375
0.04303500869613902
0.043398729958600724
0.043764553615836865
0.04413249538569777
0.044502658277760065
0.0448748570553944
0.04524920955445799
0.04562297533499021
0.04600473053215198
0.04638564788596383
0.04676828736477723
0.047153709793544024
0.04754139642185429
0.047931266649292315
0.04832364353874477
0.04871833452417135
0.0491153627618815
0.04951475140818484
0.04991652361939097
0.0503199176321083
0.05072683267673833
0.05113632388826228
0.05154780374216811
0.05196202309377845
0.052378915989302666
0.052799065343597185
0.05322184001144403
0.053647153311068396
0.05407509644591113
0.05450570442145519
0.054939012243183316
0.05537505491657796
0.05581386744712191
0.05625548484029824
0.05669994210158946
0.05714842533653042
0.057598752601510816
0.05805195362636656
0.05850545721270639
0.05896440792187796
0.05942636685751451
0.059891363751299054
0.06035942833491492
0.06083059034004479
0.061304879498371934
0.06178232554157986
0.062262958201351526
0.06274680720936959
0.06323390229731762
0.0637271878446452
0.06422247460197328
0.06471989176864112
0.06522071812764052
0.06573060513842144
0.06623718747640289
0.06674682948941002
0.06725745520771437
0.06777350836208973
0.06829545766865286
0.06882126925717225
0.0693502125995985
0.06988276125477255
0.0704189567380138
0.07095915657275481
0.07150302961359806
0.072050792720874
0.07260250904708432
0.07315824174473096
0.07371512333640862
0.07427909761338963
0.07485018164557405
0.07542259518755834
0.0760001774191364
0.07658049127353961
0.07716497026439773
0.07775366212340462
0.07834661458225578
0.07894387537264519
0.07954549222626783
0.08015151287481787
0.08076643774287656
0.0813817371022274
0.0820015021629159
0.08262722060738525
0.08325603453050051
0.08388944432710893
0.08452751108682777
0.08517029589927438
0.08581785985406643
0.08647026404082109
0.08712756954915624
0.08778822308475392
0.08845589854188596
0.08912864217934313
0.0898071178189137
0.09048985687568228
0.09117499632205456
0.09186659047225193
0.09256468560445286
0.09327048038366714
0.09397948156989172
0.09469386181196304
0.09541364289354803
0.09613884659831406
0.0968694947099294
0.09760026156331503
0.09834202659049607
0.09908947971979432
0.09984466800073288
0.10060701088067941
0.10137208323311442
0.10214338538960432
0.10291672222797649
0.10370040088765009
0.1044881696025019
0.10528395692521197
0.10608601251392857
0.10689439847447618
0.10771083681030869
0.1085324944578121
0.10936059726306269
0.11019521348369199
0.11103641137733367
0.11188725297563495
0.11274222828823621
0.11361630527243372
0.11448584424218278
0.1153455574673955
0.11622696714085323
0.11711203586791996
0.11800835329587644
0.11891185258002568
0.1198226247284655
0.1207407607492933
0.12166635165060702
0.12259948844050317
0.12354069061356687
0.12448938029916135
0.1254459837569446
0.12641415276185886
0.12738424781439384
0.12836236152750313
0.12934892545724708
0.13034328648007132
0.13133595024775335
0.1323485958902314
0.13336968680927885
0.134399298379543
0.13543750597567294
0.13648438497231696
0.13754001074412292
0.13860445866573978
0.1396778041118153
0.14076716099821251
0.14185791790502145
0.14295781309556155
0.14406694217720029
0.14518885410442117
0.146317135478364
0.14746501680159263
0.14861100726689813
0.1497564477719705
0.15091550674472187
0.15209200329305073
0.15327966610065913
0.15447568877828666
0.1556817801491115
0.15689804220767212
0.1581245769485078
0.15936148636615843
0.16060887245516298
0.16186683721006057
0.16313548262539013
0.16441491069569059
0.16570522341550198
0.16701441561673935
0.16832853872695897
0.1696547529713336
0.1709892889501048
0.1723349381316167
0.17369220970504085
0.1750542343346545
0.17643593753437237
0.17782961899700034
0.17923540026884754
0.18065340289622323
0.1820837484254354
0.18352655840279286
0.18498195437460496
0.18645917525220213
0.18793906918266035
0.18943191607719423
0.1909336828688719
0.19245404304190528
0.1939804649545781
0.1955254253295824
0.19708680036958504
0.19866083736088913
0.20024873262347942
0.20184836900181868
0.20346741640757138
0.20509968596030048
0.2067372880877837
0.20840250535436355
0.21007572291206622
0.21174978114092102
0.21345251242955243
0.2151708514567644
0.21690482667567013
0.2186591602886261
0.22042321633655382
0.22220272418887688
0.22399778538216242
0.22580850145297493
0.22764435437994268
0.22948857076138895
0.2313489350515876
0.23323145551462376
0.23511729433614192
0.23702734214697463
0.23894871305238485
0.24089414537613352
0.24285679752229195
0.24483684895171876
0.2468344791252739
0.24884986750381355
0.25088319354819877
0.25293463671928595
0.2550043764779357
0.2570925922850058
0.2592142815148706
0.26134149316041855
0.2634871476077776
0.26572172126277604
0.26789532644898006
0.2700863182379829
0.27227999116378854
0.2744907040684854
0.2767523091960018
0.2790343600717662
0.28133704682880123
0.2836605596001309
0.28600508851877704
0.2883708237177631
0.29075795533011073
0.2931666734888445
0.29559149151113506
0.29804515119652075
0.3005233319769267
0.30302114854543416
0.3055417222015593
0.3080852714229825
0.31065128527759844
0.3132427392687869
0.31585523469945787
0.31849077664471515
0.3211496260231552
0.32383204375337593
0.32653829075397267
0.3292717359498143
0.3320270347529417
0.3348070215813683
0.33760629671493847
0.3404338733145862
0.3432862270578245
0.3461798425302196
0.3490852788798331
0.35201339418866473
0.3549727467725641
0.35795864933038635
0.36097131871173715
0.3640109717662183
0.36708649723699827
0.3701820433599381
0.3733050247941634
0.3764555901507767
0.37965645995878416
0.3828471528952848
0.38605350447247755
0.3893159896157987
0.39262877360911963
0.3959492810212757
0.3992988681845824
0.4026778035005685
0.40608117061270343
0.40951857191910057
0.41298593699589325
0.4164833970966275
0.42001468939535336
0.42357361530386983
0.4271621495345852
0.430780429706928
0.4344285934403289
0.4381067783542174
0.44181512206802287
0.44555376220117404
0.449322836373101
0.4531224822032338
0.456996767198929
0.46086560053412473
0.464766225147609
0.4687151017478821
0.4726857445209438
0.47668928379255204
0.4807084860273432
0.4847696969169184
0.4888640563647346
0.4929915791009507
0.4971522798557251
0.5013461733592286
0.5055555293604166
0.5098164453307912
0.5141108124977944
0.5184387681930511
0.5228004497481913
0.5271959944948392
0.5316514697531751
0.5361131473407834
0.5406009291782623
0.5451194778552919
0.5496830748007682
0.5542799863788987
0.5589040738879674
0.5635601454655763
0.568248175681799
0.5729681391067079
0.5777200103103728
0.5825037638628618
0.5873193743342475
0.5921668162946054
0.5969970897730303
0.6018977270934278
0.6067778778746531
0.611742756217251
0.6167371167259104
0.6217596593880046
0.6268090841909033
0.6318959173737113
0.6369992181762476
0.6421271106616246
0.6472787951437784
0.6523871863611768
0.6575650526108636
0.6627629810154616
0.6680191654855308
0.6732476722387011
0.6784955715232734
0.6837383224207194
0.6890361896763659
0.6943435555743056
0.699658698012485
0.7049798948888513
0.7103054241013478
0.7156224399811104
0.7209541736476353
0.7262833311295136
0.7316125922290642
0.7369354683106533
0.7422497906801864
0.7475736748857074
0.7528821001002721
0.7581766863646031
0.763454820656146
0.7687138899523558
0.7739445262872664
0.7791471051736036
0.7843279480068848
0.7895286654235427
0.7946618517382693
0.7997615359361849
0.804824949994086
0.8098493258887789
0.8148318955970595
0.8197773886727471
0.8246432632746465
0.8294644558665172
0.834237248674067
0.8390146141049777
0.8436303821539934
0.8482777521218554
0.852860902281174
0.8573785443369442
0.8618293899941674
0.8661380202759865
0.8704119325177686
0.8746361421188436
0.8788189421467436
0.8829331188941003
0.8869408639462204
0.8908955960885159
0.8947784341914158
0.8985897516900847
0.9023299220196863
0.9059993186153852
0.9095983149123468
0.9131278377176919
0.9165629500985117
0.9199455305957107
0.9232557222659938
0.9264939792678248
0.9296156397023321
0.9327262555640257
0.9357214310768738
0.9386605202757234
0.9415266926015846
0.9443200691280245
0.947040770928619
0.9496889190769426
0.9522646346465651
0.9547680387110624
0.9571937467631573
0.9595515239450361
0.9618319967647677
0.9640439327825643
0.9661886431622548
0.9682529034754506
0.9702450737652439
0.9721650356398719
0.9740126707075687
0.9757953360846168
0.9774996570541763
0.9791313680703313
0.9806902958299162
0.9821762670297742
0.9835775671426115
0.9849161846487693
0.9862046863513889
0.9873918225020555
0.9885045207719187
0.9895425151541692
0.9905055396419922
0.9913961435365621
0.9922103851677084
0.9929492939666682
0.9936224341480235
0.9942146210038771
0.9947242212555318
0.9951624174389524
0.9955232964888205
0.995806417218513
0.996030455367281
0.9961520879546022
0.9961790248576996
0.9961420627832727
0.9960245796318485
0.9958262538220977
0.9955574509089766
0.9951963357776386
0.9947533560901718
0.9942280723842094
0.9935764304966987
0.992873129850028
0.9921292059872231
0.9912355458352948
0.9902886174244063
0.9892548015400955
0.9881329602552702
0.9868454524291286
0.9855414170525121
0.9841450932211808
0.9826554714572717
0.9810715422829137
0.9793922962202402
0.9776167237913871
0.9757274196602195
0.9736501375146691
0.9715796557240441
0.9694482153410977
0.967207619105368
0.9648322066262196
0.9623564821415398
0.959834276094675
0.9571640969982607
0.9543916331381137
0.9515152374872304
0.9485332630185974
0.9455202338675042
0.9423194632130913
0.939004846631998
0.9355813248782425
0.9320265844662838
0.9284115077699973
0.9246414899021991
0.9207566050735618
0.9166774855345707
0.9125871734559867
0.9083729494788049
0.9040346062116056
0.899571936262964
0.894984732241463
0.8902727867556761
0.8854358924141827
0.8804641571480589
0.8754126654810266
0.8701942458832779
0.8648546714530587
0.8593513845843015
0.8537632613010118
0.8481048872501118
0.8423167825964768
0.8363618362946372
0.8302835592210336
0.8240827191381204
0.8177600838083494
0.8113164209941734
0.804756838390067
0.7980822466356559
0.7912901043331706
0.7843362925323216
0.7772946776038046
0.7701391325637408
0.7627322089199753
0.7553597141475867
0.7478820786619389
0.7403978338487462
0.7326893497963729
0.7249346839846913
0.7170183365569747
0.7091320386490567
0.701013688266797
0.6927938140133865
0.6844743760068877
0.6760573343653613
0.6675446492068611
0.6589382806494539
0.6502401888111935
0.6414523338101406
0.6325766757643585
0.6235781019849078
0.6145510936249972
0.6054459497791482
0.5963126404828136
0.587035188385804
0.5776827112777143
0.5682572752742381
0.5587609464910814
0.5492459449178577
0.5395920178756555
0.5298700999259154
0.5200818021374367
0.510228735579024
0.5003125113194784
0.49033474042760705
0.4802817756101305
0.4701856603961341
0.4600233513483527
0.44980821812355654
0.43952454834808297
0.42921332534258827
0.418837538017085
0.4084116137645566
0.39793684570675136
0.3873619151310379
0.3767960796450378
0.3661855534512082
0.35553175405406545
0.3448360989581438
0.33410000566796505
0.3233817237536094
0.31256825870020144
0.30171869900889803
0.2908550536727308
0.27993091399413483
0.26897500813007547
0.2579886736142818
0.24697324798049447
0.23593006876244704
0.2248604734938615
0.2137657997085025
0.20264783762790994
0.19150987130870512
0.18035051300594418
0.16917113217223
0.15797256041595276
0.1467597179917055
0.13554600290652008
0.12430210838019828
0.11304438777834935
0.10176873176155343
0.09048458543601257
0.07919025376352362
0.06789803441457831
0.0565885218128539
0.04527293170125812
0.03395256783109968
0.022628733953681035
0.011278858927078694
-5.096477416000056E-5
-0.011380712219879463
-0.022709142090855394
-0.03403501306784307
-0.04533763989326545
-0.05664636516420618
-0.06794867870222454
-0.07924326746706178
-0.09053171557628836
-0.10180991007805762
-0.11307756511379097
-0.12433344616763797
-0.13557631872374998
-0.14680494826627388
-0.15801810027935925
-0.1692270736573267
-0.18040696044691984
-0.1915584180247265
-0.20269577206569434
-0.2138312505751081
-0.22492035538239108
-0.2359827680967843
-0.2468892572653676
-0.257893219453333
-0.26887239239400884
-0.27981817700374023
-0.29073324573804626
-0.3016163178911899
-0.3124661127574484
-0.3233217075188728
-0.33409250842187976
-0.34482619677279924
-0.355521221847356
-0.3661760329212802
-0.37678907927029304
-0.3873588101701202
-0.3978759326057695
-0.4083548411658553
-0.41877736582550984
-0.42915796834501574
-0.4394871784806478
-0.4497581105115014
-0.45997432825817164
-0.4701330395422403
-0.4802327150024768
-0.4902718252776692
-0.5002488410065773
-0.5101622328279802
-0.5199628268214953
-0.529725466794007
-0.5394369632739178
-0.5491071568569943
-0.558688250304054
-0.5681978028125698
-0.5776338855422889
-0.586994569652953
-0.596277926304313
-0.6054820266561123
-0.6145926720413666
-0.6236144880967291
-0.6325330104636748
-0.6413906977782213
-0.6501344843777881
-0.6588245390860292
-0.6674290231789177
-0.6759744860386085
-0.6843875676485389
-0.6927038215490899
-0.7009216795880926
-0.7090395736133965
-0.7170899304172096
-0.7249932396908658
-0.732792956267545
-0.7404878582941574
-0.7480544979899104
-0.7555235608185322
-0.762743548000004
-0.7699588965222972
-0.7770628856599568
-0.7841063796932453
-0.7910693293024522
-0.7979023334589179
-0.8046061706364434
-0.8111816193088268
-0.8176294579498631
-0.8239504650333522
-0.8301454190330917
-0.8362150984228833
-0.842160281676521
-0.8479111917999811
-0.8536199255341561
-0.8592399564017512
-0.86471304090621
-0.870038955387539
-0.8752589625577487
-0.880354166439961
-0.8853260037400918
-0.8901588897159707
-0.894877217182767
-0.8994733456123143
-0.9039486071885579
-0.9083043340954431
-0.9125418585169225
-0.916662512636937
-0.9206539350771923
-0.9245319954366975
-0.9282815473714372
-0.9319205965919712
-0.9354515471183182
-0.938889916426044
-0.9421511244777756
-0.9453589595548078
-0.9485180459315288
-0.9514994056058601
-0.9543739617229381
-0.9571428021406296
-0.9598424500232898
-0.9624039434926805
-0.9648643337737077
-0.9672244931909137
-0.9694852940688374
-0.9716476087320194
-0.9737123095050064
-0.9756797986980308
-0.9775725745353352
-0.9793534840092777
-0.9809246979012984
-0.9825121267689827
-0.9841369523701733
-0.9855468737612014
-0.9868643234339354
-0.9880902650910448
-0.9892256624352065
-0.9902714791690927
-0.9912286789953777
-0.9921326536843944
-0.9929122245184665
-0.9936053849253197
-0.9942129923246519
-0.9947129138185735
-0.9951514497233678
-0.9955067295288282
-0.995779466098238
-0.9959751212307193
-0.9960747240431758
-0.996114835059756
-0.9960626217042234
-0.9959284818629097
-0.9957243078496285
-0.9954434086704076
-0.9950862053071807
-0.9946531187418897
-0.9941483404121509
-0.9935616855419394
-0.9928832773276088
-0.9921441510453892
-0.9913296699029841
-0.9904400371400497
-0.9894754559962422
-0.9884230278003612
-0.9873028948256755
-0.9861168873943837
-0.9848562713272839
-0.9835211735220186
-0.9821079133272264
-0.9806235795461005
-0.9790654130072394
-0.9774335196770876
-0.9757130998195347
-0.9739343157998057
-0.9720820521363258
-0.9701804064361186
-0.9681870213081165
-0.9661210643368854
-0.9639824297478468
-0.9617710117664142
-0.9594852627217794
-0.957129006652691
-0.9546997136970008
-0.9521999794018043
-0.9496192754762021
-0.946966116777304
-0.9442401841146921
-0.9414391453253348
-0.9385768769089999
-0.9356413086217312
-0.9326323571875328
-0.9295499393304079
-0.9263939717743597
-0.923164371243387
-0.9198610544614949
-0.916463167763605
-0.9130160343793223
-0.9094953129018135
-0.9059259679983871
-0.9022318155343179
-0.8985024545305125
-0.8946853752470858
-0.8908190403681324
-0.886866394073877
-0.8828675534464603
-0.8787812789706786
-0.8746318846163268
-0.8704012187981127
-0.8661034195322967
-0.8617083256994351
-0.8572795409048886
-0.8527860441568884
-0.8482288158094655
-0.8436088362166632
-0.8388977851628607
-0.8342402964983098
-0.8294021819115622
-0.8245719880930857
-0.8196911711698571
-0.8147619686088436
-0.8097866178770152
-0.8047515268699885
-0.7996886339742812
-0.7945877838131672
-0.7894521936799261
-0.7843945633326914
-0.779229068071531
-0.7739358999167694
-0.7686914357072321
-0.763428459764234
-0.7581503891162567
-0.752860640791781
-0.7475626318192834
-0.7422597792272496
-0.7369555000441594
-0.7316049424956863
-0.7263468916342108
-0.7210262203864972
-0.7155212397819612
-0.710200784561346
-0.7048835965969795
-0.6995719181297835
-0.694267991400682
-0.6889729032933403
-0.6836894918812142
-0.6784213378438251
-0.6731621486310582
-0.6679130678572873
-0.6626702262376636
-0.6574560237323737
-0.6522443564725116
-0.6470728400445735
-0.6419211994940097
-0.6367976689055412
-0.631787055072234
-0.6267330343093311
-0.6216841596094103
-0.6166777382586006
-0.611697160391901
-0.6067426475501012
-0.6018094404205003
-0.596903086070955
-0.5920342009571691
-0.587195062033742
-0.5823860014936795
-0.5776073515299864
-0.5728594443356658
-0.5681426121037254
-0.5634571870271685
-0.5588287029785395
-0.5542039874670519
-0.549611558328102
-0.5450582878218713
-0.5405295382887823
-0.5360339188877186
-0.5315736334659515
-0.5271038229273937
-0.5227155079722534
-0.5183622713282965
-0.5140412779295285
-0.509752443753984
-0.5054956847796928
-0.5012709169846841
-0.49708035040252607
-0.49291930026179287
-0.4887907100050044
-0.4846945083275389
-0.48063062392477507
-0.4766020400034465
-0.47267944291457864
-0.4687049739579643
-0.4647682096700718
-0.46082449248831336
-0.4569533660963403
-0.4531140403809397
-0.44930633003014764
-0.4455300497319825
-0.44177601130815214
-0.43806446201127724
-0.434384236482803
-0.43073518494433904
-0.4271171576174928
-0.42353000472387237
-0.41997357648508693
-0.4164524283913966
-0.4129585257080681
-0.409494462198426
-0.4060600361345552
-0.40266705579569506
-0.39929493742822975
-0.39593657916485014
-0.3926196987314643
-0.38933149005336154
-0.3860717518187038
-0.38284028271565673
-0.3796368814323845
-0.3764864425843324
-0.3733363361269315
-0.37021331790192646
-0.36711854325662374
-0.36404883977783764
-0.3610041798851289
-0.35799359913392603
-0.35500964375611854
-0.35205210327410685
-0.3491207672102885
-0.34621542508706415
-0.3433358664268338
-0.34048188075199626
-0.33765325758495246
-0.3348497864481019
-0.33207125686384176
-0.32930824541301074
-0.32657906120624136
-0.32387423189107856
-0.3211935717458594
-0.31853600368525137
-0.3158955412237894
-0.313277949659742
-0.31067278632103656
-0.3081084094448656
-0.3055667844664973
-0.30304767998559257
-0.3005508646018067
-0.2980761069148028
-0.2956231755242389
-0.2931918390297714
-0.2907818660310606
-0.28839302512776577
-0.2860324170180131
-0.28367925531670535
-0.2813582684881659
-0.27905805402470407
-0.27677832537308134
-0.2745187959800677
-0.27229006258938004
-0.27006757454080765
-0.2678581073713444
-0.26567288285595336
-0.26350688000852385
-0.26135106407975495
-0.25923585408516114
-0.2571301755144175
-0.25504436161775623
-0.2529747265632356
-0.25092320696366466
-0.24888963824846821
-0.24687385584707955
-0.24487569518893793
-0.24289499170346618
-0.2409315808200998
-0.23898529796827006
-0.23705597857741023
-0.23515480207338868
-0.23326044936035562
-0.23138258866614092
-0.229512916128922
-0.2276716381898689
-0.22584623917966873
-0.22403122428544564
-0.2222348449564575
-0.22045436282560538
-0.21868967716768983
-0.21694068725750926
-0.21521426855392622
-0.2134974417590244
-0.21179546150030215
-0.21010820696090526
-0.20846055698765042
-0.20678017053971054
-0.20513579794984105
-0.20350930464262518
-0.20189012802126927
-0.20028471893181454
-0.19869710668898488
-0.19712334315277313
-0.19556329612347456
-0.19401683340138542
-0.1924838227867992
-0.19096171742642876
-0.1894556947999786
-0.18796278898872854
-0.1864830959057755
-0.18501624297499797
-0.18356200712037152
-0.18212857355003786
-0.1806869894175438
-0.17926953508687227
-0.1778637575973121
-0.17647106232275456
-0.17508999967814065
-0.1737204825967974
-0.1723624240120537
-0.17101573685723648
-0.16968033406567407
-0.1683561285706916
-0.16704303330561898
-0.16574096120378556
-0.1644501739137756
-0.16317174510965093
-0.16190298866101538
-0.16064182497278712
-0.15939736929187664
-0.15815964702167373
-0.15693137985356942
-0.15571554839194046
-0.15450983419192665
-0.1533141398087312
-0.15212836779755712
-0.15095242071360793
-0.14978620111208696
-0.1486246588948763
-0.14747837383805062
-0.14634178375001627
-0.14521480843163848
-0.14409736768377712
-0.1429961898756844
-0.1418958860161621
-0.14080716270992388
-0.1397180671782121
-0.1386446192359907
-0.13757986926077992
-0.13652373989928335
-0.135474993283901
-0.13443186257661466
-0.1334025753660134
-0.1323817325010933
-0.1313751030511756
-0.1303717514906938
-0.1293764555671395
-0.12838913285668652
-0.12741700651886334
-0.12644687030252977
-0.1254738407112279
-0.12451847774172287
-0.12357067385178322
-0.12263393323765737
-0.12170195991634558
-0.12077236974117689
-0.11985080808241455
-0.11894003709833711
-0.11803371498211401
-0.1171378072174627
-0.11624897048543237
-0.11536714217693456
-0.11449225968288146
-0.11362426039418749
-0.11276308170176508
-0.11190866099652452
-0.11106093566938069
-0.11022423415263927
-0.1094003487234505
-0.10857023227978213
-0.10773656526072861
-0.10692286437380033
-0.10611293123483984
-0.10530703398508084
-0.10451080802997842
-0.10372167046683561
-0.10293857542406837
-0.10216152986533611
-0.10139165492623897
-0.10062721155578147
-0.09986870075541149
-0.09911608523483473
-0.09836680977158868
-0.09762511358079445
-0.0968891541506392
-0.09615888483666879
-0.0954358498683574
-0.09471665998239587
-0.0940029337488637
-0.09330397867431284
-0.09259995328256843
-0.09190114789381099
-0.09120103728640305
-0.09051332259660122
-0.08983037079786094
-0.08915250449968248
-0.08847952111864565
-0.08781250736761237
-0.08715045548301137
-0.0864933138700234
-0.08584103093383211
-0.08519355507961857
-0.08455083471256608
-0.08391281823785701
-0.083279454060673
-0.08265518164601221
-0.08203100645468375
-0.08141127190657627
-0.08079389323439923
-0.08018319189100231
-0.07957704592502762
-0.07897540697963107
-0.07837502384765827
-0.07778188317708223
-0.07719302494981395
-0.07660575798197555
-0.07602511068914602
-0.0754526610685336
-0.07488050500872456
-0.07431240666095579
-0.07374121170485709
-0.07318172115449378
-0.07262612962236425
-0.07207440037385804
-0.07152649667436473
-0.07098238178927424
-0.07044201898397623
-0.06990537152386023
-0.06937240267431571
-0.06884409866527319
-0.0683185137807169
-0.06779663033646338
-0.06727816100341222
-0.06676470250606453
-0.06625335541529381
-0.06574493258843067
-0.06524051629416616
-0.06473951521686305
-0.06424190055999784
-0.06374764352704598
-0.06325618198669736
-0.06276840515002702
-0.06228389975043569
-0.06180263798028046
-0.06132459203191892
-0.060849734097708996
-0.06037803637000777
-0.059909471041172835
-0.05944517909131941
-0.058982831235327604
-0.05851968198782459
-0.058063429206184236
-0.057610202245501285
-0.05715900616480463
-0.05671167770736413
-0.05626724540811595
-0.055825681411448946
-0.05538698669056796
-0.05495001326465071
-0.05451654608514361
-0.05408582681483409
-0.053657843095515634
-0.05323258256898272
-0.052810032877029095
-0.052390451490612694
-0.05197325305245737
-0.05155840757478222
-0.051146485650033324
-0.050737024510070394
-0.0503301277642873
-0.04992540646364124
-0.049523134851061634
-0.0491233007294421
-0.048726185320873694
-0.04833143092219186
-0.04793902573120551
-0.047548451037358275
-0.047161134031723756
-0.04677595396956119
-0.0463923964212882
-0.04601154140824698
-0.04563292466336211
-0.04525652144968684
-0.04488230703027435
-0.044510256668178066
-0.044140345626451666
-0.04377499810471852
-0.043409266708676675
-0.043045573565614226
-0.04268389776828291
-0.04232286510044475
-0.041965440473008125
-0.041609723825309225
-0.04125582816538459
-0.04090402853874506
-0.04055413974769623
-0.040205084039398875
-0.03985922188320001
-0.03951526464940694
-0.03917318707349199
-0.03883296389092722
-0.038494569837185244
-0.03815797964773793
-0.03782354398183094
-0.03749047497391733
-0.037157925439553346
-0.0368282903447556
-0.03650036295877904
-0.03617412706568396
-0.03584956644953155
-0.03552513748075001
-0.03520400399145404
-0.03488459184044959
-0.03456687136977907
-0.034250867599570245
-0.033936377686531266
-0.03362347954337122
-0.03331214584626305
-0.03300234927137957
-0.03269282097869264
-0.03238575646196032
-0.03208006130580349
-0.03177586336888888
-0.031473141124918974
-0.031171873047596915
-0.030871391896854505
-0.030572818673316293
-0.030275630360236783
-0.02997980987585061
-0.029685340138392358
-0.02939220406609655
-0.029100469833728687
-0.028809950684393293
-0.028520716972561755
-0.02823275209431972
-0.027946039445753024
-0.027660494186534018
-0.02737700589157921
-0.027093610900609494
-0.026811792011643604
-0.026531155472414025
-0.02625145987138322
-0.02597323901189913
-0.02569616164851754
-0.025420215552801745
-0.02514538545331524
-0.024871656078621615
-0.02459901215728405
-0.024327514245647594
-0.024057018787900897
-0.0237875983100308
-0.023519195304413515
-0.02325196088820071
-0.022985698270393554
-0.02272039566949327
-0.022456041304001112
-0.02219271684442775
-0.021930349566125884
-0.021668917352904937
-0.021407906451035436
-0.021148399968506135
-0.020889790281218554
-0.020632065147981174
-0.020375615183702275
-0.020119032866977707
-0.019863965892597882
-0.019609737451105447
-0.019356336999793514
-0.019103753995955278
-0.018851977896884184
-0.018600998159873386
-0.01835128976254713
-0.01810203921408532
-0.01785355902062799
-0.017605952481779652
-0.017358981273290067
-0.017111738815062227
-0.01686622230667209
-0.01662142734674628
-0.016377257456434174
-0.016133892510501374
-0.01589045880710374
-0.015648417649286053
-0.01540705609328609
-0.015166362209022205
-0.014926324066412977
-0.014686148506385069
-0.014447402995975411
-0.014209310550496151
-0.0139718151791427
-0.013734923087030948
-0.013498623057157252
-0.013262903872517912
-0.013027988315132709
-0.012793331089146091
-0.012559203390045237
-0.012325506961328968
-0.012092388797041304
-0.011859770556105292
-0.011627687097591752
-0.011395942521594232
-0.01116480062476801
-0.010934121711593844
-0.010703896787961478
-0.010474101036332825
-0.010244769743921661
-0.010015873191127289
-0.00978740106918656
-0.00955934306933661
-0.009331688882814354
-0.009104378289325428
-0.008877494784888404
-0.008650984511666855
-0.008424839917724351
-0.008199035334216245
-0.007973583925910695
-0.007748465582981992
-0.007523670890785053
-0.0072991904346750985
-0.007075014800007148
-0.006851134572136285
-0.006627528192346639
-0.006404218303358293
-0.00618117602527762
-0.005958392067504363
-0.0057358463944768776
-0.005513544090244862
-0.0052914714708560545
-0.005069607199393429
-0.00484797786824466
-0.004626548789679927
-0.004405310709306387
-0.0041842543727311325
-0.003963370525561408
-0.003742649913404259
-0.00352216868737942
-0.0033017533136843573
-0.0030814720831396445
-0.0028613153608773954
-0.002641432155352794
-0.0024214152648957075
-0.00220142772340683
-0.001981626297629281
-0.0017619638715151709
-0.0015423801339660157
-0.0013228643799277073
-0.0011034059043453946
-8.839940021646044E-4
-6.646179683309386E-4
-4.4525058067446674E-4
-2.2591211808823297E-4
-6.579464768755402E-6
