1501
6.544463536997696E-6
2.2523524769449323E-4
4.43922496249484E-4
6.626177421618687E-4
8.813309147932564E-4
0.0011000719435051674
0.0013187014839233886
0.0015375328708949008
0.001756426493898294
0.0019753916135155127
0.0021944639452594356
0.0024136025539398115
0.0026328395777679096
0.002852049940991504
0.003071505275665763
0.00329108801299521
0.0035108201771360224
0.003730696467348898
0.003950724895760566
0.00417091347449787
0.004391270215687616
0.004611803131456541
0.004832535263232435
0.00505342011029691
0.0052745241380030075
0.005495795827516706
0.005717331806963797
0.005939101429999059
0.006161116760420929
0.006383389862027668
0.006605878805203087
0.006828707633586832
0.007052073443943957
0.007275485643140546
0.007499177792710435
0.007723501067860281
0.00794783457498248
0.008172492343879421
0.008397318919570504
0.008622682779025767
0.008848402918756375
0.00907399637294664
0.009300457129429819
0.00952731175330749
0.009754566586769875
0.009982227972007096
0.010210937819676712
0.010439518389703376
0.010668528331991
0.010897977286629529
0.01112787489370895
0.011358230793319254
0.011589054625550523
0.011820108582659264
0.012050739853183542
0.012283317126584682
0.012517289242999191
0.012750650973396116
0.012984501099649694
0.013219538316732435
0.01345450413157645
0.013690069519568221
0.013926243611893527
0.01416303553973837
0.014400454434288668
0.014637788638925245
0.01487639615653022
0.015115501370116718
0.015355335431483541
0.015595807794779662
0.01583692610622711
0.01607869801204813
0.016322274624974542
0.01656564193238394
0.016808597882956564
0.017053294897427185
0.01729866405512888
0.017544283591729826
0.01779117971940694
0.018039094684046478
0.01828753851481993
0.018536572194517
0.018786620233486623
0.019037490035663032
0.019289196597525107
0.01954175491555149
0.019795661778266332
0.020050190457565897
0.020305533696132222
0.02056170327648134
0.020818710981129196
0.02107462909959794
0.02133323673652772
0.021592754444407822
0.021853194946673565
0.022114570966760186
0.022379479843371186
0.022640274853957032
0.02290456067631466
0.023169840290442445
0.02343612872016529
0.02370344098930835
0.023972585581837444
0.024241929783717586
0.024512312060455843
0.024783745074169014
0.02505624148697383
0.025330978174071456
0.02560598907382089
0.025880990239697865
0.026158459292260308
0.0264371284225432
0.026716985130252502
0.026998016915094375
0.027280211276774574
0.027563555714999466
0.027848037729474945
0.028132565222488276
0.02841963362358499
0.028707729234211415
0.02899710547143991
0.029287778744834292
0.029581547965714883
0.029875060576029316
0.030168495299845166
0.030464662484739058
0.03076214570100022
0.031060965770604243
0.03136114351552713
0.03166269975774422
0.03196599046129034
0.03227040903434339
0.032576286229227314
0.03288364351504888
0.033192239201022294
0.03350279661817415
0.03381496693709046
0.034128406909874925
0.03444376407361574
0.034760410271862496
0.03507866696187506
0.03539855280939111
0.035720730261533634
0.03604395910619079
0.03636884990228695
0.03669545145459194
0.037023712050528346
0.03735396642678096
0.03768562483947732
0.03801903013092031
0.0383542009581897
0.0386911559783652
0.03902991384852644
0.039370460863144774
0.03971295696098398
0.040057223975138695
0.04040290620749104
0.04075150921958787
0.04110141713767684
0.04145330437192779
0.041807188441043086
0.042163086863724775
0.04252101715867493
0.04288099684459595
0.043243043440189866
0.04360699413059785
0.04397315278312652
0.044341421660585745
0.04471176316467082
0.04508428191282471
0.045458971193800435
0.0458351153544696
0.04621453053849861
0.04659614658862726
0.04697986845020341
0.04736596943564958
0.047754764350012135
0.048145471320247935
0.04853847021859775
0.048933780754533446
0.04933142263752721
0.04973141557705063
0.05013377928257584
0.05053807888557166
0.05094568523456289
0.05135576562806138
0.05176834923714768
0.05218337791336028
0.052601628859045124
0.05302204460725518
0.053445055921186424
0.05387069365182534
0.05429898865015753
0.05472997176716926
0.05516367385384652
0.05560012576117501
0.05603983335242951
0.056481936507371544
0.05692626100992215
0.057374407343992906
0.057825368598031446
0.05827918517766867
0.058736232624044815
0.05919592854995498
0.059658663935450496
0.06012344342051029
0.06059243613935844
0.0610645717351711
0.06153988083903128
0.06201839408202181
0.06250051052760786
0.06298535308722902
0.06347344994191667
0.06395334860594765
0.06445009068305452
0.06494991101690417
0.06545835419793877
0.0659643928903551
0.0664736367730559
0.06698614405451053
0.06750336799694656
0.06802245710050209
0.06854532688114334
0.06907186765751033
0.06960201155870616
0.07013579754140764
0.07067215476256228
0.07121321667635577
0.0717603543266826
0.07230944926141242
0.07286209526210397
0.07342049671971523
0.07398144523228939
0.07454635781325492
0.07511279478526
0.07568589834241102
0.07626313328639067
0.07684454194443724
0.07743016664378966
0.07802004971168641
0.0786142334753665
0.07921285194057442
0.07981565559356696
0.08042094652634779
0.08103329618908023
0.08164996106973976
0.08227100505230123
0.08289649202074012
0.0835269666259757
0.08416116151177522
0.08480071121987176
0.08544501503115942
0.08609412672705224
0.08674810008896411
0.08740698889830917
0.08807084693650175
0.08873706603970638
0.08941081017096852
0.0900896033628692
0.09077349206937718
0.09146120398785573
0.09215541790453147
0.09285543406717905
0.09356085371239359
0.09427164561982637
0.09499221425763216
0.09571338788309847
0.09644005507123288
0.0971722494810866
0.09791000477170991
0.09865335460215341
0.0994002874570622
0.1001552803017372
0.10092297867761024
0.10168944638930538
0.10246211052071508
0.10323585489803061
0.10402093215018116
0.10481222479504704
0.1056094416991446
0.1064135051354066
0.10722393551241105
0.10804080335190436
0.10886417917563362
0.10969747145813447
0.11053330357594349
0.11137562694248415
0.11222448063813617
0.11306536259074607
0.11392777391835107
0.11480474136176855
0.11568041228455805
0.116563328780104
0.11745358763028257
0.1183554584060289
0.11926033757332422
0.12017277557542749
0.12109287579000005
0.12202074159470289
0.12296373186086185
0.12390613782276239
0.12485651316365964
0.12581492297586094
0.12678143235167216
0.12775610638340107
0.12873704997149504
0.12972651567179427
0.1307240223840206
0.13172963231228185
0.13274186522474896
0.13376458111672984
0.1347956792081655
0.13583525652902262
0.13688341010926686
0.13794023697886537
0.139005834167784
0.14008086817607635
0.14116435015264628
0.14225690594563134
0.1433637971282039
0.1444749954376081
0.1455955670747946
0.1467243781280343
0.14786417520863293
0.14901356027291823
0.1501647020437451
0.1513339463797576
0.15251238327623118
0.15370599913740113
0.15490466318633067
0.1561134001328831
0.15733232631725713
0.15856155807965222
0.1598012117602663
0.16105140369929816
0.16229508169139018
0.16356304350925766
0.16484499031001854
0.16613853080342467
0.16744389072545796
0.16876075441255356
0.17009038840310653
0.1714372273203698
0.17278681894902526
0.1741481593124563
0.1755213727247511
0.17690424537825988
0.1783010920773609
0.1797119488563449
0.18113470158955558
0.18256950970475527
0.1840165326297063
0.1854771909741647
0.18694877592509018
0.1884330861096969
0.18993029130583094
0.19144056129133902
0.1929611364463668
0.19449720768880874
0.19604678955877486
0.19760874547457163
0.19918661169651997
0.2007783901946878
0.2023842946601434
0.20400447338351435
0.20564258894479992
0.20728725875770349
0.20894905908974393
0.21062556761421214
0.2123172678840075
0.2140239926716654
0.2157460921371599
0.2174833726783727
0.21923587642647813
0.22100373536819506
0.22278708149023996
0.22458807255958657
0.2264039362886867
0.2282356079271719
0.23008332304068424
0.23194693505278563
0.23382652539703197
0.23572566744966728
0.23764048121945747
0.2395723622809336
0.24151319099182933
0.24348147326973302
0.2454671508259898
0.24747040951140953
0.24949143517680028
0.2515387252404915
0.2535963856855734
0.25567225934771853
0.2577665316639506
0.25987666473558324
0.26194712669811127
0.2641093578070661
0.26628931244890963
0.26848716899806524
0.27070322671454017
0.27293741473549016
0.27520342170065737
0.2774711382836692
0.27975897698716845
0.2820671558465204
0.2843884978121949
0.28673782257975455
0.28910825910394466
0.291486908170838
0.2939029743222923
0.29634056760770755
0.29879993163920604
0.3012756098641949
0.3037793332083072
0.3063125154095212
0.30886231146297405
0.31143478872375496
0.3140293148890976
0.31665322107028326
0.31929003986880455
0.32195499095418323
0.32464389859543274
0.3273673960461536
0.3301055654522831
0.33286815956417715
0.3356553241468485
0.33846720496530835
0.34130374820255494
0.34416557921293744
0.34705257484431185
0.34995330308621386
0.3528935500644894
0.355861534499359
0.3588551835143514
0.36187579614541554
0.364923585970115
0.3679987665660158
0.37110155151068325
0.37422734877544084
0.3773841256427919
0.38057320687893004
0.3837843398202896
0.3870305731874151
0.39030360776457873
0.3935962075255941
0.39692757992881345
0.40028479574953924
0.4036715750941773
0.40708813227736496
0.41053468161374784
0.41398994464569805
0.4175281907444255
0.4210675881963679
0.42463726562664217
0.4282373382784477
0.4318679213949821
0.43552913021944306
0.43922107999502913
0.4429438859649357
0.44667728080925473
0.4504652255788404
0.45407036358073505
0.4579289212487234
0.46182046989024883
0.4659469864149952
0.4698976915130797
0.4738822552482098
0.4779276120371039
0.4819795322024216
0.48606693867443385
0.49018548359307923
0.4943378983822435
0.4985243065706828
0.5027448316871452
0.5070075442666706
0.5112971099982273
0.5156208722197602
0.5199790069302006
0.5243615697680721
0.528786481134996
0.5332822458347883
0.5377292783689347
0.5422549452588306
0.546805990567711
0.5514333574480834
0.556061388015884
0.5607225290727182
0.5654167502746725
0.5701440212778328
0.5749043117382895
0.5796975913121214
0.5845238296554189
0.5893829964242725
0.5942750612747627
0.5992087628015863
0.6041677861600041
0.6091643747206259
0.6141875847189171
0.6192127350046541
0.6242999790606047
0.6294198655784866
0.6345721389522314
0.6397565435757655
0.6449798006600203
0.6501890583252128
0.655428585891638
0.6606970586067105
0.6659931517178399
0.6713651444645294
0.6767168305139655
0.6820594618616038
0.6874564862946224
0.6928632552345162
0.6982872421477446
0.7037272648108313
0.7091821410003059
0.7146506884926915
0.7201317250645136
0.7256240684923001
0.7311265365525723
0.7366379470218618
0.7421187589744687
0.7476790134769322
0.7531729162886212
0.7586800840550145
0.7641686004891626
0.7696492974073559
0.7751193640511795
0.7805759896622266
0.78601636348208
0.7914376747523297
0.7967568545098267
0.8019897226177033
0.8072943851100756
0.8125564704894686
0.8177731147687002
0.8229414539605866
0.828058624077944
0.8331217611335946
0.838128001140352
0.8430184651222774
0.8479154629032348
0.8527034562053983
0.8573712697277758
0.8620006586018332
0.8665454613667589
0.8710070077110821
0.8753866273233353
0.8796290838697898
0.8838494024938872
0.88799493918824
0.8920680840514921
0.896071227182281
0.9000067586792575
0.9038562768196305
0.9076544726991944
0.9113329589254162
0.9149350599435433
0.918463093045526
0.9219174048782133
0.9252983420884489
0.9286062513230835
0.9318414792289609
0.9349933784399687
0.9380689660521524
0.9410819411946978
0.9440211794146132
0.9469055134384945
0.9496995351978494
0.9524189744449041
0.9550661401839395
0.9576414417421653
0.9601452884467934
0.9625780896250342
0.9649575888110675
0.9672484197587163
0.9694764410287071
0.9716212782111109
0.973672013284733
0.9757066085428141
0.9776407432243674
0.9795031377792993
0.9812859410945185
0.9830042368817598
0.9846511512148917
0.9862266632560548
0.9877420192411286
0.9891644095682146
0.9905400313104744
0.9918290508563903
0.9930415344478112
0.9941816257701674
0.9952490145821047
0.9962433906422756
0.9971644437093259
0.9980118635419108
0.9987910479578543
0.9994918242149593
1.0001181567623556
1.0006525006967628
1.001128669246472
1.0015299462561975
1.0018498531271538
1.0021096451219886
1.0022838868458628
1.0023811767911592
1.002389856467464
1.0023345236484476
1.0021992331079081
1.0019835250382583
1.0016869396319192
1.001309017081307
1.0008492975788341
1.0002846718261802
0.9996564238338879
0.9989557347410871
0.9981614808729526
0.9972828167793706
0.9963190817694647
0.9952822497463476
0.9941455133039083
0.9929202856458765
0.9916316547041681
0.9902381404234086
0.9887352107580423
0.9871470952389476
0.9854641935460418
0.9836924733798247
0.9818085751337691
0.9798419003709551
0.977774693851865
0.9756101717926136
0.9733474126964516
0.9709957979038881
0.9685348990626892
0.9660493859478541
0.9633822219942818
0.9606118464579385
0.9577371904972463
0.9547571852706263
0.9516707619365024
0.9482717521488961
0.9449423991653552
0.9415025475621679
0.9379506765565573
0.9343043203565031
0.9305215748649394
0.9266199935001804
0.9225981156683956
0.9184457469595984
0.91419587379049
0.9097648701610215
0.9052466524171807
0.9005982676752673
0.8957572717277156
0.8908434080728362
0.8858008018975045
0.8806283566154498
0.8753249756404005
0.8698895623860974
0.864321020266269
0.8586182526946526
0.8527863006129941
0.8468126722645728
0.8407358392589614
0.834462279829304
0.8280802940320378
0.821567771396956
0.814927300644487
0.8081614704950422
0.8012728696690399
0.794264086886896
0.7872331860408268
0.7799717068149903
0.7725947517102183
0.7651387952362159
0.7575234234563037
0.7498269008604943
0.7419870966863096
0.7340360635808727
0.7259035202434818
0.7177595645657906
0.7095093956326313
0.7011765050997241
0.6927012398628367
0.684126551733514
0.6754542025913874
0.6666859543160895
0.6578276361599737
0.6489947702384207
0.6399796458756093
0.630879076513625
0.6216949124154496
0.612429003844051
0.6030868102667322
0.5936540261241063
0.5841466416590722
0.5745661954931656
0.5649142262479261
0.5551922725448906
0.5454018730055914
0.5355500661878736
0.5256234367571837
0.5156331245754728
0.5055805628619376
0.49546718483576413
0.48529150292201795
0.475053753602273
0.4647595009055099
0.4544100571319545
0.44397679411598645
0.43354536423580825
0.4230353105065463
0.4124756940109444
0.4018678750199234
0.39121321380439955
0.38051307063530704
0.3697688057835604
0.3590000404458946
0.34817999468114813
0.337324937866307
0.32643262282322727
0.3155043700316673
0.3045591165766943
0.2935971827902506
0.28256175241290205
0.27149529029330743
0.26039923275534615
0.24926275993056457
0.23811665844793062
0.2269444866329824
0.21574759437187208
0.2045216768919751
0.19327680347601994
0.18201251916935757
0.17072813472192738
0.1594259361961008
0.14810717820424824
0.13678954056660153
0.12544227237592853
0.1140819472211172
0.10270988064121322
0.0913273881752712
0.07993578536233237
0.06851915196156888
0.057107825521131694
0.04566707893339306
0.03423980844422658
0.02281524518333633
0.011387945916094822
-4.095258555292247E-5
-0.011470313549673428
-0.022899000204324338
-0.03432587577757573
-0.04573047380811257
-0.05713844893650055
-0.06854268178498923
-0.0799389577375127
-0.0913259177831538
-0.10272205892225106
-0.11409017260794219
-0.12544913215569853
-0.13679546462413406
-0.14812793123837675
-0.15944529322355372
-0.17075932962302431
-0.18203329347568786
-0.1932852445839055
-0.20451124736942639
-0.21572711677476786
-0.226923836714783
-0.23807710678704375
-0.24920418986094361
-0.2603041921142699
-0.27144878782296455
-0.2825044768962508
-0.29355162677338953
-0.304537838153232
-0.3154914181060473
-0.3264110860577141
-0.33729556143411
-0.34814356366111365
-0.3589538121646054
-0.3697250263704648
-0.38045592570456943
-0.3911452295928033
-0.40178360988550565
-0.4123937905930255
-0.4229444051060858
-0.4334462759481781
-0.44389646754975765
-0.45429603351578063
-0.46465000028347525
-0.47494229248560327
-0.4851765695685053
-0.4953512156253481
-0.5054646147492976
-0.5155151510335232
-0.5255117169453429
-0.5353682425723187
-0.5452281241132111
-0.5550243099686014
-0.5647557364041269
-0.574464147282935
-0.5840462467024663
-0.5935387512514021
-0.6029724727523131
-0.6123275225553604
-0.6215516039910245
-0.6307408754525046
-0.6398282049654895
-0.6488318386123533
-0.6577464884993338
-0.6666218484938842
-0.6753848407422467
-0.6840523096865514
-0.692622498528074
-0.7010936504680956
-0.7094640087078847
-0.7177318164487243
-0.7258953168918811
-0.7339527532386354
-0.7418756183653512
-0.7497089775765886
-0.7574213746565555
-0.7650176522348389
-0.7725005133294207
-0.7798254381708727
-0.7870741258730547
-0.7941447809291224
-0.8011777160180777
-0.8080844451049343
-0.8148630406274711
-0.821511575023461
-0.8280434521139561
-0.8344195910577685
-0.8406635302803194
-0.8467750024222642
-0.8527946617905293
-0.8585061118883797
-0.8643177520018916
-0.8698858385566428
-0.875321363107771
-0.8806251970984116
-0.8857982119717063
-0.8908412791707985
-0.8957552701388254
-0.9005410563189331
-0.9051995091542526
-0.9097315000879345
-0.9140882050868324
-0.9183236165382738
-0.9224552356221007
-0.9264725908378928
-0.9303708640843436
-0.9341520804780199
-0.937818265135494
-0.9413714431733293
-0.9448136397080962
-0.9481543087740318
-0.9513843228919443
-0.9545004364966703
-0.9574945105023769
-0.9603822407223879
-0.9631752399606572
-0.9658422468320627
-0.9684056758690787
-0.9708666757468816
-0.9732263951406477
-0.9755214513467427
-0.9776830782091528
-0.9797481469590741
-0.9817176607944482
-0.9836036981415335
-0.9853869810311275
-0.9870777195002889
-0.9886764064019404
-0.9901831365221838
-0.9915363446893952
-0.9928513650739506
-0.9940909323879135
-0.9952248821306098
-0.9962713498618276
-0.997231237544602
-0.9981054471419686
-0.9988948806169642
-0.9996004399326219
-1.0002230270519759
-1.00076354393806
-1.0012228925539155
-1.0016019748625693
-1.001894597597703
-1.002118288267578
-1.0022640726504015
-1.002346225858922
-1.0023251464927743
-1.0022271467714727
-1.0020460343396573
-1.0018016536203795
-1.0014768293813363
-1.001077171067985
-1.0006031471937735
-1.0000552262721625
-0.9994328979875791
-0.9987233208174366
-0.9979449572184782
-0.9970930698201625
-0.9961678990086495
-0.9951696851700964
-0.994098668690655
-0.9929550899564861
-0.9917389378769217
-0.9904453350054574
-0.9890849341789796
-0.9876521845424371
-0.9861618838813921
-0.9845903132485674
-0.9829464328655773
-0.9812242678028369
-0.9794365422571216
-0.9775765535191745
-0.9756282200299085
-0.973625510857242
-0.971558105591459
-0.9694105717012809
-0.9671895743384464
-0.9649023922757411
-0.9625435150202772
-0.9601129476385193
-0.9575929740337799
-0.9550113505552087
-0.9523579461237439
-0.9496325483303858
-0.9468419628026101
-0.9439735941593721
-0.9410326161104123
-0.938017308444846
-0.9349367892263976
-0.9317830033848615
-0.9285531940520775
-0.9252365127994615
-0.9218467513864121
-0.9183831523163626
-0.9148513074148248
-0.9112361844968033
-0.9074939693671329
-0.9037321413824495
-0.899895964996392
-0.8960331445762835
-0.8920413901346729
-0.8879741763690152
-0.8838312976027316
-0.8796125481592414
-0.8752290841185966
-0.8707908541343317
-0.8663550992305229
-0.8618330728874768
-0.8572247476097528
-0.8526372171980903
-0.8478591096962695
-0.8430027927965029
-0.8380422966275134
-0.8330727292811959
-0.8280254575077155
-0.8229677854551274
-0.8177830166552296
-0.81254952907892
-0.8072713911902039
-0.8019526714530754
-0.7965974383315477
-0.7912339442595493
-0.7858052327468075
-0.7803748166551863
-0.7749274504878412
-0.7694679894256553
-0.7639793629266949
-0.7584484759264218
-0.752963121227717
-0.7474712314165419
-0.7419750781629504
-0.7364769331370047
-0.7309789757187604
-0.7254809418172612
-0.7199874306685015
-0.7145161680197449
-0.7090350323392807
-0.7035636912694492
-0.6981039416718744
-0.6927248837291713
-0.6873370144395388
-0.681949737998214
-0.6765832592173555
-0.6712382038741622
-0.6659151977458304
-0.6606148666095564
-0.655337836242535
-0.650084732421965
-0.6448200935218455
-0.6396354050165951
-0.6344716785932003
-0.6293290047980986
-0.6242176475166445
-0.6191373892932903
-0.6140880126724886
-0.6090693001986889
-0.6040810344163479
-0.5991229978699164
-0.5941634420543895
-0.5892691805211476
-0.5844080714038635
-0.5795724732736107
-0.5747945153210878
-0.5700341750632627
-0.5653082045426228
-0.5606166202761949
-0.555959438780993
-0.5513366765740426
-0.5467084330133813
-0.5421533222872621
-0.5376479831299799
-0.5331602791108385
-0.5287053688943417
-0.5242831116334843
-0.5198933664812575
-0.5155359925906451
-0.5112127082087916
-0.5069196344778115
-0.5026749549449878
-0.49846010342485947
-0.4942787606280854
-0.49013081077277265
-0.48601613807702293
-0.48193462675893306
-0.4778861610366114
-0.4738174491271452
-0.4698353238884305
-0.46588619597194336
-0.4619698197686932
-0.45809857897896133
-0.45424967998993004
-0.45043565412947695
-0.44665163282648224
-0.44289922006835813
-0.4391781613397212
-0.43548820212519557
-0.43182908790940155
-0.4282005641769615
-0.4246242831100284
-0.42105724395662025
-0.417520015768432
-0.4140099637740633
-0.41052429654496514
-0.40707892938432844
-0.40366566312568986
-0.4002774233719204
-0.3969208285040893
-0.3935962815546217
-0.39029810807252385
-0.38702846155536386
-0.3837871348787574
-0.3805739209183234
-0.3773836151534151
-0.37422753476769843
-0.3710990327419914
-0.3679979412745251
-0.36492409256353087
-0.36187233348741255
-0.35885303794563117
-0.3558605946511624
-0.3528947578124553
-0.3499621949821585
-0.34704848109331454
-0.3441602554256247
-0.34130332149574016
-0.33846875177863156
-0.33565987392148133
-0.33284838364729796
-0.33008293271138256
-0.32735227545342105
-0.32463701466345873
-0.32194572608755445
-0.31927819823571113
-0.3166015166463121
-0.3139787083574834
-0.31142914676737354
-0.3088557786365471
-0.30630553747899025
-0.30377820583697
-0.3012948624045393
-0.2988141776067803
-0.2963557073809535
-0.29391923358823124
-0.2915045380897854
-0.28911140274679226
-0.28673960942042287
-0.28438570047825573
-0.28205524636306145
-0.2797602934878809
-0.2774741258744433
-0.2752060973352253
-0.2729572653785648
-0.27072803976798676
-0.26851900875693957
-0.26632986966405503
-0.2641603198079614
-0.26201005650728515
-0.2598787770806559
-0.25777890461410835
-0.2556864509317516
-0.25361235463743337
-0.2515564215032102
-0.24951147866348133
-0.247493086050109
-0.24549220738751898
-0.2435087097003823
-0.24154246001336155
-0.23958960680966168
-0.23767229694811398
-0.23575767246261115
-0.23385978668701712
-0.23197851635007005
-0.2301137381805145
-0.22826676337898788
-0.226434158741337
-0.22461843608182797
-0.22281867720212678
-0.22103476928668098
-0.21926532989108405
-0.2175144856359097
-0.21577873370772327
-0.21405795636369285
-0.21235203586097984
-0.21065631911434424
-0.2089807945679607
-0.2073195544713281
-0.2056724903252647
-0.2040388395030006
-0.2024192667804099
-0.20081355414613555
-0.19921786900229033
-0.19764162490103876
-0.19607911488416518
-0.1945301932390936
-0.1929946398882929
-0.1914722626111649
-0.18995962731198235
-0.18846230350617277
-0.1869780230067628
-0.18550664175001796
-0.1840480156722082
-0.18260200070959998
-0.18116686422718864
-0.17974792904217218
-0.1783391083515481
-0.17694235819505588
-0.17555753754344183
-0.17418450536745256
-0.1728332751206656
-0.17148374217262974
-0.17014550440173581
-0.16881848268971766
-0.16750259791830746
-0.16619823440601678
-0.16490566357584224
-0.16362376363194386
-0.1623526498449117
-0.16109222137381307
-0.1598380925060432
-0.15859808465280723
-0.15736442232180237
-0.1561456747771448
-0.1549373462514635
-0.15373935312635478
-0.152551628894257
-0.15137364553394284
-0.15020541990965186
-0.14904686658554067
-0.14789790012576987
-0.14675843509449538
-0.145627528848136
-0.14450671158926154
-0.14339509102878134
-0.14228811312960632
-0.14119401637511386
-0.14010795030506007
-0.13904018353078917
-0.13797327404972248
-0.1369151450239543
-0.1358657180524817
-0.1348249147342997
-0.13379242974563166
-0.132774816283588
-0.1317603335431078
-0.1307496846044881
-0.12975019092885653
-0.12876001583122798
-0.1277777302584444
-0.12680329047322014
-0.12583665273827027
-0.12487810278791756
-0.12392704277089961
-0.12298366589109677
-0.12204792949330168
-0.12112695710483168
-0.12020661588097736
-0.11929327514571608
-0.11838801736090299
-0.11749003694896532
-0.11659926903604101
-0.11571318748932835
-0.11483632140750066
-0.11396639104777684
-0.113103338295096
-0.11224710503440138
-0.11139709661297559
-0.11054979500373241
-0.10971624051242623
-0.10888890802110529
-0.10806772637415951
-0.1072491832805656
-0.10643915035373847
-0.10563542703491913
-0.10483795503435478
-0.10404667606229157
-0.1032664445814746
-0.10248635196912415
-0.10171074882109321
-0.10094373275352081
-0.10018497074214927
-0.09942982018555485
-0.0986756955673283
-0.09793216599644955
-0.09719434096484414
-0.09646217520078004
-0.09573562343252562
-0.09501464038834884
-0.09429939809414312
-0.09358933618931353
-0.09288465694187553
-0.09218530851096096
-0.09149088617841594
-0.09080210983183296
-0.09011855535357027
-0.08944017090603856
-0.08876690465164627
-0.08809854843214282
-0.08743539264350181
-0.08678003410986213
-0.08612617248437071
-0.08547714963850922
-0.08483291686245142
-0.08419342544637248
-0.08356145448372254
-0.08293161025505058
-0.08230617324772754
-0.08168506250207708
-0.08106819705842094
-0.0804547856257597
-0.07984702025534385
-0.07924377299172564
-0.07864498799906089
-0.07805060944150588
-0.07746082362500561
-0.07687546114637739
-0.07629391202223246
-0.07571654136862238
-0.07514329320874669
-0.07457411156580551
-0.07400433810876889
-0.07344642243101812
-0.07288913243375778
-0.07233567903660043
-0.07178600700354393
-0.07124006109858438
-0.07069778608571814
-0.07015912672894226
-0.06962233044907568
-0.069092017175508
-0.06856535761838856
-0.06804449797311996
-0.06752508972499599
-0.0670090415464557
-0.06649669420481874
-0.06598785244163569
-0.06548248670339424
-0.0649811640335628
-0.06448249845279891
-0.06398498707434147
-0.06349321739295671
-0.06300465741178551
-0.06251921223262141
-0.062037042210273785
-0.06155811802409139
-0.06108205138079098
-0.06060940224560979
-0.06013990161377902
-0.059673522491830555
-0.05921038974835935
-0.05875026062389621
-0.05829316702617099
-0.05783907922864345
-0.057387967504772264
-0.056939224288306334
-0.05649382285877946
-0.056051374272807375
-0.05561186014919317
-0.055175262106739786
-0.05474156176425049
-0.05430968393855706
-0.0538811989527197
-0.053455433116708584
-0.05303210975077716
-0.052611780719121815
-0.05219378593390814
-0.05177840119191779
-0.05136560207349461
-0.05095536415898305
-0.050547663028726986
-0.05014247426307139
-0.04973988540681051
-0.049339713235215465
-0.04894196757206393
-0.04854662052094874
-0.04815287289831047
-0.04776348681707451
-0.04737478385034935
-0.04698881155267348
-0.04660519013943809
-0.04622388430354246
-0.04584485873788696
-0.045468078135371376
-0.04509313460527278
-0.04471977008983388
-0.044349575467519914
-0.04398149278293034
-0.043615498299618694
-0.04325156828113855
-0.04288678379487024
-0.042526821469370146
-0.042168592223588236
-0.04181261175189682
-0.04145856955594113
-0.041106450296085506
-0.04075648791570996
-0.04040766674766402
-0.040061396602612154
-0.03971702264895419
-0.0393745200707043
-0.03903386405187759
-0.0386946315081938
-0.0383577068891634
-0.038022481479890735
-0.03768901599333338
-0.03735729469989513
-0.0370273666502175
-0.03669921926090236
-0.03637318514090215
-0.036048421269678194
-0.03572531597318304
-0.03540385298954682
-0.03508401605689948
-0.03476578891337101
-0.034447913664814034
-0.0341329387431277
-0.033820141406571524
-0.03350837312781077
-0.033198236885854354
-0.03288852628979555
-0.03258099607629544
-0.03227495615520645
-0.031970388216952306
-0.031667273951955954
-0.031365595050641376
-0.031065233003307657
-0.03076642293330467
-0.030469006720976466
-0.03017296523515428
-0.029878348898026763
-0.0295850097216957
-0.02929299116647513
-0.029002611628949626
-0.028713216935762648
-0.02842508436283725
-0.028138197098591056
-0.027852538331442078
-0.027568263564060225
-0.027285082688971396
-0.027003091559371584
-0.0267222745473307
-0.02644237376068026
-0.026163544572873343
-0.02588640663523542
-0.025610412312713007
-0.02533554930396477
-0.025061805307649163
-0.024789168022423633
-0.024517625146947136
-0.02424708977810268
-0.023977481943956366
-0.02370902350606091
-0.023441331065389176
-0.02317496237717881
-0.02290960321438862
-0.02264524077291788
-0.022381862248665813
-0.022119454837531805
-0.021858005735415298
-0.021598087544646816
-0.02133841969970264
-0.021079744235983355
-0.020821963691933926
-0.020565066376475843
-0.020308506750989455
-0.020053418139030013
-0.019799209948924326
-0.019545867994695945
-0.01929340562343848
-0.019041725502352308
-0.018790862546165757
-0.018540802972922044
-0.018291533000663926
-0.018043038847434453
-0.01779578551458072
-0.017547724395262698
-0.017301443140640943
-0.017055902310345122
-0.016811091967162545
-0.016567807021433387
-0.016324518797801765
-0.016082063130393967
-0.01584013915659821
-0.01559888608452556
-0.015358415791158639
-0.015118359425410482
-0.01487898077175391
-0.014640432412080517
-0.014402462902297852
-0.014165114953808247
-0.013927705362957316
-0.013691443903640535
-0.01345577580729515
-0.013220688596445151
-0.012986169793614818
-0.012752206921328092
-0.012519124170036658
-0.012286432658056443
-0.01205403911869557
-0.011822104991828133
-0.011590716322212938
-0.011359764452267655
-0.011129376153832145
-0.01089946318321778
-0.010670013399723108
-0.010441014662646901
-0.010212454831287347
-0.00998435154822861
-0.009756626463691617
-0.00952931921588681
-0.009302394738830336
-0.009075841393674608
-0.00884969713973148
-0.008623891069393576
-0.008398465994531555
-0.008173388155775549
-0.007948648458761094
-0.007724237809125303
-0.007500108130080355
-0.007276339110439331
-0.007052871949401754
-0.0068297131786835
-0.006606820759594699
-0.006384137971339653
-0.006161779227115638
-0.005939681480551268
-0.005717835166234732
-0.0054962307187547375
-0.005274858572699506
-0.005053709162657599
-0.00483284070124022
-0.004612121774176824
-0.00439158257614327
-0.004171225136775498
-0.003951181970765789
-0.0037311459294956696
-0.0035112641313496534
-0.003291527284092991
-0.003071953546863416
-0.002852474252489653
-0.0026331128987735885
-0.0024138604267671584
-0.002194711023582369
-0.0019756558077582333
-0.00175667962658972
-0.001537772991548442
-0.001318926414105969
-0.0011001231468386833
-8.811511329696389E-4
-6.624679642764893E-4
-4.4387255197134677E-4
-2.2520573978461727E-4
-6.538311307867855E-6
