1501
6.67624180371298E-6
2.249767192321053E-4
4.433141477587343E-4
6.616492464692546E-4
8.800135664713219E-4
0.00109828838252369
0.001316769512247973
0.0015353585046722282
0.0017539427718266075
0.0019726117494731684
0.002191344255967667
0.002410213253733747
0.0026291725380226862
0.0028482299262867633
0.0030673932359782594
0.003286619730507326
0.0035060554039963755
0.003725632535203246
0.003945361653541549
0.00416524961902345
0.004385315894637084
0.004605570853338566
0.0048260172128895
0.005046678689017033
0.005267563399823611
0.0054887312598529275
0.005710067169725809
0.005931695420851282
0.006153560338663298
0.006375659066566994
0.006598001197302632
0.006820579823031317
0.007043456115288858
0.00726661545007138
0.007489584510010111
0.007713307578690015
0.00793734988505742
0.008161720653755061
0.008386429109425712
0.008611655151804468
0.008837301669932435
0.0090631311105486
0.009289309420267504
0.009515849183691687
0.009742762985423668
0.009970063410065858
0.010197763042220663
0.0104264009154304
0.01065496541550208
0.010882761785349734
0.01111199962446964
0.01134200294737777
0.011572434447566532
0.011803363735290368
0.012034798699442982
0.012266747228918233
0.012499217212609978
0.012732267065834593
0.012965646532169292
0.013201445628738387
0.013435965433938712
0.013671265901298801
0.013907893250381054
0.014143505492730704
0.0143805389508114
0.01461813579143248
0.014856302672537042
0.01509504625206827
0.01533437318796936
0.015574290138183344
0.01581480376065328
0.01605592071332236
0.01629874843511986
0.01654136437361306
0.016784626189655455
0.01702872671866737
0.0172735131641452
0.017518545236810207
0.017765165144984635
0.018012445655744697
0.018260398089531726
0.018509033766786642
0.01875888665929079
0.019008990487954167
0.019260672422887037
0.019512195209303057
0.019764553677941665
0.020017755495621542
0.02027180832916145
0.020526719845379904
0.02078249771109554
0.021039149593127124
0.0213029555695963
0.021561929344304676
0.021822115774592615
0.022091063324034238
0.02234500920038139
0.022608750914112533
0.02287320492822567
0.02313657653491158
0.02340244244870024
0.02366930691954741
0.023941662461266472
0.024211219850526072
0.02448174777791054
0.024753271363754867
0.02502581572839399
0.025299405992163043
0.02557364159295676
0.025849175405034536
0.02612577816908329
0.02640347237688906
0.026682280520237522
0.02696438790389416
0.027246038584598592
0.027528810618041355
0.027812721467301654
0.028094999888056915
0.028381174779159635
0.028668654388466303
0.02896335048214857
0.029253329279947005
0.02954450784080101
0.029837287119625105
0.030129355641105915
0.030424505923683065
0.030720992978624434
0.031018834453524324
0.031318047995976844
0.03161865125357602
0.0319206618739159
0.032224097504590626
0.032530759109680285
0.032837033616397754
0.033144832286255727
0.03345419607188779
0.03376639754231617
0.03407865676708377
0.03439253899937489
0.0347098298982155
0.03502759913033604
0.03534657736215713
0.035667626608658215
0.035990341532280506
0.03631469962177766
0.03664067836590343
0.03696631996005481
0.037295766739284475
0.037626794062827484
0.03795947375864567
0.0382938776547006
0.038630077578953925
0.03896834049682099
0.03930880204966511
0.039650652905829586
0.03999501100253408
0.0403405596322115
0.040688051638725936
0.04103750315581539
0.04138893031721788
0.04174234925667139
0.042097776107913876
0.04245439375032459
0.042812328023534435
0.04317422666844184
0.043537831417711864
0.043903011083963106
0.04427095367018041
0.04464103140344963
0.04501324605089993
0.04538759937966058
0.04576409315686128
0.04614226559285001
0.04652296668018541
0.046905804836654685
0.04729144977242111
0.04767852700570219
0.0480678116116732
0.0484593617986514
0.04885323577495476
0.04924949174890078
0.049648187928806875
0.050050558638586345
0.05045399269079054
0.05086532867170318
0.05127512118600777
0.051687195475405484
0.05210162001992105
0.052518463299579515
0.0529377937944055
0.053359679984423924
0.05378937473423795
0.05420795866532624
0.05463247403958399
0.05506519883011535
0.0555008506087713
0.0559394490349846
0.05637838135922091
0.05682306539437759
0.05727088528184343
0.05772182710009027
0.058177079572796
0.05863387842974738
0.05909320467418183
0.059561566473435634
0.06002586451096936
0.06049306052732334
0.06096324600874675
0.06143651244148779
0.06191295131179453
0.06239719092492324
0.0628817104357482
0.06336916383473545
0.0638595881484903
0.06433423131226462
0.06483442062134936
0.06533733704128253
0.0658429437169824
0.06635176061459691
0.06686334066126864
0.06738995920481217
0.06790774965180296
0.06842880980378968
0.06895322803464393
0.06948215514166656
0.07001411769663601
0.07054973896324573
0.07108908477677728
0.07162877544033724
0.07217477609840672
0.07272278414277811
0.07327781661306415
0.07383710035560115
0.07440063343842368
0.07496385825429142
0.07553709045446927
0.07611441665353863
0.07669586374110637
0.07728145860677904
0.07787122814016323
0.07846519923086609
0.07906339876849422
0.07966585364265438
0.08027259074295284
0.08088363695899714
0.0815062014249654
0.08212417125389049
0.0827468648625646
0.08337432651151733
0.08402825448876
0.084668165073995
0.08531216171927847
0.0859609336725985
0.0866129242184302
0.08727233526196887
0.08793338684084362
0.08859934044265577
0.08927029288124133
0.08994634097043452
0.09062758152407124
0.09131411135598666
0.09200602728001567
0.09270434756211832
0.09340915446651177
0.09411973128481566
0.09481789064562074
0.0955416408106669
0.09626882296957961
0.09700131030015285
0.09773909601580516
0.09848217332995629
0.0992307840496795
0.09998527508885235
0.10074526964429115
0.10151079307018829
0.10228187072073791
0.10305852795013343
0.10384085344688287
0.10462918418718858
0.10542556507266593
0.1062280619114696
0.10703675987425854
0.10785174413169085
0.10867309985442641
0.10949412521293911
0.11033090698811576
0.11117400734862382
0.11202351347553297
0.11287951254991246
0.11374209175283168
0.11461133826535863
0.1154873392685638
0.11636813321720918
0.11725754349361439
0.11815445415340375
0.1190669906983044
0.11997830787137875
0.12089652950891883
0.12180832888006565
0.12274097593636368
0.12368099332037819
0.12462845492254615
0.12558343463330301
0.12654600634308477
0.12751624394232786
0.1284942213214677
0.12950202641750597
0.1304903049237498
0.1314921602258191
0.1325020005631976
0.13351992917251554
0.1345460492904046
0.13558582001460462
0.1366282606553274
0.1376794219443045
0.13873942258404337
0.13980838127705153
0.14088641672583557
0.14197364763290266
0.14307019270075894
0.14417602089726933
0.14529321035157927
0.14642778285247815
0.1475702233961368
0.1487206303315307
0.149879102007636
0.15102473379959958
0.1521928680840584
0.15337266032891794
0.15456404314650352
0.15576694914913936
0.15699627522587467
0.15821237080407036
0.1594405787131128
0.1606923938059851
0.16195397806166278
0.1632255417943549
0.16450729531827102
0.16579944894762
0.16710221299661077
0.16841579777945348
0.1697404136103563
0.17107724790614087
0.17242368900343474
0.1737805819047583
0.17520017943164512
0.1765458380189565
0.1779359803696271
0.1793691075499977
0.18077860479122343
0.18219867541489299
0.18362371980820902
0.1850764060795267
0.1865414759833668
0.18801904935540414
0.18950924603131214
0.19101218584676305
0.1925279886374318
0.19407731857444188
0.19562848731213156
0.1971858320060358
0.19875693799211946
0.20034199682776233
0.201941200070344
0.2035547392772451
0.20520389028329178
0.206854966130659
0.2085192715139219
0.21016864993489992
0.21188393730117527
0.213588042362842
0.21534582232246557
0.21707313970838116
0.21881398064844904
0.2205684798881653
0.22233677217302783
0.2241189922485336
0.22591527486017893
0.2276866083696525
0.22952973631191065
0.2313879071315188
0.23326138190121393
0.23515042169373457
0.2370552875818206
0.23898533703910663
0.2409249528440367
0.24288170814682886
0.24485589622202575
0.24684781034417114
0.24885774378780456
0.2507145593179998
0.2527806288419281
0.2548647119952998
0.2569670700924638
0.2590879644477695
0.26122765637556666
0.2633795243547914
0.2655591943919531
0.2677586973642645
0.26997825980366286
0.27231318805920046
0.27455130818408513
0.2768071214015211
0.2790808304112793
0.2813723380535862
0.2836992623658512
0.28604709472874235
0.28841599641592164
0.29080612870104905
0.2932010761998187
0.2956361748221894
0.2980930446192078
0.3005719145080956
0.30307301340607173
0.305596570230354
0.30813868425456037
0.3106952999556094
0.31331804933606233
0.3159214112190376
0.31855662893252856
0.3212162113829551
0.32389942101302993
0.3266076280285415
0.3293398612853129
0.33210714638629835
0.33489682053961367
0.3377079882820093
0.3405337689063799
0.34339125300314843
0.34627252177044987
0.3491531822375131
0.35208589998397954
0.35504481717404013
0.3580063446834012
0.3610214761841044
0.36406304955619495
0.3671315414253724
0.3702323288895695
0.3733558002183923
0.3765074695273234
0.37968768944009645
0.3828968125804453
0.3861351915721012
0.38940838132417754
0.3927101820579364
0.3960428118278343
0.3994451461177284
0.40284907453052665
0.40627750811668406
0.40972042045471535
0.41319364254403634
0.41673138743985527
0.4202789909550013
0.42385454911791864
0.4274585532457962
0.43109149465582486
0.43475386466519184
0.4384461545910836
0.44216885575069065
0.44593047384292483
0.44971568877437074
0.4534780918279102
0.45733207466001913
0.46121831967818316
0.465136984878904
0.4690882282586757
0.473072389767383
0.4770908121737527
0.4815387380663032
0.48559458555103907
0.4894995926339081
0.4936193388282648
0.4978193041442518
0.5019085601286952
0.506166691527945
0.5104592759327522
0.5147863922819975
0.5191481195145595
0.5235445365693137
0.5279757223851429
0.5324417559009209
0.5369484849424606
0.5414872247430993
0.546059914369946
0.5506575803484774
0.5552831246384393
0.5599576607503125
0.5646883281579802
0.5694253173413935
0.5741983023765926
0.5790068393389673
0.5838504843039094
0.5887294695992074
0.5936406267607026
0.5986052833284079
0.6035750047774808
0.6085746993856818
0.6135791562678099
0.6186676784881744
0.6237873339981923
0.6289371165435398
0.6341160198698939
0.6393230377229284
0.644557163848321
0.6498173919917472
0.6551027158988827
0.6604121293154006
0.6657447262112948
0.6711138816037305
0.6764879631165543
0.6818978198197021
0.6873321186721721
0.6927884219088813
0.6982584848994002
0.7037457758137382
0.7092556095904863
0.7147782821085973
0.7203128221083235
0.7258527813157793
0.731397560785183
0.7369445604299218
0.7424682794252804
0.748022038652679
0.7535717081654374
0.7591143774787885
0.7646471361079716
0.7701770442968758
0.77569645077461
0.781186206243607
0.7866535293760153
0.7920951554377145
0.797479855890046
0.8028314413346518
0.8081581334922947
0.813445138003194
0.8186880710762146
0.8238825489202273
0.8290065504466702
0.8340860386451143
0.8390827357474033
0.8440399256886195
0.8489424926003735
0.8537246585660014
0.858466101220019
0.8631503219942847
0.8677127345713882
0.8721946718018874
0.8766203416245286
0.8809789728395137
0.8852395731187999
0.8894420169517172
0.8935692320026636
0.8975978353740262
0.9015498770558148
0.905421921309614
0.9092118722901814
0.9129220497672508
0.9165537503542316
0.9200999953494868
0.9235753382635847
0.9269582893055421
0.9302807927210575
0.9335298387521052
0.9367187320828858
0.939812077048745
0.9428321778861992
0.9457794315866277
0.9486542351414142
0.9514569855419417
0.9541921968512641
0.9568479267177858
0.9594318717453918
0.9619440840380227
0.9643846156996112
0.966753518834107
0.9690471108473782
0.9712714926772987
0.9734230768087757
0.9755054491486952
0.9775161552688969
0.9794530529679601
0.981317154170239
0.9831090751461256
0.9848199725826579
0.9864687794697335
0.9880570849026977
0.9895646082661145
0.9910003057193064
0.9923639592339955
0.9936553507818973
0.9948464123369973
0.9959873917632196
0.9970750701629667
0.9980889579471173
0.99902978842547
0.9998977269339715
1.0006647705678677
1.0013754676552677
1.0020208117438205
1.0025846590643441
1.0030545970029587
1.003476867760738
1.0038101967499369
1.004067323796324
1.0042479695440338
1.0043407994541456
1.0043669895689753
1.0042731600427128
1.004146891235954
1.0039389904524176
1.0036488856770047
1.0033272900588077
1.0028762209434925
1.0023426848970836
1.0017417947740999
1.0010368815457458
1.0002478320492685
0.9993740457400042
0.9984149220732936
0.9973239928910047
0.9961762382934527
0.9949524005892654
0.9936406230220944
0.9922400451369517
0.9907348099641782
0.9891552419800016
0.9874837125698885
0.9857193382640208
0.9838612355925731
0.9819085210857201
0.9798816500965177
0.977744670020078
0.9754911950776899
0.9731392236030221
0.9706144724491521
0.9680541255846062
0.9653918882542722
0.9626263364703149
0.9597560462448804
0.9567795935901255
0.9536955545182053
0.9505025050412756
0.9472747614509505
0.9439076964693891
0.94016521149209
0.9365932396235213
0.932883970599546
0.928996526388687
0.9249842315278833
0.9208698995219917
0.9165893354805696
0.9121815266816204
0.9075979153322189
0.902963151783168
0.8982000502024929
0.8933077277305062
0.8882853015075112
0.8830549747634979
0.8777480524750034
0.8723064539575178
0.8667355514325301
0.8609988763204797
0.8551668024428736
0.8491909777246809
0.843078786001624
0.8368265144117091
0.8304372478027551
0.8239073820226643
0.8172541469082972
0.8104783904688491
0.8035331758287825
0.7964972888383199
0.7893429239233054
0.7821164616282106
0.7747366231335677
0.7672314340468676
0.7596125736264012
0.7519951464390111
0.7441307763678404
0.7361541150817255
0.728067532790674
0.7198733997046904
0.7115740860337825
0.7031719619879455
0.6946693977772007
0.6860687636115399
0.6773724297009709
0.6685235269561334
0.6594754111999883
0.6505343171309823
0.6415116021505307
0.6323819290881829
0.6232583753960421
0.6139622127931377
0.6045880315911321
0.5951373062886294
0.5856115113842328
0.5760121213765279
0.5663406107641125
0.5565984540455915
0.5467871257195505
0.5369081002845881
0.5269628522393068
0.5169988919249509
0.5069508397550351
0.4967026081605752
0.4865646419400642
0.476338032221423
0.46598833159584796
0.4557243039304346
0.44528621728228046
0.4347965177960047
0.4242568213485054
0.4136687438166735
0.40303390107739023
0.3923539090075403
0.3816303834840209
0.3708649403837123
0.36005919558350286
0.34892486870646344
0.3380863595061383
0.32725312816219354
0.3163469761915092
0.30540828719298396
0.294447229113727
0.2834731438103013
0.2723627825070105
0.2612209751492305
0.25007114503597183
0.23887939293796911
0.2276594681673174
0.21641238850688183
0.2050260865144411
0.1937349640175503
0.1824153537248252
0.17101015257135366
0.15965338341390822
0.1482699028107568
0.13687225450540375
0.12546303911833867
0.11404485727006985
0.10262030958108248
0.09119199667188393
0.07976251916296029
0.06855789065686313
0.05711645674593058
0.04566950311070439
0.034228517980503526
0.02267098905006648
0.012011360011220162
-1.6631284503709765E-4
-0.011626532233660392
-0.023082101205873506
-0.034532606467187144
-0.04597763472311822
-0.05741677267917922
-0.06884960704088883
-0.08027572451375864
-0.09167018906704616
-0.10310476977121308
-0.11450693805938084
-0.12589631680111957
-0.13727180597368882
-0.14863230555435525
-0.15999551850657934
-0.1712931532239379
-0.18257543083908256
-0.19336315223455713
-0.20463430276715755
-0.21588929228348874
-0.22748803986609545
-0.23866816672205182
-0.24996273947427916
-0.2610979280638617
-0.2722034636237858
-0.2832775996732577
-0.29433298724278956
-0.30530554098130924
-0.31628727347300156
-0.3272341409426405
-0.33814466120577436
-0.3490173520779729
-0.3598863439898832
-0.37068534098330375
-0.3814331253845076
-0.3921390197908803
-0.40280069836247634
-0.41339501695696335
-0.4239611350437027
-0.4344802743860976
-0.44498302538753
-0.45536130652663687
-0.4657042829365885
-0.47601848453115725
-0.4862819649257073
-0.4965133715154382
-0.5066631306399731
-0.5167332609900264
-0.5267434795635877
-0.5366919915823951
-0.5465770022681813
-0.556396716842686
-0.5661521552052751
-0.5758388918363524
-0.5854556443025682
-0.5950003395899834
-0.6045686742938319
-0.6139427479079584
-0.6232366204460273
-0.6324478400545352
-0.6415739548799761
-0.6506125130688334
-0.6595480250175214
-0.6684243741273033
-0.6772270283197006
-0.6859350572129097
-0.6945475029421067
-0.7030612124100628
-0.7114028170042106
-0.7197000260321049
-0.7278901427275519
-0.7359712662283195
-0.7439414956721917
-0.7517989301969408
-0.7595416689403445
-0.7671678110401778
-0.7746754556342133
-0.782116621640637
-0.7893835472535953
-0.7965177887220003
-0.8035412426272073
-0.8104416784249189
-0.8172330762586828
-0.8238767357770183
-0.8303887208089709
-0.8367541675760757
-0.8429948529807696
-0.8490978946772803
-0.8550611413238975
-0.8609163385610161
-0.8666480116204207
-0.872207404576387
-0.877648611439648
-0.8829568228410842
-0.8881331000477193
-0.8931979394023006
-0.8981134380066385
-0.9028941791668386
-0.9074577094350191
-0.9119859762048552
-0.916385466895016
-0.92072200041265
-0.9248647713154874
-0.9288878340735627
-0.9327926143418912
-0.9366073655010734
-0.9402576667957288
-0.9437659970504342
-0.9471893307235861
-0.9504988413857332
-0.9537286595518912
-0.9568166881359454
-0.9597952589242427
-0.9626654720676191
-0.9654284277169074
-0.9680852260229402
-0.9706369671365538
-0.9730216413902024
-0.9753694043548862
-0.9776379289775674
-0.9797904846218328
-0.9818481289756171
-0.9838119323671561
-0.9855446906410403
-0.9871827235990827
-0.9889038874908946
-0.9905451754730228
-0.992107748825795
-0.9935927688295303
-0.995000306527059
-0.9961889146347227
-0.9973229326721436
-0.9983699033916862
-0.999330426553974
-1.0002051019196418
-1.0009945292493176
-1.00169930830363
-1.002320038843215
-1.0028573206286913
-1.0033117534206992
-1.0036581833867615
-1.003947643194059
-1.0041556338087512
-1.0042809217363997
-1.00433436272752
-1.0043007159453197
-1.004197950350866
-1.0040183156977012
-1.0037565907590675
-1.003419451828992
-1.003004625622558
-1.0025118259333476
-1.0019573155800492
-1.0013256117447797
-1.0006174303238717
-0.999840956527354
-0.9989835555835649
-0.998056564294167
-0.9970565032542105
-0.9959835462899287
-0.994841316015294
-0.9936219051216479
-0.9923294444755903
-0.9909640048059591
-0.9895240406354642
-0.9880080825430033
-0.9864339816759076
-0.9847846003002179
-0.9830635521718492
-0.9812708615170669
-0.9794102429453311
-0.977473728623079
-0.9754622922399099
-0.9733849607189526
-0.9712340780816753
-0.9690113179629964
-0.9667165008395928
-0.9643500113797057
-0.9619130775884388
-0.9594038642560134
-0.9568219131761406
-0.9541667595457639
-0.9514393257133262
-0.9486355279886194
-0.9457579878767302
-0.9428061809835118
-0.9397761427132352
-0.9366733229894617
-0.933497838170493
-0.9302395868313305
-0.9269021941843292
-0.9234798681333887
-0.9199883668716469
-0.9164210615738089
-0.9128367015417798
-0.9091219913912898
-0.905329221917305
-0.901435855950389
-0.8974858416931673
-0.8934541917425349
-0.8893534370207465
-0.8851870486183682
-0.8809138391826052
-0.876568707155216
-0.8721470644912839
-0.8676413921208197
-0.8630725910021004
-0.858434521963714
-0.8536992767880855
-0.8488689086684218
-0.843988671115639
-0.8390310337897513
-0.834036374398301
-0.8289525456825975
-0.8238212768056186
-0.8186303822464818
-0.8133639717654013
-0.80807094926495
-0.8027353489251183
-0.7974117077531062
-0.7920181627459382
-0.7865949527057552
-0.7811193688076874
-0.7756722959399243
-0.7701521409854326
-0.764615477330219
-0.7590657736795525
-0.7535180874120178
-0.7479583751875785
-0.7424117926926184
-0.7368686093624448
-0.7313671042985055
-0.7258235712520693
-0.720287112422914
-0.7147593673316921
-0.7092415704331114
-0.7037370339775317
-0.6982460627758034
-0.6927420435016587
-0.6872939903788247
-0.6818614266309582
-0.6764494513049923
-0.6710591791572291
-0.665682989285517
-0.6603392267133761
-0.6550222042154843
-0.6497328489832692
-0.6444720882081576
-0.6392446764024773
-0.6340428351788083
-0.628869223031661
-0.6237195522112629
-0.6186099165396506
-0.613535442191588
-0.608486031423574
-0.6034697532533557
-0.5984867944862744
-0.5935373419276577
-0.5886215823828422
-0.5837397026571596
-0.5788918895559476
-0.574060112970435
-0.5692949337494446
-0.5645636259436748
-0.5598549831131336
-0.5551800833707188
-0.55053906080472
-0.5459320495034228
-0.5413591835551164
-0.5368205970480919
-0.532309440074612
-0.5278391444131305
-0.523419830747903
-0.5190258663672189
-0.5146676956655516
-0.5103568555175908
-0.5060713713246576
-0.5018207854096692
-0.49760503375705145
-0.4934240523512097
-0.4892777771765706
-0.4851661442175428
-0.48108908945853557
-0.47701359615192107
-0.47299907866155344
-0.4690164286490428
-0.46506559459837016
-0.46115874598392725
-0.4572745535885434
-0.4534304567754748
-0.4495838132126613
-0.4458008706717782
-0.4420503188798124
-0.4383220017758871
-0.4346343573377869
-0.43097899223907254
-0.42735581530929045
-0.4237647353779823
-0.4202056612746825
-0.4166785018289374
-0.4131752562070079
-0.4097078460066901
-0.40625793155450785
-0.4028444508837641
-0.3994702228825968
-0.3961155794337614
-0.3927973391036119
-0.38951083729277247
-0.38623935556775635
-0.38299607545976055
-0.3797787732805027
-0.3765967537556558
-0.3734427182222648
-0.3703165405454305
-0.3672180945902417
-0.3641702015650736
-0.36111351284487436
-0.35807440193505324
-0.3550904905276606
-0.35213289390179314
-0.3492014109612893
-0.3462952618286501
-0.3434157155520552
-0.34056142055587113
-0.3377321217179843
-0.3349275639162739
-0.3321455394431998
-0.3293867951048213
-0.326651389426329
-0.3239761514516051
-0.32129212059246837
-0.31855409516748656
-0.3159328880597725
-0.3133334037281865
-0.31075121738120215
-0.3081958556536706
-0.3056619149628095
-0.30314921735046085
-0.30065758485846183
-0.2981868395286551
-0.29573680340287867
-0.2933151183807128
-0.2909087971944664
-0.28848782236944337
-0.2861116915787658
-0.2837571980351066
-0.28143854961596904
-0.279139490558469
-0.2768598881258666
-0.2745996095814176
-0.2723391841840799
-0.2701171976093306
-0.2679146412874309
-0.265731349480546
-0.26355395227014955
-0.26140976699388263
-0.2592846391912307
-0.25717839562540146
-0.25509086305960116
-0.25302172171608306
-0.2509709172953998
-0.24894107532314314
-0.2469269580219453
-0.2449284450592979
-0.2429529017049743
-0.24099393702328253
-0.2390514990814494
-0.23712553594670238
-0.2352159956862674
-0.2333228263673719
-0.23144597605723982
-0.22958539282309953
-0.22774102473217717
-0.22591281985169864
-0.22410942249426857
-0.22231877555712054
-0.2205492697031306
-0.2187775800674101
-0.21702648380185108
-0.2152962673445007
-0.21358199532997924
-0.21188356293258837
-0.21020077625591393
-0.20853373391138774
-0.20686609293821911
-0.2052238957836925
-0.20359691006645908
-0.20198493313146915
-0.20038776232367272
-0.19879024976165383
-0.19721981138968459
-0.1956630649870752
-0.19411972922420861
-0.19258952277146935
-0.19107216429924
-0.189567372477905
-0.18807486597784706
-0.18659678770735044
-0.18513774258867643
-0.18368414759071472
-0.18224245399151062
-0.1808125914166051
-0.17939448949154835
-0.1779880778418821
-0.17659328609315206
-0.17521004387090333
-0.1738382808006802
-0.17247792650802662
-0.17112891061848978
-0.1697523524835851
-0.1684092359447431
-0.16707739166338043
-0.16575725798313823
-0.16444927324765413
-0.16315387580056684
-0.16201644190667308
-0.16075730886124995
-0.15950790973315843
-0.1582680462660624
-0.15697329470834576
-0.15575977842894073
-0.154556400816934
-0.15340837604988267
-0.15222448573891956
-0.15105066583500182
-0.1498868164877767
-0.1487328378468893
-0.14758863006198675
-0.14645409328271408
-0.1453291276587182
-0.1442085352245963
-0.14309980906854936
-0.14198387651903166
-0.1408943445229236
-0.13981334737125883
-0.1387407886183093
-0.13770810594687422
-0.13665135678540763
-0.13560244073191685
-0.13452330156884007
-0.13349446077357385
-0.13247367322271164
-0.13146081355048156
-0.13045575639111462
-0.1294892414543254
-0.1285067486043573
-0.1275317525711156
-0.1265309282172168
-0.12556790296732312
-0.12457380518521033
-0.12362756680541276
-0.12268838923020409
-0.12175617171559072
-0.12083081351757474
-0.11991221389216089
-0.11902776340487975
-0.11812673925440098
-0.11723154733864638
-0.11634657945355042
-0.11546877352812479
-0.11459807174189118
-0.11373745661205314
-0.11287841012451594
-0.11202637969950058
-0.11118129694318013
-0.1103430934617291
-0.10951001434276442
-0.10868117653929077
-0.10786194701071433
-0.10704910663697387
-0.10624259658116131
-0.10544235800636714
-0.10464841886645393
-0.10386022259570482
-0.10307133690973597
-0.1023121347490003
-0.10154294997416391
-0.10075903876031966
-0.1000013231407843
-0.09924946352335828
-0.09850342608741314
-0.09776317701232073
-0.09702868247745339
-0.09629990866218274
-0.09556812876269205
-0.09484981641996781
-0.09413696430470286
-0.09342949702497183
-0.09272724049811787
-0.09203580596285676
-0.09134409136413568
-0.0906574672562977
-0.08997588285861646
-0.08929928739036519
-0.08862763007081725
-0.08796076829746718
-0.08729884005944777
-0.08664172516915963
-0.08599383602103
-0.0853464347374226
-0.08470357076139245
-0.08406519894479031
-0.0834312741394696
-0.08279894285119527
-0.08217378145744342
-0.08155562461980159
-0.08093913151870574
-0.080326963476188
-0.07971907864445016
-0.07911543517569208
-0.07851373451793692
-0.07791828441354504
-0.07732700440529394
-0.07673985020904811
-0.07615677754067046
-0.07558062168586582
-0.07500440091754712
-0.07443628074010966
-0.07387225398907321
-0.07331227729540862
-0.07275630729008764
-0.07220875282753048
-0.07165979648116055
-0.07111471591265062
-0.07057347906061545
-0.07003605386367096
-0.06950240826043119
-0.06897251018951078
-0.06844632758952618
-0.0679238283990905
-0.06740411040106875
-0.066889269271308
-0.06637704621464308
-0.06587098289110632
-0.06536671436166197
-0.06486611658176
-0.06436917166542222
-0.06387361259769347
-0.06338329494817374
-0.06289620280801739
-0.06241231045319373
-0.06193159215967231
-0.06145402220342233
-0.060981418367544615
-0.0605100466383347
-0.06004007600102135
-0.05957556308532386
-0.05911761595172971
-0.05865772975531308
-0.058200482320949876
-0.05774443982788363
-0.05729469300332701
-0.05684725890238895
-0.056402670739505556
-0.055960925291672514
-0.05552364016885997
-0.05508726335294095
-0.054657504909821686
-0.05422684079521378
-0.05379908719751736
-0.053374141906978145
-0.052951902713841176
-0.05253140454816457
-0.05211195330200197
-0.05169522729249862
-0.051283124944647734
-0.050873902445048275
-0.050469554821016505
-0.050063934781192504
-0.04966191603356704
-0.049260982878381404
-0.048864031005125236
-0.048469458912585445
-0.04807723748070805
-0.04768752532510501
-0.047303041544109
-0.046918647229583804
-0.04653602915833832
-0.0461551791972335
-0.04577608921313092
-0.04539925478523446
-0.04502232410162735
-0.04464695508872124
-0.04427750041531031
-0.04391022232373462
-0.04354685072004966
-0.04318327472597222
-0.04282175559990614
-0.04246226999311131
-0.04210479455684646
-0.04174930594237122
-0.041398470247268254
-0.041046909845071505
-0.040697310698453615
-0.040349651184305835
-0.040003909679519334
-0.03966095343398049
-0.03931772652084928
-0.03897667097539195
-0.038637726697890534
-0.03830083358862474
-0.03796571900625079
-0.037634675786414634
-0.037304286806111725
-0.036975762206942014
-0.036649019538314176
-0.03632397634963591
-0.03600055019031592
-0.035678658609760994
-0.035358219157381326
-0.035039149382583484
-0.034728263306729706
-0.03441045038626134
-0.03409312388157715
-0.0337709523010451
-0.033459572611072796
-0.03315033472743956
-0.03284073613943869
-0.03253591449649168
-0.03223065870829084
-0.03192677510437303
-0.031624265250517175
-0.03132313071250231
-0.031023373056107695
-0.03072499384711258
-0.030428751726672282
-0.03013324301686321
-0.029839039926718325
-0.029546139231951235
-0.029253299505713787
-0.028963423334462557
-0.028674907801026717
-0.028388531465140837
-0.028102235871012682
-0.027817015201069828
-0.027533331050778986
-0.02725083199859099
-0.02696952295545646
-0.02668938131259535
-0.02641038961724701
-0.02613254622637845
-0.02585597531424097
-0.025580484599139072
-0.02530600182071803
-0.02503319592719465
-0.024761517065251606
-0.024488787604016626
-0.02421855818882948
-0.023946005176990373
-0.023677453982082874
-0.023409938374905626
-0.023143451923445052
-0.02287798819568722
-0.022613540759618356
-0.022350103183224626
-0.02208766903449233
-0.02182623188140767
-0.021566675979758893
-0.02130704406087769
-0.021049052320510492
-0.020791631238926106
-0.02053520362020335
-0.020279762187952452
-0.02002370572054686
-0.019770168105237323
-0.01951755825687798
-0.019267065700488292
-0.019016071218895467
-0.018765859331199952
-0.018516413679347907
-0.018267717905285405
-0.018019755650958688
-0.017772510558313692
-0.017527697994818958
-0.017279348745081982
-0.017033905300609123
-0.01678914478061412
-0.016545096917046392
-0.016302658380880033
-0.01605976639510036
-0.01581760358311636
-0.015576159811089521
-0.01533584842270029
-0.015096369934587142
-0.014857510514159677
-0.014619220770195257
-0.014381451311471283
-0.014142286722441472
-0.013905770896445832
-0.01366946965680435
-0.013434141214756432
-0.013199412990993475
-0.012965277328291253
-0.01273172656942502
-0.01249875305717063
-0.012267194168814867
-0.01203509190196949
-0.011803593659072388
-0.01157251530311705
-0.011341979317928672
-0.011111938760247263
-0.010882398836357839
-0.010653364752545622
-0.01042484171509584
-0.010196746723770002
-0.009968957932179993
-0.009741685549966628
-0.00951474927506265
-0.009288210213040458
-0.00906205799372619
-0.008836282246945854
-0.008610872602525618
-0.008385818690291605
-0.008160584401596803
-0.007936381100352795
-0.007712467233682824
-0.007489044070315344
-0.0072657685828509885
-0.007042762545813749
-0.0068200132235880645
-0.006597235504941526
-0.0063750270167725435
-0.0061530695212896405
-0.005931344378829088
-0.005709353531066958
-0.005488138392642113
-0.005267139617112018
-0.005046315903344936
-0.004825743955779539
-0.004605428851256633
-0.004385359806850064
-0.0041654416935335455
-0.00394565079464269
-0.003726082756627145
-0.003506632433948942
-0.0032872196556524777
-0.0030678871602487744
-0.002848355359840949
-0.002629329826576883
-0.002410351949786997
-0.0021918140203317123
-0.001973226010616695
-0.0017540848920966426
-0.0015354291627008377
-0.0013168334485830447
-0.0010982906744131642
-8.79793764861153E-4
-6.613356445971459E-4
-4.4346634945868204E-4
-2.2511000802487085E-4
-6.771984888522923E-6
