1501
6.539417402722479E-6
2.258357618166696E-4
4.451467885838475E-4
6.644809160520422E-4
8.837233973855319E-4
0.0011031373199887756
0.0013227078870389304
0.0015422259629377247
0.0017618077031901803
0.001981461610972712
0.002201196189461744
0.0024210199418337915
0.0026409413712653665
0.0028609104367075134
0.003081047261271161
0.003301334012479361
0.00352174056211561
0.0037422929161553195
0.003962986242275708
0.004183866510718743
0.004404918134288026
0.004626123302073883
0.004847550058559701
0.005069175280011162
0.0052910091625077114
0.005513061902128715
0.00573534369495356
0.00595786473706169
0.006180609115397081
0.0064036117977773754
0.00662681294621037
0.006850301269604939
0.007074116438814448
0.0072981336218866655
0.007522676715428812
0.007747404033573754
0.007972474900377391
0.008197894802689266
0.008423669227358863
0.0086498036612358
0.008876303591169636
0.009103174504009923
0.009330421886606106
0.009558051225807829
0.009785715319549547
0.010014086769168401
0.010243503893725178
0.010472628666568229
0.010702163441535371
0.010932084738688182
0.011161569558087073
0.011392511298949595
0.011623967965711357
0.011856759382848324
0.01208929625396992
0.012322856590693931
0.012556381981123202
0.012790441410898482
0.013025043956859855
0.013260198695847492
0.013495914704701698
0.013732201060262544
0.01396983740693919
0.014207598397650081
0.014445618460481202
0.014684181414011177
0.014923429920750145
0.015163365924434041
0.015403991368798747
0.0156457615804583
0.015887275985060567
0.016129596494935047
0.016372549419101212
0.016616981965874245
0.016861803395981687
0.017107370534884203
0.01735255505505004
0.017599704480305456
0.017847638509790376
0.01809813745456937
0.018347135199435316
0.0185969939181468
0.01884772264431804
0.01909503008498066
0.019348302434688616
0.01960277554328009
0.019863348558623123
0.02011751987869012
0.020372182564147093
0.020629259212737616
0.020887286123697918
0.02114591804615222
0.02140544850330299
0.021665893603320246
0.021927269454373816
0.022189592164633676
0.022452877842269875
0.022717142595452294
0.022982223701943874
0.023248197461090123
0.023515173608610523
0.02378944234836665
0.0240581342286363
0.024328102158553314
0.024593229040988887
0.02486596692990388
0.025142923147342552
0.025417778734116464
0.025693746131480844
0.02597083985322224
0.026249074413126794
0.02652846432498107
0.02680902410257141
0.02709076825968415
0.027373711310105575
0.027657867767622246
0.02794325214602053
0.028229878959086713
0.028517461266833244
0.028806585513016486
0.02909720144182315
0.029388871749987888
0.029681931833473757
0.02997679719752272
0.030272598328959288
0.0305697422559984
0.030868248242111457
0.031168135550769804
0.03146942344544476
0.03177213118960767
0.032076278046729634
0.03238251438530412
0.03268927849694725
0.032997139719261104
0.0333071958751987
0.03361858485508351
0.033931526391941025
0.034246432298934815
0.03456270284966656
0.034880586893638876
0.03520010608601665
0.03552128208196478
0.035839723543338586
0.03616372153941927
0.036489342734725844
0.036816550667641446
0.03714859854714797
0.037488123141257435
0.037818116546463915
0.03815244320605332
0.038490343988251796
0.03882628539798727
0.03916651289128323
0.03950953604154117
0.039853471277294605
0.04019915204225438
0.04054656609333984
0.04089576057247832
0.0412475159218165
0.04160123829154977
0.041956913035878646
0.04231455587498606
0.042674182529054666
0.04303580871826762
0.043399450162807884
0.04376512258285831
0.04413284169860163
0.04450262323022103
0.044873741450926374
0.04524791132300801
0.04562717380765138
0.04600500770943425
0.046384510923397265
0.04676780012981416
0.04715329153515571
0.04754100786268403
0.047930228172463896
0.04832264916813017
0.048717400302501324
0.049114502940618004
0.04951397844752084
0.04991584818825015
0.05031864875969433
0.05072491799820028
0.05113667277812281
0.05154845978475156
0.05196279175318175
0.052379505881067295
0.052798844002000384
0.053220740276211265
0.05364532101992425
0.05407299030693308
0.05450336114873483
0.054936457853151155
0.05537230472800364
0.055810893757604674
0.05625276314080818
0.056697346468816634
0.05714495156331589
0.057595501051830755
0.05804834208738846
0.058504726878581714
0.05896363905288088
0.0594256703281803
0.05989083271175277
0.0603591382108708
0.060830598832807004
0.06130522658483395
0.0617830334742247
0.06226403150825133
0.06274823269418678
0.06323564903930351
0.06372629255087436
0.06422017523617202
0.0647173091024687
0.06521770615703737
0.06572217389173363
0.06622695725147365
0.0667375539643058
0.06725619931974813
0.06777114814707641
0.06829384230208335
0.06882035651543134
0.06934956489783872
0.06988244817744793
0.07041903596579441
0.07095935787441399
0.07150344351484234
0.07205500470783155
0.07260709117056563
0.07316304576506133
0.07372290380557783
0.07428535510775625
0.07485354840210284
0.07542574159598792
0.07600197269380082
0.07658227969993192
0.0771673710035255
0.07775553460499801
0.07834802986312606
0.07894479229169249
0.0795458618821937
0.08015127862612559
0.0807610825149847
0.08137742126821951
0.08199694413487718
0.0826211641976462
0.0832498968093594
0.08388328149537455
0.08452136713098585
0.08516420259148721
0.08581183675217319
0.08646431848833808
0.08712169667527636
0.08778402018828169
0.08845133790264903
0.08913271387979588
0.08980977310220295
0.0904928743604998
0.09117226413097956
0.091864563064735
0.0925619969819429
0.09326730990993909
0.09397658395816522
0.09469112793576473
0.09541097524889186
0.09613891911836225
0.09687018456055818
0.09760697206363467
0.09834934814253182
0.09909737931219043
0.09985288199293146
0.10061251734112486
0.10137797427652884
0.10215003986081767
0.10292658293884505
0.10371109912411247
0.10450154248697568
0.10529799045552135
0.10610052045783758
0.10690920992201164
0.10772413627613059
0.10854537694828215
0.10937300936655348
0.11020711095903224
0.11104775915380616
0.11189886253421555
0.11275708094034309
0.11361855244781704
0.11447655538048973
0.11535117825926822
0.11624514167429478
0.11713440978642553
0.11803035787495242
0.1189331786995822
0.11984306502002073
0.12076020959597422
0.12168480518714864
0.12261704455325007
0.12355712045398448
0.12450522564905864
0.12545098329464366
0.12641522806511563
0.1273875207918489
0.12836619892129253
0.12935475810560082
0.13035146319519653
0.1313544839152152
0.13236965032028536
0.13338860442974987
0.13441674998251862
0.13545351654898796
0.13649898664991
0.13755324280603598
0.13861913098431422
0.13969168752190664
0.14077316217531022
0.14186365484142616
0.14296326541715332
0.14407166379081593
0.14518987679884265
0.14631795400535075
0.14745616451113297
0.1486045857274556
0.14976129530275173
0.15092691506671607
0.15209944052107605
0.1532860050692315
0.15448249809027892
0.15568903400471878
0.1569018921203107
0.1581293261129848
0.15936706907441378
0.1606152113783904
0.1618738433987067
0.16314305550915642
0.16442293808353237
0.16571358149562798
0.16699495237131967
0.16832574994664096
0.16964941640341058
0.1709841691763312
0.17233601574998902
0.17369457341207128
0.17506634357975426
0.17644831509191372
0.17784217047735362
0.1792480298556256
0.18066601334628352
0.18209624106887956
0.18353883314296482
0.18499390968809282
0.18646159082381697
0.18794199666968825
0.18944407124938234
0.19095387217692772
0.19247382481182607
0.19401083357986026
0.19560995149344595
0.19712539605992985
0.1986982085487441
0.20028384400460664
0.20188395162908024
0.20348658873685987
0.2051154122955383
0.20675857918560725
0.20841624508451884
0.21008856566972556
0.211775696618679
0.2134808425888748
0.21519972346845861
0.21693358547967811
0.21868265417214605
0.2204471550954752
0.22222731379927763
0.22402335583316657
0.2258355067467539
0.22766409153687417
0.22951623171679847
0.23137774883462092
0.23326519745402896
0.23515161830095122
0.23705855287138355
0.2389891405748099
0.2409365536435133
0.24290098372152746
0.24488262245289039
0.2468816614816376
0.24889829245180617
0.250932707007433
0.25298509679255377
0.25505565345120296
0.2571445686274203
0.25925378411448463
0.26138010484555374
0.26352776369460607
0.26573334555201367
0.2678797387521157
0.2700827002633597
0.2723178495845391
0.27456323948904804
0.27682855956870744
0.27911399148487437
0.28141971689890544
0.28374591747216105
0.2860927748659976
0.2884420217738486
0.2908310588636165
0.2932415788414613
0.2956737719688969
0.2981278285074407
0.300603938718607
0.3031090601652131
0.3056337066330521
0.30817355631836896
0.31072348962622587
0.3133174958438203
0.31593452960887847
0.3185748254837377
0.3212386180307383
0.3239261418122177
0.3266376313905146
0.3293733213279668
0.33213344618691254
0.33491824052969177
0.3377279389186407
0.3405627759160994
0.34342002712305386
0.3463043257816527
0.3492208428629713
0.3521585204075979
0.35512305149726164
0.3581194184882359
0.36114092557307154
0.3641879048997454
0.36726068861623373
0.3703587506375372
0.3734800148793527
0.3766344068595684
0.3798167301848694
0.38302725395514914
0.3862530887707525
0.38952031005039456
0.3928164806722374
0.3961317499789887
0.39948642186032624
0.4028718226144057
0.4062888770427031
0.4097350613579809
0.4132105633744123
0.41671513111073866
0.4202507278018479
0.42385196579238515
0.42744600551488343
0.4310700515917387
0.4347246181246016
0.43841021921512713
0.44212736896496363
0.4458765814757615
0.4496583708491748
0.4534732511868538
0.45729799009833094
0.46119315400587535
0.4651053674959007
0.4690405969376812
0.4730213306371338
0.4770340937850257
0.48116901775833476
0.4851651948174447
0.4892692560042464
0.49340723234178663
0.4975790526383701
0.5017755274430575
0.5060162095772434
0.5102852911181093
0.5145996859951607
0.5189464477833217
0.5233254299113232
0.5277364858078935
0.5321794689017638
0.5366542326216681
0.5411606303963321
0.545731171521544
0.5502959095283728
0.5548938405285777
0.5595282051661106
0.5641958946642682
0.5688969641672039
0.5736298469877217
0.5783949703481679
0.5831919772236906
0.5880081130055803
0.5928669282217784
0.5977623654066062
0.6027603428138324
0.6076905632063188
0.6126479057040326
0.6176320414126564
0.622642641437869
0.627679376885355
0.6327419188607939
0.6378299384698671
0.642943106818255
0.6480810950116407
0.6532853469431568
0.658485670962488
0.663656778983257
0.6688682377311364
0.6741106351371959
0.679375567340621
0.6846575410444684
0.689954777522765
0.6952654980495296
0.7005879238987878
0.7059202763445578
0.7112607766608678
0.7166076461217377
0.7219591060011901
0.7272172821091818
0.7325488474923123
0.7378744347196444
0.743191646338115
0.7484980848946625
0.7538827554352285
0.7591574309226377
0.7644168887813967
0.7696585523159358
0.7748798448306933
0.7800781896300988
0.785229056242315
0.7903659322100651
0.7954702775731874
0.8005398104046515
0.805571941794379
0.8105640828322889
0.8156680854670348
0.8205774796135676
0.8254381393165167
0.8302478898932693
0.8350043468368229
0.8395458477184512
0.8442468730718229
0.8488797904547671
0.8534436543730672
0.8579250647433745
0.8623450331805547
0.8667820473030421
0.8710296339672778
0.8752168517071053
0.8793564272527261
0.883409254729548
0.8874101775345755
0.8913484119197088
0.8952241365957798
0.8989676970755678
0.9026831214005826
0.906331297755206
0.9099080384082541
0.9134230020071916
0.9168577808637632
0.920221247217941
0.9235135604344364
0.9267647711710856
0.9299034395436454
0.9329707117046446
0.9359685638806328
0.9388897820328497
0.9417380505074169
0.9445141657335663
0.9472183266225915
0.9498507320857827
0.9524115810344354
0.9549070941622375
0.9573266138661332
0.9596760097565049
0.9619506990067288
0.9641518095191453
0.9662807021734547
0.9683216565306125
0.9703049611142056
0.9722157832402107
0.9740539881283592
0.9758347533126042
0.977529096852729
0.9791508314040938
0.9806998497973298
0.9821760448630705
0.983517478059988
0.9848462770703108
0.9861021505913179
0.9872849381239774
0.9884000161949125
0.989430105303204
0.9903819026621887
0.9912585312188034
0.9920540809692655
0.9927817467089115
0.9934333954698067
0.9940087845915873
0.9945088860123539
0.9949305958941972
0.9952737874748596
0.9955380684309558
0.995728879035191
0.9958327341109383
0.9958564052232024
0.9957994514428448
0.995690935085439
0.9954718780459348
0.9951764007883481
0.9947880426376088
0.9943167315617671
0.993757040187834
0.993116060961885
0.9922063968568153
0.9912548846770592
0.9903609465500018
0.9893797493308147
0.9883108931310369
0.9871718813872112
0.9859165492004802
0.9845711904692038
0.9831351988232679
0.9816079678925727
0.980405859093417
0.9786978020426469
0.9768950485883261
0.9749725517178245
0.9729720018747718
0.9709597353481225
0.9687570321762236
0.9664529967168329
0.9640519565905965
0.961511811088851
0.9589138196705678
0.9562129565653956
0.9534082347013282
0.9505373028757731
0.9475121981394059
0.9443790740499107
0.9411367045968966
0.9377838637699716
0.9343193255587394
0.9307554529187332
0.927059293087499
0.923227208006594
0.9193101273936115
0.9153230271515262
0.9111970313646856
0.906948091196333
0.9025759044256674
0.8980801688319042
0.8934605821942467
0.888716842291899
0.883848646904072
0.8788933342062499
0.8737819188868414
0.8685404872361602
0.8631861992178393
0.8577252689627013
0.8521297267870613
0.8463554321459821
0.8405435298519626
0.8346072627814047
0.8285474950358962
0.8223650907170121
0.8160609139263331
0.8096358287654395
0.803090699335911
0.7964263897393291
0.7896437640772698
0.7827436864513162
0.7757763148265902
0.7685354285753139
0.761336212451635
0.7540010078807535
0.7466392193432085
0.7391701263249093
0.7313916981697615
0.7236212276933811
0.7157450452754164
0.7077643799288929
0.6996804606668459
0.6914400261031819
0.6831567854682312
0.6747772107203405
0.666302967681947
0.6577357221754845
0.649077140023393
0.6403288870481036
0.6314926290720573
0.6225700319176894
0.6136474905943654
0.604569171115509
0.5954043725340643
0.5861519164466564
0.5768239666165025
0.5674221275753322
0.5578426726072987
0.5482954392733586
0.5385506727078164
0.5288633148125044
0.5191085629334173
0.5092874886548664
0.4994011635611688
0.48945065923664277
0.4794370472656002
0.4694293415838384
0.45930628471614376
0.44911354801401604
0.43877159571780666
0.42849071315144904
0.4182252933327524
0.4078474331744868
0.3974257023429013
0.38694517008530394
0.3764193739892834
0.36579892844847617
0.35516077603082863
0.34448063980738386
0.33375772775211043
0.32299804618817873
0.3122124940592599
0.301380193913948
0.29052139330144655
0.2796150904707053
0.2686756150237972
0.257704257203339
0.24671506930660403
0.23568924131707014
0.2246367008586807
0.2135588891816127
0.20245724753607508
0.19129377157559535
0.1801402886323702
0.16896609640126314
0.1577725135179575
0.1465432840996943
0.13532804363976236
0.12419592124071244
0.11294236159911364
0.1016761996229194
0.09039998706055119
0.07911263285535242
0.06781729619728072
0.05651515583892408
0.04520739053286604
0.03389517903168926
0.022579700087977272
0.01126213245431984
-5.6345116703049314E-5
-0.011374553872506077
-0.022691315060503037
-0.03399224347819274
-0.045304659974345185
-0.05659772255502116
-0.06789426484619021
-0.07918325969560591
-0.09044005442052239
-0.1017096475786996
-0.11296824923602955
-0.12421457603313968
-0.1354669070825052
-0.14668570033191575
-0.15788835086580555
-0.16907368604374717
-0.18024053322529276
-0.191401868025463
-0.2025289639966772
-0.2136342790405692
-0.22467018439940123
-0.23571045548149083
-0.24674716190667656
-0.25772170804416206
-0.2686774474888649
-0.27956648838264986
-0.29046475857829535
-0.3013293315663583
-0.312158686537348
-0.32295130268175676
-0.33370565919007955
-0.3444202352528185
-0.35509351006046863
-0.3657205055928312
-0.376313072222791
-0.3868654749335896
-0.397369733147233
-0.40782449605235893
-0.41822659697279185
-0.42857967905007666
-0.4389308187535539
-0.44917531104028363
-0.45936123150437425
-0.4694872990345287
-0.4795522325194588
-0.48945255299462787
-0.4994076734935895
-0.5092556472232541
-0.5190436224998436
-0.5288307627851925
-0.5385109052233812
-0.5481247498168189
-0.5576708845715252
-0.5671777932884501
-0.5765791136685205
-0.5859586941198058
-0.5951389354519705
-0.6043115508582231
-0.6134055816842334
-0.6224187480599994
-0.6313437491893232
-0.6401698234516182
-0.6489136462988272
-0.6575784721469518
-0.6661507962084858
-0.6746288144242172
-0.6830107227349194
-0.6912947170813677
-0.6994789934043384
-0.7075617476446139
-0.7155411757429642
-0.7234154736401681
-0.7311776191039234
-0.7388335794859486
-0.7463339363439321
-0.7537895958029175
-0.7611383238917089
-0.7683870390657184
-0.7755296598798438
-0.7824992971277309
-0.7893422005155948
-0.796122577191456
-0.8027852251977379
-0.8093298042706705
-0.8157559741464713
-0.822063394561372
-0.828251725251584
-0.8343206259533416
-0.8402697564028543
-0.8460987763363601
-0.851906051907795
-0.8574934857937908
-0.8629608290596824
-0.8683085883309714
-0.8735372702331565
-0.8786473813917359
-0.8836645597212041
-0.8884757032451329
-0.8932228054483877
-0.8978476325376326
-0.9023512812563617
-0.9067348483480746
-0.9109994305562612
-0.9151497993473177
-0.9191735208441649
-0.9230820002192051
-0.926646037364268
-0.9304723111434416
-0.9340597668520623
-0.9375669170792875
-0.9410315256001107
-0.9442934177710569
-0.9474154429403434
-0.9504291790254307
-0.9532465689220491
-0.9560504850880882
-0.9587498837413859
-0.9613459934345068
-0.9638400427200153
-0.9662332601504735
-0.9685268742784441
-0.9707221136564934
-0.9728202068371843
-0.9748790967268093
-0.9767296573707789
-0.9785287798326818
-0.9802652224569837
-0.9818843989588624
-0.9834056892995724
-0.984840046969703
-0.9861920200677492
-0.9874427820815752
-0.9886027392934507
-0.9896727158239216
-0.9906535357935367
-0.9915460233228437
-0.9923510025323967
-0.99306929754274
-0.993701732474424
-0.994249131448
-0.994705217749754
-0.9950919249305956
-0.9953945812251508
-0.9956120279627836
-0.9957387346482189
-0.9957931166339851
-0.9957680916944218
-0.995664203190306
-0.9954819944824198
-0.9952220089315409
-0.9948847898984461
-0.9944726702570801
-0.9939709907098511
-0.9933929271756501
-0.9927388157817578
-0.9920089926554567
-0.9912037939240257
-0.9903235557147525
-0.989368614154909
-0.9883393053717828
-0.9872359654926512
-0.9860628253626649
-0.9848134491958289
-0.9834879424936442
-0.9820408823106854
-0.9806117474654741
-0.9790631209697231
-0.9774422715005144
-0.9757491778207923
-0.9739838186935055
-0.9721461728815974
-0.9702362191480152
-0.9682577371788224
-0.9662018628153071
-0.9640737284618437
-0.9618733441963627
-0.9596007200967991
-0.9572610969780175
-0.9548386222971921
-0.9523644456152036
-0.9498045655674385
-0.9471693686262226
-0.9444614519039227
-0.9416852626925714
-0.9388332122512182
-0.9359083272979039
-0.9329107429916368
-0.9298405944914343
-0.9266980169563039
-0.9234798561893331
-0.9201822318177904
-0.9168231558131099
-0.913388193482672
-0.9098793038690127
-0.906289330637617
-0.9026940226049991
-0.8989689629376114
-0.8951635805891085
-0.8913005446082636
-0.8873443303025761
-0.8833489125523828
-0.8792871152201034
-0.8751588884888699
-0.8709564364251432
-0.8666842417416758
-0.8623437164905141
-0.8579339892862081
-0.8534541887433118
-0.8488575849409408
-0.8442158790865295
-0.8395039614086355
-0.8348407263027973
-0.8301083923721553
-0.8253051437610015
-0.820474586242188
-0.8155464021093066
-0.8105776603992783
-0.8055630849445272
-0.8005054124115292
-0.7954073794667638
-0.7902717227767067
-0.7851147723109584
-0.779970996788061
-0.7747470423738934
-0.7694981530011225
-0.7642688973968719
-0.7589831233186692
-0.7536824579707764
-0.7484131863073089
-0.7431117798352451
-0.7377968631374738
-0.7324774892387635
-0.7270946893614108
-0.7217611917460469
-0.7164614688892024
-0.7111331393702165
-0.705810567097445
-0.700524751950109
-0.6952215325790685
-0.6899321402157059
-0.6846502283125657
-0.6793837481247298
-0.6741344817877031
-0.6688012456083245
-0.663547219696627
-0.6583857287438275
-0.653195242394327
-0.6480254516741892
-0.6428789748750536
-0.637756814407211
-0.6326599726809481
-0.6275894521065544
-0.622506532085735
-0.6174723177811754
-0.612471312060078
-0.6074975637062963
-0.6025515833494053
-0.5976466242782976
-0.5927633866769852
-0.5879088120470874
-0.5830832084218263
-0.5782868838344215
-0.5735355372639268
-0.5688061567444822
-0.5641078287238668
-0.5594466081167879
-0.5548116731252044
-0.5502179969331582
-0.5456451942223799
-0.541104314723309
-0.5365765352597305
-0.5321256877051592
-0.5276852140524722
-0.5232780287979613
-0.5189041192618493
-0.5145634727643658
-0.5102560766257453
-0.50598191816621
-0.5017409847059944
-0.49753326356532934
-0.4933587420644372
-0.4892499711218097
-0.4851435137279556
-0.481069964669238
-0.4770322423083093
-0.473023102050552
-0.4690341659464914
-0.46508970361791224
-0.4611768759328174
-0.4572813378861671
-0.4534334645145184
-0.44961780447950916
-0.4458362100165385
-0.4420870222975275
-0.4383683050646874
-0.4346845856453547
-0.43103225522155886
-0.42741117817231755
-0.42382121887664637
-0.4202622417135582
-0.41673411106207436
-0.41323002307948786
-0.40975953787428265
-0.40631854677440193
-0.4029068349224998
-0.39952418746123186
-0.3961631214057655
-0.3928339396703582
-0.3895335494154821
-0.3862687172531505
-0.38302784143065716
-0.3798378470203654
-0.37665491197147083
-0.37349821676076256
-0.37036779578695733
-0.3672726511653639
-0.364204236810332
-0.3611623666587487
-0.3581468546475117
-0.3551575147135151
-0.3521941607936463
-0.3492566068248033
-0.34634466674387765
-0.34345815448776595
-0.34059688399335575
-0.33776066919754544
-0.3349459395441521
-0.3321617681456801
-0.3294038817298659
-0.32666857928372206
-0.3239626306471304
-0.32127890638820267
-0.31861738944952767
-0.31596937806708736
-0.31335446922442434
-0.31076303292462804
-0.3081948475584866
-0.3056496915167837
-0.3031273431903072
-0.30062758096984354
-0.2981501832461806
-0.2956949284101056
-0.29327723146632567
-0.2908558020643748
-0.28846752570943535
-0.28610059704982516
-0.2837547842941417
-0.281429855650982
-0.2791255793289438
-0.2768417235366256
-0.2745840534337505
-0.27234551217800673
-0.2701282380366834
-0.26792763729519176
-0.265745931166693
-0.26358306265780285
-0.2614099678590671
-0.2592859889682688
-0.2571799904796519
-0.25507999176305995
-0.25301161758322754
-0.25096087753272767
-0.24892763614035407
-0.24691175793489917
-0.24491310744515782
-0.24293154919992155
-0.2409669477279841
-0.2390191675581399
-0.23708422210155455
-0.2351684481952092
-0.23325434948673163
-0.2313754559766501
-0.22951293097163838
-0.22768624552096006
-0.22586489165610812
-0.2240530142464816
-0.22225928000671114
-0.22048077347555817
-0.21871752314583237
-0.21696203290867
-0.21522940604808016
-0.21351220144838168
-0.2118103151845928
-0.21012364333173028
-0.20845208196481446
-0.20679004258279077
-0.20514410197349686
-0.20352135236028523
-0.20190610935414666
-0.20030503275030254
-0.1987111758565907
-0.19713716761980338
-0.19557704476065207
-0.19403063946205823
-0.19249778390694972
-0.19097831027825052
-0.1894776114245348
-0.1879834645395514
-0.18650055087731987
-0.18503554613133721
-0.18358287014709862
-0.18215891906199677
-0.18077251476234113
-0.17935966551308402
-0.17787922721333038
-0.17648567026837114
-0.1751039018479681
-0.17373379786326648
-0.17237523422541545
-0.17102808684556292
-0.16969223163485292
-0.16836754450443503
-0.16705390136545495
-0.16575117812906093
-0.16445925070639977
-0.16318686781182112
-0.16191667643166563
-0.160649394132805
-0.15940004264769747
-0.1581629950785105
-0.1569341667672386
-0.15571967877648407
-0.15450953760406128
-0.15331169254863752
-0.15212551153964726
-0.1509493930715854
-0.149783202429016
-0.14862680489650304
-0.1474800657586094
-0.14634285029989835
-0.145215023804933
-0.14409666489406792
-0.14298844211714645
-0.14189160035884896
-0.14080066274222114
-0.13971228909882616
-0.13864883954704998
-0.13758440366464175
-0.13658486863448283
-0.13553761651306973
-0.1344986920325384
-0.1334680586335295
-0.13244567975668786
-0.1314315188426548
-0.13042553933207301
-0.12942813350235993
-0.12843870694005288
-0.12745734864697456
-0.1264840460025728
-0.12551878638629355
-0.12456155717758277
-0.12359005839970405
-0.12265211752442495
-0.12169577612627613
-0.12077034909593509
-0.119852033114062
-0.1189410855085381
-0.11803592737904522
-0.11714035236093412
-0.11625182602172635
-0.11537028768665125
-0.11449567668093508
-0.11362793232980717
-0.11276699395849543
-0.11191279718140923
-0.11106529564162726
-0.11022441631155688
-0.10939200836634444
-0.1085639152750274
-0.10774090327990732
-0.10692648527332155
-0.10611682908783376
-0.10531506019967452
-0.10451965405204483
-0.10373057953629033
-0.10294780554375588
-0.1021703680358822
-0.10139987513519239
-0.10063525487496616
-0.09987646949739104
-0.09912348124465503
-0.09837625235894537
-0.09763474508245101
-0.09689892165735914
-0.09616874432585742
-0.09544985180679583
-0.0947307164388414
-0.09401715679827544
-0.09330737427333802
-0.09259837675827559
-0.09189955182947551
-0.09120773291824924
-0.09051900342598218
-0.0898364657254983
-0.08915899883750067
-0.08848655618724588
-0.08781909119999737
-0.08715655730101335
-0.0864999264267336
-0.08584736392316278
-0.08519959721235948
-0.08455658053196263
-0.08391826811961067
-0.08328461421294558
-0.08265557304960419
-0.0820300983262921
-0.08141128806241948
-0.08080038039343035
-0.08019462651446463
-0.0795937212256036
-0.07897914879861612
-0.07838164765696554
-0.0777882595767797
-0.07719723867029693
-0.07661221223718478
-0.07603131055954448
-0.07545449686449252
-0.07488173437914375
-0.07431298633061378
-0.07374821594601894
-0.073185283074849
-0.0726287183490058
-0.07207605470125733
-0.07152727760059391
-0.07098417383778716
-0.0704431457433598
-0.06990596312422293
-0.06937260903240183
-0.06884306651992161
-0.06831731863880691
-0.06780014643126353
-0.06728191709059683
-0.06676719559810018
-0.06625113867606225
-0.06574303190616171
-0.06523977967462158
-0.06473797034515633
-0.06423944476866228
-0.06374435416240481
-0.0632530507617769
-0.06276504289882534
-0.0622803001019433
-0.061798791899523586
-0.061320487819960134
-0.060845357391645205
-0.06037337014297223
-0.05990449560233435
-0.05943872513092452
-0.058976164567609124
-0.0585168975576808
-0.0580605341888773
-0.057607091732930216
-0.05715577485308965
-0.056707783336230444
-0.05626525064667237
-0.05582368274031646
-0.05538529571112033
-0.05494875205078131
-0.054515551984612776
-0.054085097886188316
-0.05365734900843988
-0.05323226460429836
-0.05280980392669504
-0.052389926228561506
-0.05197259076282901
-0.05155775678242899
-0.05114564334365465
-0.05073671010270048
-0.05032853265670878
-0.04992484632582228
-0.04952305417785785
-0.04912338590960527
-0.04872611275112995
-0.04833210184725434
-0.047939698953001514
-0.047549628801984045
-0.04716186783895421
-0.04677639250866483
-0.04639317925586822
-0.0460122045253169
-0.04563360262150615
-0.04525706741523883
-0.0448827062645174
-0.04451049649217442
-0.04413932376149385
-0.043773186354573224
-0.04340905720329419
-0.04304631365541889
-0.04268527502426042
-0.04232643540792824
-0.04196459196535837
-0.0416076609727947
-0.041254907783667194
-0.04090340996851649
-0.04055373232128165
-0.04020595315350642
-0.03986005731128389
-0.039516029640707634
-0.03917385498787063
-0.038833518198866324
-0.03849500411978812
-0.03815829759672923
-0.03782317493267792
-0.03748986314709532
-0.037158336597992975
-0.03682857630427727
-0.0365005632848541
-0.03617392892812352
-0.03584945506827758
-0.03552677607645702
-0.03520555954253052
-0.034885972819907185
-0.034568000765111684
-0.034251628234668235
-0.033936840085101255
-0.03362362117293505
-0.03331195635469433
-0.03300210680893001
-0.03269348329879465
-0.032386367871542365
-0.032080444785989704
-0.03177843118469223
-0.031473521201678234
-0.031172938172397024
-0.030872146453980953
-0.03057351151128762
-0.0302762588227502
-0.029980378702699345
-0.029684993884426136
-0.02939188248056554
-0.029100156357318607
-0.02881057597056158
-0.028521352591229898
-0.028233416100312048
-0.02794675487921064
-0.02766135456842503
-0.027377260683016047
-0.027094240585289142
-0.026812446691149294
-0.026531833935152377
-0.026252398959709794
-0.02597412543196062
-0.025697562928898188
-0.02542157939711305
-0.02514673098281324
-0.024873001005882134
-0.02460037278620328
-0.024328528245741304
-0.02405809100470302
-0.023788541149561138
-0.0235201482518142
-0.023252775229953657
-0.022986408092115718
-0.022721367127747014
-0.022455675147809648
-0.022192533098830902
-0.02193032165462866
-0.021669030544558265
-0.02140864949797422
-0.021149082427293853
-0.02089058333712976
-0.02063294852414832
-0.020376169512484305
-0.020120237826272133
-0.019864430644002437
-0.01961018747246461
-0.01935514281145896
-0.019102836045161956
-0.018851305492522133
-0.018600542548419724
-0.01835053860773546
-0.018101285065349915
-0.01785277331614374
-0.01760511049558766
-0.017358090622344696
-0.017111657173523004
-0.01686633240209323
-0.016621522008291728
-0.016377285074569356
-0.016133970633845432
-0.015891304723952657
-0.01564927638292271
-0.015407782162773775
-0.015167215908111736
-0.014927245806672429
-0.014687863845524923
-0.014449055772955507
-0.014210880350085803
-0.013973272009824053
-0.013735808762709634
-0.013499430032719167
-0.013263611435118658
-0.013028022630425629
-0.012793252998524636
-0.012559010037154088
-0.012324880707361555
-0.012092012519675413
-0.011859321130823844
-0.011627132551056261
-0.011395438102537347
-0.011164456019062872
-0.010933675342879659
-0.010703585979818894
-0.010473814897378912
-0.010244476761689575
-0.010015584562905078
-0.00978712038389537
-0.009559074663328414
-0.009331437839871719
-0.009104200352193031
-0.008877352638959994
-0.00865088513884045
-0.008424788290501889
-0.008199062512623534
-0.007973569282097782
-0.007748503542072106
-0.00752370055385531
-0.0072993687117547945
-0.007075166158959964
-0.0068512657046482656
-0.006627609747025101
-0.006404301033049013
-0.006181259392007192
-0.0059584754068949565
-0.005735939660708324
-0.005513642736442507
-0.005291555375223699
-0.00506969004542715
-0.004849323960950988
-0.004627681469584016
-0.004405589581027866
-0.004184446730961262
-0.003963463041078516
-0.0037426890766229307
-0.003522105884803485
-0.003301630220574416
-0.003081335813598901
-0.0028611670490770492
-0.0026411148479490304
-0.002421170131155193
-0.0022011373053958325
-0.0019814024924098075
-0.0017617542040773634
-0.0015423489741291955
-0.0013228213299014092
-0.0011033511385609897
-8.839249927328112E-4
-6.646466650326484E-4
-4.452960630362021E-4
-2.2596606612906552E-4
-6.647923864670888E-6
