1501
6.55651761679667E-6
2.25218401098492E-4
4.438604988720972E-4
6.625181006841554E-4
8.812005240805059E-4
0.0010999170866068933
0.001318531359575421
0.0015373787114029104
0.001756290745694446
0.0019752756777436722
0.0021943427541671542
0.0024135473312201835
0.0026327245849982403
0.0028520151259628836
0.0030714290602993216
0.0032909764941928335
0.003510590796895377
0.003730441185797795
0.003950477129252488
0.004170709614951779
0.004391059280784232
0.004611583623245971
0.004832297204679283
0.00505305408980463
0.00527429181886975
0.005495657376568049
0.005717220436010553
0.0059389970810475486
0.0061611913665192
0.006383262258147723
0.006605795797530421
0.0068286423806345545
0.007051817665786539
0.0072755277437246205
0.007499292139664965
0.0077233200286684345
0.00794736695032646
0.008172066971988384
0.008397144032904383
0.008622536750886742
0.008848146985898031
0.00907430554024758
0.009300739291439104
0.009527819874847201
0.009755068023533438
0.009982691722441803
0.0102103814044366
0.010439022516306046
0.010668033136052628
0.010897424782089216
0.011127224071423164
0.011357513791001347
0.011588239446660417
0.011819746074855017
0.012051296912735092
0.012283295625581614
0.012516123961295297
0.012749491830635111
0.0129833866227849
0.013217813001983825
0.013451983874216561
0.013687565314651234
0.013923822798270827
0.01416048909436099
0.014398728504198932
0.014635719512754677
0.014873445567793894
0.015111901759384011
0.015351473633109514
0.015591915046632251
0.01583310467233834
0.016075042286992913
0.016317727667361254
0.016559949682706507
0.016804283821150123
0.017049443840735923
0.01729543295840956
0.017542979249325963
0.017790049999536206
0.018040014265426008
0.01828845884825213
0.018537710080392428
0.01878638402099514
0.019037205209006897
0.019288951181854017
0.0195416538844167
0.019792630672991238
0.020047168106612
0.020300500799922003
0.020556757878294973
0.02081379722762937
0.02107226446520155
0.021331181682215955
0.021591620621184082
0.02185248575426589
0.022113622119202314
0.02237632521469371
0.022640004481235793
0.022904675927711213
0.023170355563002856
0.023436083201265945
0.023693399801170467
0.02396172868502451
0.02423139530619582
0.024502455415617602
0.02478279211538917
0.02505770730704804
0.025331882455091034
0.025607197286037997
0.025880410642457122
0.02615783323492367
0.02643638971730483
0.026716093564088106
0.02699849035219104
0.02728049710937619
0.027563688502423217
0.02784808086640264
0.028133690536384592
0.02842205728019981
0.02870960605451625
0.02899895394325125
0.029289549153839467
0.029581405044121323
0.02987514196230784
0.030169509542557926
0.030465211505316114
0.03076226521709094
0.031060688044391133
0.03136049735372523
0.03166171051160188
0.031964469989431005
0.03226845219039204
0.03257424384965846
0.03288129796643793
0.03318996110013617
0.03350082713362912
0.033813135671054234
0.03412642451935621
0.034441522440676914
0.034758310085456545
0.03507677490386829
0.03539690434608536
0.035718568351727875
0.03604179097874302
0.036366593720525364
0.03669380586164275
0.03702185857664844
0.03734698480478607
0.03767906739827123
0.038012825546055534
0.038347524157283014
0.03868471465107126
0.039023935129442966
0.03936529076545617
0.03970840241677989
0.04005284767024103
0.040398510484475514
0.040748124693751775
0.04109783088942026
0.04144868030204543
0.04180271379755762
0.042158783487071055
0.042516910124980434
0.042877114465681015
0.04323879515103787
0.04360308856313866
0.043969518653193596
0.044338107010387234
0.04470887522390454
0.04508184488293007
0.04545573904984823
0.04583314166477098
0.046212696703290645
0.046594425695061614
0.04697826125784471
0.04736475838156273
0.047753041468147295
0.048143585068123884
0.04853641082905749
0.04893154039851419
0.04932834818764348
0.04972843940273952
0.05013095642960924
0.050535930680343344
0.050942932289472304
0.05135303850596021
0.05176546965107043
0.05218163384604971
0.05259919563784965
0.05301928495713154
0.0534416563997836
0.05386723868758736
0.0542954254668962
0.0547263683063548
0.05516009535721178
0.055596652570539695
0.05603608589741155
0.05648034974640542
0.05692604652733574
0.057364729625985045
0.05781610485101302
0.05827058233100435
0.05872814260768483
0.05919018637993817
0.05965380482942845
0.06012045063321797
0.06059011395138825
0.061062784944020065
0.061538453771195434
0.062017110592994806
0.062494809214379776
0.06297598018169692
0.06346223774384452
0.06395144263515229
0.06444363889347005
0.06494463706056042
0.06544614682494948
0.06595205180423935
0.06646178854547241
0.0669824311639573
0.06749590618996731
0.06801460383974794
0.06853642997412857
0.06906188242903599
0.06959004627489684
0.07012226634086116
0.070658791387819
0.07119987017666013
0.07175372746882314
0.07230354552256135
0.07285726218763189
0.07341473640621354
0.0739763320758775
0.07454069893665444
0.07510956092091536
0.07568315449003227
0.0762603364457074
0.0768416521474794
0.07742843684945999
0.0780181700374164
0.07861206721703051
0.07921015852228835
0.07981247408717579
0.08041904404567946
0.08103022706694762
0.08164669505497862
0.0822676928769897
0.08289326202648001
0.083523443996947
0.0841604510778709
0.08479933125225436
0.08544295751073488
0.08609137984486226
0.08674307666008385
0.087400110691298
0.08806353358389851
0.08873201011336573
0.08940564228382536
0.09008691376889871
0.09077255523886962
0.09146255623285604
0.0921583958619196
0.0928593150234856
0.09356537197988896
0.09427662499346445
0.09499671244933527
0.09571938433144489
0.0964447980460888
0.09717747197814497
0.09791545453469008
0.09865879199529276
0.09940753063952262
0.10016506835868838
0.10091778765096965
0.10168181956905431
0.10245444793570013
0.10323292745184581
0.1040173411164802
0.10482455482108932
0.10562175283806213
0.10642515452675627
0.10723269320177253
0.1080479710077133
0.10886964922430364
0.10968235838482798
0.1105373273178355
0.1113793900211516
0.1122282594506605
0.11308393201665878
0.11394510862690188
0.11481431581890489
0.11569042574845945
0.11657351529244087
0.11745800709351017
0.11835511314680669
0.11926062884972344
0.12017359661971727
0.12109391455366292
0.12203185761933566
0.12296700352574108
0.12390929703545572
0.12485891630889023
0.12581603950645692
0.12677549216265627
0.12775241333501575
0.12873688726379573
0.1297290068572673
0.13072886502370284
0.13173655467137568
0.13274617033252267
0.13376895460513294
0.13480178751554228
0.13584062805767394
0.13689685082608283
0.13795301136467453
0.1390175685859798
0.14009065635019569
0.14117240851751744
0.14226295894814145
0.14336244150226463
0.14447099004008235
0.14558962358273075
0.14671780087675867
0.1478557561034941
0.14900364189239557
0.1501616108729198
0.15133779624204224
0.15251606379293292
0.15370450900809718
0.15490321905816795
0.15614343325109759
0.1573638797547663
0.15859464588094907
0.1598357731170993
0.16108730295067109
0.16234927686911893
0.16359139492562114
0.16487632720380385
0.1661721668071251
0.16750353228937698
0.16881939656321387
0.17014575822848776
0.17144880912643867
0.17280082538687103
0.17416433926224772
0.17553945599854248
0.1769262808417279
0.17833462246838605
0.17974374727157683
0.18116485617331446
0.18259807289445718
0.18404092462296917
0.18549437807963332
0.18696587467644543
0.1884495279650683
0.1899454556557285
0.19145377545865172
0.19298707730343656
0.19451157482552484
0.1960618639458459
0.19762569009855324
0.19920384081594877
0.20079613858139778
0.2024027110290333
0.20402866360475547
0.20566031403131102
0.2073065014001968
0.2089793101104912
0.21065340151717937
0.21234371685939835
0.21404455487880925
0.21576402359950586
0.21749924978397916
0.21925055519612868
0.22102535235019194
0.2228080802332384
0.22463394008796
0.22645190492347034
0.22828564473444501
0.2301352871620055
0.23199926284030936
0.23387969753719817
0.23577645678473313
0.23769866243395654
0.2396308648772183
0.2415798534521365
0.24354597923170784
0.2455294352941193
0.24753041471756032
0.24954911058021811
0.2515723614019485
0.25362631010405656
0.2556988033219536
0.25779007355800543
0.2598981277565209
0.2620295060918061
0.2641706186510653
0.266339985304594
0.26852935639910647
0.2707087716819392
0.27295005471343603
0.2752117081389025
0.27749363223222656
0.27979572726729396
0.28211789351799355
0.28446003125821306
0.28682204076183737
0.2892055929580666
0.2916053459917425
0.2940286330363091
0.2964518448537288
0.29891708605828415
0.3014044993276235
0.3039143044004047
0.30644828565079063
0.30901947431030696
0.3115985119428586
0.31420040185577913
0.31680126613310833
0.3194444144090205
0.32211200881639535
0.32480433107566675
0.3275216629072706
0.33027190125596895
0.33304094550613517
0.3358351152663155
0.33866157517747064
0.3415014525043154
0.3443716878019105
0.3472734948748539
0.3501902213811703
0.3531376093475789
0.35611467335183455
0.3591151811837121
0.36214215594707433
0.3651959313647035
0.36827684115938353
0.3713864066723167
0.3745235713132258
0.3776886299527329
0.3808818920894117
0.38410532092654215
0.3873571905899076
0.3906384986494944
0.39394939450939725
0.3972900275737101
0.4006602676025297
0.4040598946176639
0.40748958630964327
0.41094971814712866
0.41442647037865754
0.4179479234149712
0.42151143294116666
0.42509461995222964
0.42870885175550844
0.4323542425179121
0.43603090640634834
0.4397389575877251
0.44348367772434494
0.44725820110872405
0.4510655934474319
0.4549060406947816
0.458779728805085
0.46270475855717397
0.46664334273227936
0.4706138140092091
0.47461608796257826
0.4786378121703492
0.48270860197495713
0.4868132782337282
0.4909519314637203
0.4951246521819943
0.4992903490134726
0.5035407441231543
0.5078268351873105
0.5121481461722088
0.5165042010441225
0.5208945237693214
0.5253186383140727
0.5297736830406552
0.5342639791006896
0.5387867283945096
0.5433111166815134
0.54789171940152
0.5525172390950717
0.5571711260749908
0.5618661299910315
0.5665955065596449
0.571359094132283
0.5761567310603879
0.5809946826560353
0.5858590171959004
0.5907486821699655
0.5956720713635271
0.6006267415362214
0.6056123642706219
0.6106286111493135
0.6157077899556351
0.6207746640286231
0.6258734346812878
0.6310031413244199
0.636162823368815
0.6414415176221833
0.6466509380465402
0.6518812904748423
0.6571447645528092
0.6624396247347355
0.6677442869709957
0.6731349970119287
0.678514935969591
0.6839173470574593
0.6893468745784497
0.6947877749384093
0.7002341007925081
0.7056973582950787
0.7111751574013327
0.7166651080664672
0.7221648202456912
0.7276276279505858
0.7330244634165566
0.7385354529124717
0.7440471670989801
0.7495566248313814
0.7550608449649778
0.7605568463550667
0.7660416478569467
0.7715122683259241
0.7769657266172967
0.7824226586809422
0.787823942181233
0.793203415672318
0.7985218787913801
0.8038200415174459
0.8090568795102469
0.8142544636640161
0.8194056342514275
0.8245099754225995
0.8295647477083081
0.8345672116393206
0.8395146277464063
0.8445846536230657
0.8494074219138517
0.8541440957339157
0.8588013520740527
0.8633791633163268
0.86787365014378
0.8722512590178044
0.8765803211343108
0.8808605502243263
0.8850448155351778
0.889167829734328
0.8931730339408794
0.8971161034610695
0.9010350999353198
0.9048238873966241
0.9085237396448473
0.9121585298742456
0.9157167081258484
0.9191984499734165
0.9226039309907064
0.9259333267514727
0.9291868128294762
0.932568716387272
0.9356962992929603
0.9387506109763271
0.9417318080032997
0.9446590851950587
0.9474694161872996
0.9502326438358697
0.9529184147526211
0.9555425085238012
0.9580953291658565
0.9605768710152027
0.9629900502175408
0.9653291031005233
0.9675938103967461
0.9697875185737299
0.9719101809065682
0.9739572214252252
0.975936461054399
0.9778442647101517
0.979676789071009
0.9814426493288444
0.9831372465549046
0.9847604524375031
0.9863166345372019
0.9877969731629141
0.9892057224080908
0.9905427315002218
0.9918116273761646
0.993002028810059
0.9941195341726159
0.9951639520331179
0.9961350909608511
0.9970345301331349
0.9978575316202312
0.9986028828954696
0.9992757331239757
0.9998733736585512
1.0003953941296198
1.0008487488044828
1.0012094945528949
1.0015052711762502
1.0017244272336532
1.0018666011423702
1.0019053996152207
1.001892996012839
1.0018011429116571
1.0016293930313322
1.001377299091521
1.001044413811874
1.0006195951999954
1.0001083649969136
0.9998283420110274
0.9991471795906044
0.998380340407893
0.99752747957442
0.9963460341630146
0.9953362010617024
0.994239228204731
0.9930543153729525
0.9917806623472218
0.9904174689083876
0.9891245495369851
0.9875830146539526
0.9858947768487543
0.9841602732415051
0.9822407599384109
0.9802459977442055
0.978223862284529
0.9761043275185957
0.9739698629574054
0.9716436536152253
0.969219814349886
0.966693656489646
0.9640639788011871
0.961322128350445
0.9584799346721624
0.9555237892632356
0.9524749291771508
0.9493178723953921
0.9460514707435141
0.9426357303114825
0.9391410148330221
0.935527539998354
0.9318040705119524
0.92796178299362
0.9239993273385974
0.9200484532757613
0.9158303661898204
0.9114897579458994
0.9070259509098797
0.9023585672098937
0.8976542040678668
0.8928194697794911
0.8878528007463737
0.882779562488679
0.8775658868260381
0.8722256686635506
0.8667479678407028
0.8611418663428969
0.8554492785967795
0.8496069194148719
0.8436558405533265
0.837529054782495
0.8312781456272598
0.8249017985090141
0.8184008287497262
0.811758664781081
0.8049942634934215
0.798112146604522
0.7911158443980968
0.7840088871578477
0.776809775206468
0.769287463008614
0.7618303777626112
0.754268889193936
0.7466046188498794
0.7387858547045125
0.7308967256263079
0.7229024382989717
0.7148050833157651
0.7069174273508088
0.6986326346422311
0.690222441444833
0.6817155819580298
0.6731138940060086
0.6644192154129591
0.6556333840030533
0.6466732813378719
0.6377212441185662
0.6286888811037903
0.6195785999329546
0.6103928082454626
0.601134691237796
0.591769167115622
0.5823267860729668
0.5728002120470634
0.5632089813919645
0.5535460389722644
0.5438128795305834
0.5340109978095438
0.5242501752924476
0.5143197157616646
0.5043237667385148
0.4942640931453264
0.4841419528562234
0.4739586037453032
0.46366131589928283
0.4533633969908184
0.44315659516321393
0.43273373206602983
0.42225726945348985
0.4117288927620377
0.4010926405216759
0.3904746940115178
0.379810782859491
0.369101367825416
0.3583766173711016
0.34755109477077983
0.33670438579103035
0.32581946659478245
0.3148978485374778
0.30398692409604333
0.29300954676940805
0.281996815344292
0.2709479541485438
0.25985470596153704
0.24873909935470095
0.237593183744373
0.22650080103404235
0.2153114324397878
0.20409978892004244
0.19286703161249186
0.1815753556760491
0.17030644570050502
0.15902094227962316
0.14774184013674585
0.13642488700889466
0.12509259081776936
0.11373219040434179
0.1023725603239356
0.09096636659972113
0.07959455939869109
0.06821353313349032
0.056836613880978604
0.04544288047939027
0.0340439940202355
0.02267056148760549
0.011273103096986148
-1.262979979701484E-4
-0.011526578642065743
-0.02292667568009321
-0.034358186739126495
-0.04577425603553564
-0.05715211116319452
-0.0685263860659413
-0.07989610413516779
-0.09123782905319189
-0.10260212975297467
-0.1139558133562133
-0.12529761315430044
-0.1366262624386385
-0.14794049450062285
-0.15923864852823488
-0.17051712300944555
-0.18176574697457948
-0.19300411535652628
-0.20420148223845214
-0.21539717574329398
-0.22652406417580373
-0.23766346733975574
-0.2488523995326961
-0.25994859052934416
-0.27103456800504855
-0.2820558173261878
-0.29304947744092846
-0.3040103609357825
-0.3149367646786274
-0.32582698553735234
-0.33668658377475236
-0.3475030271521353
-0.3583042512061061
-0.369026949879836
-0.3797219903898812
-0.39037228088528053
-0.40097179531841043
-0.4115018672854758
-0.42202797044133966
-0.43249623827356043
-0.4429091509735583
-0.4532654716294937
-0.4635955737280293
-0.4738370275607471
-0.48401606783484397
-0.4941326696113144
-0.504175844255947
-0.5141554256857672
-0.5240767386915781
-0.5339215455105553
-0.5437047464887073
-0.5534252272620943
-0.5630337357434358
-0.5726094919147862
-0.5821146648817646
-0.5915477235014297
-0.6009109624142583
-0.6101919964624729
-0.6193944082311367
-0.6285164030608783
-0.637595843716559
-0.6465591761453018
-0.6554530669433891
-0.6641700865825255
-0.6729381506815262
-0.6815414430670197
-0.6900483943156681
-0.698457143881372
-0.7067658312180267
-0.7149725957795443
-0.7230755770198174
-0.7310729143927617
-0.7389627473522733
-0.7467013528083282
-0.7543788832021603
-0.7619470477500299
-0.7694042516003456
-0.7767489760612278
-0.7838923514839795
-0.7910099248575264
-0.7980117371944377
-0.8048969117306566
-0.8116645717021269
-0.818313840344798
-0.8248438408946024
-0.831253696587491
-0.8373793705302974
-0.8434809758719553
-0.8494447075117746
-0.8552879194251224
-0.8609837323731604
-0.8665618666202084
-0.872022948818131
-0.8773676056187991
-0.8825964636740791
-0.8877101496358417
-0.8927092901559561
-0.8975975610133347
-0.9021892087413645
-0.9068036380848543
-0.9112536792379098
-0.9155816718321157
-0.9197893084776538
-0.9238798185437043
-0.9278519125069229
-0.9317458119790611
-0.9354995378617863
-0.9391413741390071
-0.9426741130132648
-0.9458679639465855
-0.9492173828669044
-0.9523796506561144
-0.9554325791243974
-0.9583772953124035
-0.9611833298202788
-0.9639083146208476
-0.9665304885126584
-0.9690507304759457
-0.9714699194909437
-0.9737889345378834
-0.9760363516580686
-0.9781585181202583
-0.9801838037629498
-0.9821130942830791
-0.9839485448698015
-0.9858101275028304
-0.9874479959153248
-0.9889915725621199
-0.9904423411392429
-0.9917689803516314
-0.9930253792710575
-0.9942019568063021
-0.995289076418576
-0.9962880910963934
-0.9972003538282657
-0.9980272176027052
-0.9986747170161063
-0.9993284835016789
-0.9999083339430568
-1.0004212303402316
-1.0009606003023306
-1.0012946710498722
-1.0015480530044512
-1.0017252106199344
-1.0018149144224946
-1.0018597664748752
-1.0017998288342733
-1.001661637360436
-1.0014190142596506
-1.0011344331820364
-1.0007394088394044
-1.0002884158808705
-0.9997567392829332
-0.9991524967397005
-0.9984760327167308
-0.9977278370303626
-0.9969079382178041
-0.9960168645999783
-0.9950549655816641
-0.9940139227269125
-0.9928992182214635
-0.991713271279945
-0.9904488529854207
-0.9891139930778117
-0.987708566219303
-0.9862305322663527
-0.9846817929373577
-0.9830624045268248
-0.9813811242605386
-0.9796188684221869
-0.9777848596316421
-0.9758688436734353
-0.9738882628869234
-0.9718372667876887
-0.9697157084840873
-0.9675234410844764
-0.9652683261047708
-0.9629511180450709
-0.9605479850675147
-0.9580723223561325
-0.9555237680976845
-0.9529019604789353
-0.9502065376866495
-0.9473822330726609
-0.9445456981628793
-0.9416357778676607
-0.9386523884213691
-0.9356193519852516
-0.9324883630407825
-0.9293475797076107
-0.9260566080506267
-0.9226936160005978
-0.9192590310618902
-0.9157484139630281
-0.912166532180751
-0.9085135095979728
-0.9047896803787383
-0.900995378687071
-0.8971301425215463
-0.8931690388798321
-0.8891343440154262
-0.8849126286576983
-0.880694509613841
-0.8764256014880645
-0.8720787946594419
-0.8676528982871794
-0.8631491368190423
-0.8585674380052799
-0.8539083617760221
-0.8491724680614041
-0.8444650641625304
-0.8395351591544133
-0.8346007517961289
-0.8296050128536141
-0.8245516597518017
-0.819463304683302
-0.8143085222151427
-0.8091394660003726
-0.8038713201915355
-0.7985295463120514
-0.793169916908127
-0.7877924772952483
-0.782386112508834
-0.7769552711691317
-0.7714923770391402
-0.7660228305179126
-0.7605360791295639
-0.7550407650821676
-0.7495414716813906
-0.7440427822328948
-0.7385535745333112
-0.7330334070185174
-0.7275366313930443
-0.7220447017360621
-0.7165598298146927
-0.7111181827845492
-0.7056473469703897
-0.7001854102562528
-0.694697305295799
-0.6892662407661145
-0.683852185976193
-0.6784565385487702
-0.6730914019846335
-0.6677391346765238
-0.6623956851889967
-0.6570870830597295
-0.6518037398243273
-0.6465470189486942
-0.6413447843061859
-0.6361476965062001
-0.6309850027442541
-0.6258547527700355
-0.6207144003508978
-0.6156297261021222
-0.6105757216392558
-0.6055532617173833
-0.6005628475283258
-0.5956049802639027
-0.5906801611159329
-0.5857888912762368
-0.5809316937134414
-0.5761076214378935
-0.5713157098559964
-0.5665576344631917
-0.5618315730916854
-0.557143392077319
-0.5524904260788679
-0.5478421303259817
-0.543253406998454
-0.5386982962839308
-0.5341767174915693
-0.5296885899305259
-0.5252201777006471
-0.5207853522726023
-0.516397477174122
-0.5120437598389396
-0.5077640626696991
-0.5034872493562497
-0.49924484815533576
-0.49503688804506174
-0.490926736731784
-0.48679185255653623
-0.48269104220234027
-0.4785746592940714
-0.47457025681254716
-0.4705691806299841
-0.46660159012959257
-0.4626673642025194
-0.4587949281196506
-0.4549198698879935
-0.4510785109290971
-0.4472705916782873
-0.44349585257086854
-0.4397591596072372
-0.43605043152889955
-0.4323741548112239
-0.42872994858847235
-0.4251174319949005
-0.42153622416476755
-0.41798594423233393
-0.4144751623126146
-0.41098818166019546
-0.4075301469740109
-0.40410010035755284
-0.40070358582469723
-0.3973410041807679
-0.39399944800771447
-0.3906853700822004
-0.38739855311840987
-0.38413877983051714
-0.3808937196613127
-0.3776963119640546
-0.37452626831645586
-0.37138617563365006
-0.3682743740663552
-0.36519033085924035
-0.36214119246759635
-0.3591150437622417
-0.3561156773598919
-0.3531429523975944
-0.3501967280123952
-0.34727686334134766
-0.34438321752149337
-0.3415015193965314
-0.33866016754939654
-0.3358445299321928
-0.3330544092242509
-0.33028960810490404
-0.3275536045190821
-0.3248348877983449
-0.3221402661419608
-0.31946954464928656
-0.31676167795834376
-0.31414814915438294
-0.31155813985211833
-0.308991160290772
-0.30644672070958046
-0.3039308574080166
-0.3014258350001793
-0.29894275041525065
-0.2964812355263198
-0.29404092220647216
-0.2916279110838649
-0.2892295442316004
-0.2868548417067065
-0.28449321658442583
-0.2821590226508426
-0.27984522144802493
-0.2775515541657443
-0.27527776199377585
-0.27303345283109715
-0.27080203652178425
-0.2685892615511978
-0.26637586456877504
-0.26419684178617997
-0.2620366785372359
-0.2599643532994085
-0.25785000346650344
-0.2557546359679159
-0.25367818554361166
-0.25161291161920696
-0.2495768029003722
-0.24755664964330926
-0.24555396172157629
-0.24356855608504802
-0.24160024968360005
-0.23964963912470427
-0.2377133227657393
-0.23579604443665225
-0.23389749253178516
-0.23203004642851588
-0.23016788477384975
-0.2283213911508739
-0.22648616573672298
-0.22467195411262764
-0.22287350972776965
-0.2210907289140469
-0.21930218627254128
-0.2175458227654169
-0.21580504596120975
-0.21407994771507854
-0.21238770098681226
-0.21069312593652856
-0.2090139355002254
-0.20734998373687452
-0.2057003171572519
-0.20406266267321138
-0.2024413513912564
-0.2008340048229913
-0.19923594609879458
-0.197683252962638
-0.19611366812658715
-0.19455851421978243
-0.19301756656767477
-0.19149060049571687
-0.18998262949513423
-0.1884815210586953
-0.18699338244662755
-0.1855180252270926
-0.1840552609682501
-0.1826048972883464
-0.18116353099987947
-0.17975685022118604
-0.1783457706975281
-0.17694660065000878
-0.17555922302671378
-0.17418352077573107
-0.1728151363903474
-0.17146619112373263
-0.17012831910445902
-0.16880145825083204
-0.1674855464811511
-0.16618839759952597
-0.1648942794536331
-0.16361103148253886
-0.16233857400067164
-0.16108499643502294
-0.1598380597486675
-0.1585974093076259
-0.15736741202047733
-0.1561479646556846
-0.15494199224326666
-0.15374446545635634
-0.15255548681942144
-0.15137671408529574
-0.15020931514565594
-0.14904968846889455
-0.14790049034275876
-0.1467614400884697
-0.14563403071584513
-0.14451302429742086
-0.14340217959156998
-0.14230043358822175
-0.14120521731566926
-0.14012191719816303
-0.1390461157543651
-0.1379791023517727
-0.13692075103848833
-0.1358208532365185
-0.1347814473445168
-0.1337497034307975
-0.13277450325283924
-0.1317589529341915
-0.1307513229170384
-0.12975161687958958
-0.12875983850005934
-0.12777599145665774
-0.12680007942759675
-0.12577492780563615
-0.12481308889805909
-0.12385936283652199
-0.12291382936500139
-0.1220633867758737
-0.12112412370632053
-0.12020379103379097
-0.1192908926809011
-0.11838540219100957
-0.11748799837188106
-0.11659719122380041
-0.11571131362616749
-0.1148351041895711
-0.11396588041333466
-0.11310357771770463
-0.11224813152292579
-0.11139819254494554
-0.11055616870908658
-0.10972084966455387
-0.10889216140345337
-0.10806864062450738
-0.10725658960569018
-0.10644347426777978
-0.10564043640953902
-0.1048435719758084
-0.10405283549077571
-0.10326818147862771
-0.10249001851189621
-0.10171769157106147
-0.10095066859450413
-0.10018971054596187
-0.09943625780250476
-0.09868723909658833
-0.09794403086100056
-0.09720659445407792
-0.09647489123415709
-0.0957494655688807
-0.09502891472484881
-0.09431373305339585
-0.09359990962302761
-0.09289488722802414
-0.09219490875646874
-0.0915048597295966
-0.09081521653515279
-0.0901310661967531
-0.08945189021421385
-0.08877775836930041
-0.08810897051294664
-0.08744504236077899
-0.08678603234519122
-0.0861318918863464
-0.08548257240441026
-0.0848380253195457
-0.08419820205191775
-0.08356220930381086
-0.08293175658250762
-0.08229611790343982
-0.08167480064993038
-0.08106626322915256
-0.08045596289068652
-0.07984958640699397
-0.07924671745781059
-0.07864737551013906
-0.07805237730321213
-0.07746171414202435
-0.07687636689529798
-0.07629488866730039
-0.07571728590891769
-0.0751435650710352
-0.07457373260453931
-0.07400779496031484
-0.0734457585892484
-0.07288602089086366
-0.07233425130896604
-0.0717837376994625
-0.07123701275073191
-0.07069408795222243
-0.07015497479338301
-0.06961968476366293
-0.06908822935250997
-0.06856062004937313
-0.06803686834370148
-0.06751698572494319
-0.0669961362904633
-0.06648573671173885
-0.06597790393538083
-0.06547330169964927
-0.0649764304396867
-0.06447896666643438
-0.06398445073574127
-0.06349284132100919
-0.06300409709564053
-0.06251670139231202
-0.062034479522570574
-0.061555381488120786
-0.061077784510350897
-0.06060476097805895
-0.060135821212672746
-0.05966989394198957
-0.05920753759503422
-0.05874707152127656
-0.05828959351587043
-0.057835095438497686
-0.05738356914884102
-0.056937950864172915
-0.05649155241220277
-0.056048410154817374
-0.055608515299067296
-0.05517268514728113
-0.054737626273906714
-0.0543064544489546
-0.053878055972647554
-0.05345276717516623
-0.05302958626759438
-0.05260994532218444
-0.05219189396804916
-0.05177627864455708
-0.05136336432773422
-0.05095300109912737
-0.050545205493165046
-0.05013979456269316
-0.049736969081236176
-0.049336692027223183
-0.048938926379084036
-0.048544187936443495
-0.048151123792094325
-0.047760657844711146
-0.04737239046434094
-0.046986373985691055
-0.04660258322333238
-0.046220992991836074
-0.045842812508185476
-0.04546480854845797
-0.04508983142661749
-0.0447170145953972
-0.044346338054491646
-0.0439775558179171
-0.043611029671286966
-0.04324647688575914
-0.042878163252821094
-0.04251671055601372
-0.04215738613796244
-0.0418137098490336
-0.04145937990303966
-0.041107025040090006
-0.0407577738438141
-0.040408935514628874
-0.04006270348811272
-0.039718345843761854
-0.0393758480428405
-0.039034570811802005
-0.03869590712541826
-0.03835915232635578
-0.03802429313363245
-0.03768949038101607
-0.03735783049894345
-0.03702795465075839
-0.03669983616107053
-0.036373448354489274
-0.03604867326360353
-0.03572567732629403
-0.03540431884616446
-0.03508456798490131
-0.034766675537598185
-0.03444994599026449
-0.034134726192991016
-0.033820930265520105
-0.03350852063330648
-0.03319752151463157
-0.03288790952899889
-0.03257966129591186
-0.032272074191275174
-0.031969684350762334
-0.03166673336552925
-0.03136509069719101
-0.03106475753306412
-0.030765656136225505
-0.03046793017918062
-0.0301715683451676
-0.029876714797951953
-0.029583195074383062
-0.029291027140200543
-0.029000205201312496
-0.028710723463626714
-0.028422405953035745
-0.02813554730316442
-0.027850004571284365
-0.02756562769174345
-0.027282419083184323
-0.027000584886040152
-0.026720074523977178
-0.0264407579279195
-0.026162618457391373
-0.025885551762963574
-0.02560962228718297
-0.02533434775299305
-0.025060476658225028
-0.02478767896168009
-0.02451594266087395
-0.02424525575332226
-0.02397552435377985
-0.023707328328429783
-0.023440114679603108
-0.023173872072551782
-0.022908217451417273
-0.022644159105523393
-0.02238157190151617
-0.022119907681710904
-0.021858036318828072
-0.021596995946658162
-0.021338040748593898
-0.021079263294639564
-0.020821297731833277
-0.020564151263896602
-0.020307831094551226
-0.020052344427518964
-0.01979819895866272
-0.019543248769729363
-0.019290568244646547
-0.019038708684094727
-0.01878768930862429
-0.01853751881762583
-0.018288205910490893
-0.01804018074752492
-0.017792305514714002
-0.017545906864188165
-0.017299725125967738
-0.017054204904662806
-0.01680931486472552
-0.016566015893711483
-0.016322410282624808
-0.016080129614222352
-0.015838496821061074
-0.015597501599131564
-0.01535713364442469
-0.015117382652930514
-0.014878238320640128
-0.01463969034354369
-0.014402031619880531
-0.014164754622311274
-0.013927440839804309
-0.013691293931972243
-0.013455719814722378
-0.01322086699291003
-0.012986356461752308
-0.012752381704828022
-0.012518931107001467
-0.01228599305313667
-0.012053115011397914
-0.01182113210501691
-0.011589682775761875
-0.011358749929358522
-0.01112825521861975
-0.010898486547782624
-0.01066920894883936
-0.010440350979638545
-0.010211947239656544
-0.009983363736079227
-0.009755562999408357
-0.009528023858834327
-0.009301103368781913
-0.00907458000041108
-0.008848442105372473
-0.008622678035316703
-0.008397161527091135
-0.00817213118163354
-0.007947409344888898
-0.007723022545916558
-0.0074991704327545955
-0.00727546502533661
-0.007052087750426872
-0.006829041192389022
-0.006606277290217739
-0.006383809141668261
-0.006161626583038329
-0.005939719450625568
-0.0057175516204328175
-0.005495588636333766
-0.005274346367321294
-0.005053331386273521
-0.004832529664692796
-0.004611927174080613
-0.004391509885936892
-0.0041709196225956854
-0.003950852676679016
-0.0037308825673681607
-0.0035109878396434695
-0.0032912422947475907
-0.003071644702799508
-0.002852325587361447
-0.002632787035009061
-0.002413625131331502
-0.0021946127234712086
-0.0019757502096744758
-0.0017563800632158129
-0.0015375292255255532
-0.0013187538375872016
-0.001100024956117343
-8.813005428066215E-4
-6.626131313148811E-4
-4.439543531479669E-4
-2.2531583981168137E-4
-6.554671496226108E-6
