1501
6.542480071790947E-6
2.258536917627771E-4
4.451759228393873E-4
6.645179606617748E-4
8.839295288699273E-4
0.001103376490961842
0.0013228239305123736
0.0015423257923969742
0.0017618912287549592
0.001981529391725542
0.0022012494334479327
0.0024210605060614506
0.0026409366246636385
0.002860958205233924
0.0030811001344903804
0.0033013715953102672
0.0035217109341935046
0.003742288672785851
0.003963026509252607
0.004183909109465471
0.004404960328379906
0.004626191292055319
0.0048476131265511
0.005069236957926722
0.005291062620736489
0.005513119588228501
0.00573540568386683
0.005957931543886824
0.006180707804523858
0.006403745102013202
0.006627196768716329
0.0068507698075948795
0.0070743673254698505
0.007298505636251472
0.007522946529357491
0.007747699786657042
0.007972775190019162
0.00819818252131288
0.008423931562407165
0.008650032095171088
0.00887649390147379
0.009103326763184219
0.00933054046217139
0.009558144780304388
0.009786192682459102
0.010014541775090091
0.010243299325319304
0.010472715467341687
0.01070206941978246
0.010932474470423406
0.011163092698244788
0.011394184379163515
0.011625758972403942
0.011857825937190238
0.012090394732746555
0.012323474818297236
0.012556543635582028
0.012790712125725356
0.01302545140654432
0.01326076805072425
0.013496668630950365
0.013733159719907836
0.01397024789028177
0.014207939714757478
0.014445958442458565
0.014691382706151696
0.014924987465631465
0.01516484927136233
0.015405333354426759
0.01564652302616054
0.015887927271214727
0.016130335092776893
0.01637351478021805
0.01661746625888702
0.016862189454132773
0.01710768429130423
0.01735235957754755
0.017599514163427823
0.017847468186695525
0.018096221064398135
0.018345772213583078
0.018596121051297626
0.018848285826274902
0.019098796800246454
0.019351274104086616
0.019604140399615666
0.01986031085645741
0.020116148293422592
0.020372091810337778
0.020629133639388703
0.020887030776160512
0.021145791997903063
0.021405426081866533
0.02166594180530082
0.02192734794545588
0.02218965327958175
0.022452046014519236
0.022716252305451143
0.022981441924110377
0.023247706788542613
0.023514793812735163
0.023783054709501095
0.024052531208482608
0.024323236705182508
0.024594775449018752
0.024867408902982724
0.025141869522000454
0.025416795985156407
0.025692833548782934
0.025969998216418072
0.026247315343787297
0.026526692772767313
0.02680724485306235
0.027088987812113163
0.027371937877360225
0.027656111276244205
0.027941524236205856
0.028228192984685707
0.028516133749124317
0.02880597624981865
0.02909657415652367
0.029388490818336055
0.029681742435661018
0.029976775629548785
0.030273026776289375
0.030570605038872573
0.030869529494346515
0.031167416116598845
0.031468746924737806
0.03177145572810397
0.032075566651956766
0.032381103821555735
0.03268809136216058
0.03299679233810851
0.033306762582661575
0.03361749815254486
0.03393056743700709
0.034245213464089985
0.03456146303490998
0.0348793429505837
0.0351988800122279
0.03552010102095901
0.03584303427991628
0.036167736143543766
0.03649350203965987
0.03682138350450334
0.03715366315285484
0.037486526565039396
0.03781554930347969
0.03815126452426412
0.038487888281617644
0.03882633171512265
0.03916660988548368
0.03950873785340517
0.039852730679591386
0.040198603424746876
0.04054637114957618
0.04089604891478352
0.04124765178107348
0.04160161482983518
0.04196003876476484
0.04231775802792684
0.04267411743280222
0.04303587554812066
0.043398894564929846
0.04376468842089812
0.04413596118989946
0.04450574784204975
0.044877623047325704
0.045251632513364226
0.04562775706247074
0.04600711052216214
0.04638766075903422
0.04677042256729033
0.04715458780293419
0.04754226663528788
0.04793222220558829
0.04832447958770952
0.048719063855525546
0.049116000082910616
0.04951531334373879
0.04991822488929448
0.0503223527725464
0.05072897056239692
0.05113779246343089
0.05154960118812196
0.05196397341257589
0.05238093586913781
0.05280051529015359
0.05322273840796815
0.05364763195492711
0.05407524222827592
0.05450595866410762
0.05493914997572885
0.05537510650347782
0.05581385489016111
0.05625542177858556
0.056701884639788536
0.05715439610016204
0.05759958248587421
0.058053361733173714
0.05850886200568861
0.058964578807881085
0.05942674116396485
0.0598920477580871
0.060360512448170256
0.06083214909213741
0.06130697154791087
0.061784993673413835
0.062266229326568334
0.06275069236529751
0.06323839664752379
0.06372935603117025
0.06422358437415926
0.06472109553441341
0.06521973679118936
0.0657240642242482
0.06622767185374628
0.06673824266566586
0.06725651400380822
0.0677752180229041
0.06829817029726776
0.06882416253225854
0.06935378793932478
0.06989131468858689
0.07042851708153997
0.07096938069349396
0.0715139348298458
0.07206220879599218
0.07261423189732974
0.07317003343925516
0.07372805086452588
0.0742924108469094
0.07486058748840024
0.07543261542504898
0.07600853538587349
0.07658838809989249
0.0771722142961237
0.07776005470358582
0.07835195005129691
0.07894794106827557
0.07955226550278383
0.08015704995651918
0.08076802315172149
0.08138208889812204
0.08200182784185872
0.08262609267085846
0.08325493331163714
0.08388839969071071
0.08452654173459473
0.0851694093698041
0.08581705252285521
0.08646952112026318
0.08712686508854417
0.0877891343542131
0.0884563788437856
0.08913328066752918
0.08980735900652265
0.09048974332056198
0.09117636540169882
0.09186956692727088
0.09256818298876512
0.09327227152557327
0.09398087642199882
0.09469498409451116
0.09541457078568216
0.09613970167770275
0.09687044195276528
0.09760685679306097
0.09834901138078161
0.09909744349729588
0.09985098003674248
0.10061041396248371
0.10137580378807065
0.10214720802705446
0.10292468519298681
0.10370829379941943
0.10449809235990337
0.1052944571431415
0.10609671385545066
0.10690519862988168
0.10771998170884034
0.10854113333473248
0.10937192336821266
0.11020616679198436
0.11104692091712509
0.11189425512047713
0.11275606036889596
0.11361874038096309
0.11448840317551312
0.11536404699149028
0.1162333380204219
0.11712287523095744
0.11801945375000222
0.11892316201773023
0.11983408847431665
0.12075232155993565
0.12167794971476209
0.12261106137897038
0.12355174499273469
0.12450008899623044
0.12545618182963092
0.12642011193311153
0.12740659252398157
0.12837967542456763
0.12936216488003738
0.13035778570535594
0.13136110175588334
0.13237488540899123
0.13339487945200257
0.13442335781643855
0.13546040695484063
0.13650611331975082
0.13756004978093883
0.1386240490763313
0.13969693542840145
0.14077881441568607
0.14186979161672186
0.14296697816165727
0.14407628077170642
0.14519491549727614
0.14632111344896892
0.14745949394602242
0.14860732740150207
0.14976621806673218
0.15093363638594925
0.1521109287443123
0.1532985177507531
0.1544954343819983
0.15570230944611962
0.15691924453726125
0.15814634124956795
0.15938370117718448
0.1606314259142544
0.16188961705492244
0.1631583761933325
0.16443780492363025
0.16572721121819645
0.16702985270576987
0.1683466546292175
0.16966986587709698
0.17100449146859442
0.172350651333255
0.1737134262935175
0.1750840278359017
0.17645967949143238
0.17785432119422528
0.17926099928204708
0.1806798398280014
0.18211096890519096
0.18355451258671796
0.18501059694568578
0.18647934805519872
0.18796235267530514
0.18945866587283655
0.1909688787098015
0.1924919709420656
0.19402791177286072
0.1955771310746648
0.19712874269973413
0.1987022159082088
0.20029006385100212
0.20189168230984778
0.20350721494200186
0.20513859977124882
0.20678272536027442
0.20844133316171143
0.2101135595228325
0.2117996139039574
0.21349870129009452
0.2152161578209143
0.2169485254594541
0.21869599099877057
0.22045944877624202
0.22225055356488022
0.2240501027137809
0.22586377831541848
0.22769371360223123
0.22954010897199928
0.231403164822505
0.23327492126175953
0.23517086049969693
0.23708574612202216
0.23901559944204354
0.2409624471822347
0.24292650380448744
0.2449079837706949
0.2469071015427502
0.24892407158254692
0.2509591083519773
0.2530124263129345
0.25508423992731255
0.2571866591374461
0.25929568471618825
0.26142351532042696
0.263560352417084
0.2657253576786063
0.2679084733148269
0.2701119702433452
0.27233507495089215
0.2745794430277795
0.27684425888316677
0.2791296965761314
0.28144209766839157
0.2837699680280874
0.28611872188740306
0.2884885324646511
0.2908795729781466
0.29329201664620475
0.29572603668713837
0.2981950864941083
0.3006710507094701
0.3031576551318207
0.30567975086977506
0.30822398311348187
0.31079246172523733
0.3133840732192117
0.31599878001213444
0.3186367814014197
0.3212982766844894
0.3239884093857006
0.3266984641925361
0.3294327581437182
0.33219152185410317
0.3349749859385456
0.33778986312232373
0.340626342468872
0.3434882015569005
0.3463756881344833
0.34928635989546897
0.35222535804327104
0.35519068715543356
0.358182570240138
0.3612012303055654
0.3642534993617188
0.36732613550035076
0.37042587731802956
0.3735567186768578
0.3767195371663159
0.37990968705664807
0.3831221374988494
0.38637289329548885
0.3896202935531137
0.39292194151625504
0.3962521583619565
0.39959564018672644
0.40298075251767207
0.40639568158869976
0.40984057842217325
0.4133155940404565
0.4168208794659103
0.42035658572089774
0.4239228638277852
0.427535796026397
0.43115284485839855
0.4348109446750923
0.4385000851684724
0.44224866934302365
0.4460020138379712
0.44978724332152087
0.45360207310636014
0.45745203251534017
0.46133405077199763
0.4652610383452016
0.4692073828262946
0.473188374230487
0.477201330869677
0.48122750801753833
0.4853122034826933
0.4894286145883022
0.49357845172279546
0.4977609681788451
0.5019903462063837
0.506233731728805
0.5105101301138246
0.5148195185999977
0.5191618744258721
0.5235414198789612
0.5279520464053471
0.5323888878217597
0.5368700253255669
0.5413845703755333
0.5459324085157138
0.5504958279971315
0.5551027498976886
0.5597413035021845
0.56441131752144
0.5691280720042204
0.5738725759756478
0.5786403658375203
0.5834396328085436
0.5882691864350549
0.5931185753136807
0.5980188976377105
0.6029320194928247
0.607875581298408
0.6128338258718293
0.6178344407938003
0.6228644704657178
0.6279227130884708
0.6330010244312829
0.6381116810541503
0.6432440727259463
0.6483968291350299
0.6535685799697584
0.658763614645475
0.663981390964544
0.6692143641235417
0.674461851393179
0.679722634995513
0.6849954971526091
0.690299679063747
0.6955981070831219
0.7009056482421459
0.706219451240071
0.7115482035080776
0.7168795456483554
0.7222199769329745
0.7275415459347139
0.7328774978284018
0.7382069175989936
0.7435276749369812
0.7488570354934807
0.7541538829903303
0.7594359617656918
0.7647009094525319
0.7699463636838129
0.7751699620924972
0.7803693423115519
0.7855421419739366
0.7906859987126196
0.7957962134528183
0.8008691942622352
0.8059036888388622
0.8108968810983006
0.8159176773911812
0.8207749025395028
0.8256110470479316
0.8303973196932293
0.835130559866351
0.8398120789081345
0.844490750775988
0.8491034556681405
0.8536128512529784
0.8581337262905642
0.862519189954932
0.866840621534188
0.8711104175293074
0.8752817840498572
0.8794267892621246
0.8835077534106386
0.887526146391056
0.8914834380990406
0.8952855479169219
0.8990814579609179
0.9028077444435665
0.9064645105693367
0.9100518595427003
0.9135795876268693
0.9170087924601447
0.9203692731961608
0.9236271118009132
0.9268393340633123
0.9299785707905333
0.933041855782613
0.9360337438480375
0.9389429827160782
0.9417963292447205
0.9445697565584119
0.9472708762559856
0.9498996549590961
0.9524560592893971
0.9549489902671144
0.9573612416019026
0.9597011203152466
0.9619685977363277
0.9641641303836721
0.9662785959272053
0.9683266001502684
0.9703024399943168
0.9722060576576297
0.9740373953384882
0.9757963952351689
0.9774829995459546
0.9790954617769767
0.9806299388739479
0.9820916154177146
0.9834802550832844
0.9847953923761636
0.9860363975739546
0.9872251471043452
0.9883253139972146
0.9893496594839881
0.990297987834996
0.9911701033205542
0.9919658102109867
0.9926849127766211
0.9933272152877697
0.9938925220147645
0.9943806372279207
0.9947913651975631
0.9951794371694902
0.995416301916511
0.9955918924895029
0.995705758610911
0.995724486726913
0.9956630378342552
0.9955208364073878
0.9952973069207518
0.994991873848809
0.9946039616659981
0.9941329948467699
0.9935783978655719
0.9925620429631214
0.9921301318953102
0.9912899578077212
0.9903887393043505
0.9894001193023731
0.9884819619797209
0.9873209107587879
0.9860706972343154
0.9847305596179714
0.9832997361214177
0.981777464956326
0.9801629843343562
0.97845553246718
0.9765269310640203
0.9746222839473315
0.9726036690084907
0.9704891291268858
0.9682773989003373
0.9659672129266736
0.9635573058037208
0.9610464121293028
0.9584332665012454
0.9557166035173754
0.9528951577755187
0.9499701204090956
0.9469346677924486
0.9438507321353731
0.9406009753893949
0.9372395592014051
0.9337101076703487
0.9302088890263196
0.9262232365172771
0.9226524253615658
0.9187346235687821
0.9147063661883426
0.91056560269715
0.9063102825720968
0.901938355290083
0.8974477703280019
0.8926159298295202
0.887840898090813
0.8829481581354361
0.8779374050679989
0.8728581209378179
0.8676260025156095
0.8622749183881844
0.8568841016829412
0.8512948798640814
0.8456490745137639
0.8398218265510824
0.8338453504214289
0.8277844516623905
0.8216026126225913
0.8153008353696132
0.8088801219710513
0.8023414744944901
0.7956858950075185
0.7889143855777228
0.7820457453370482
0.7750407261379273
0.7676722150455051
0.7604683476728527
0.7531491304692324
0.7457513930335882
0.738332924876282
0.7306836648031902
0.7229288566574166
0.7151524888921879
0.7071920532500275
0.6991302779933957
0.690968322231253
0.6827073450725543
0.6743485056262566
0.6658929630013164
0.6573418763066954
0.6486964046513419
0.6399577071442177
0.6311269428942818
0.622205271010488
0.6131938506017924
0.6041523050605644
0.5949499454806046
0.5856800852471871
0.5762003031952583
0.5668235965548618
0.5572868344348842
0.5477517882990073
0.5381463179301242
0.5284717124895053
0.5187292611384313
0.5089202530381636
0.4990459773499767
0.4891077232351497
0.47910677985495376
0.46904443637066784
0.4589740795672519
0.4488074309271797
0.43865661128879374
0.4283817897341642
0.41804610182886837
0.4076540259489194
0.39721016971298795
0.38671637033531514
0.3761575712452805
0.36557647277155425
0.3549516565501003
0.34428446080868724
0.3335762237750828
0.32282828367705374
0.3120366936964567
0.301209244039331
0.29033508685247966
0.2794326265709772
0.2684983422149587
0.25753355062610517
0.24653956864610205
0.235569739313231
0.22452495471460132
0.21345402834469418
0.20231677153046235
0.19119455162616195
0.18005133876807022
0.16888991839569556
0.15770879088234135
0.146534995936749
0.1353231932990484
0.12411414535836673
0.11289306291301848
0.10163866984563441
0.09037326374630794
0.07909800869640193
0.0678140687772899
0.05652260807033471
0.04522479065691165
0.03391126751760787
0.02260502059988756
0.01129675446403855
-1.2293766208593127E-5
-0.011320886967154387
-0.022627788015081585
-0.03393521968630697
-0.04523024859907121
-0.056526187370635306
-0.06782367402745137
-0.07912349168641342
-0.09039204476923945
-0.10165975877171629
-0.11291516458899054
-0.12415707562137879
-0.13538430526919587
-0.14659566693275394
-0.15778997401236872
-0.16896603990835324
-0.18012267802101878
-0.1912587017506837
-0.20236067962453852
-0.21344317023201942
-0.22450392381839812
-0.2355458364883667
-0.2465538593393326
-0.25753420304956176
-0.2684854253204323
-0.27940608385332144
-0.29029473634961
-0.30112281212335734
-0.311948942750905
-0.32276163241127254
-0.33350665281635994
-0.34421193394448757
-0.354853486161419
-0.36547503416940064
-0.37607890940428046
-0.38661468526689546
-0.39710424120067156
-0.407546246673558
-0.417939371153496
-0.4282822841084375
-0.4385736550063255
-0.4488121533151057
-0.4589964485027336
-0.4691281016829958
-0.4791901136595671
-0.48919169618938163
-0.4991314829593305
-0.5090089536390909
-0.5187421852335268
-0.5285792866118584
-0.538251352877098
-0.5478539388161323
-0.5573853951910017
-0.5668440727637565
-0.5762283222964477
-0.5855364945511274
-0.5947669402898379
-0.6038760053361143
-0.6129442717974838
-0.6219287288797375
-0.6307946122424326
-0.6395011040964143
-0.6482333164637506
-0.6570797045103101
-0.6656871017020052
-0.6741439640116216
-0.6825031422164152
-0.6907634654082653
-0.6989237626790681
-0.7069828631207118
-0.7149395958250828
-0.7227927898840747
-0.7305412743895703
-0.7381514299046312
-0.7456922805159403
-0.7531163619731309
-0.760466240086374
-0.7677033784265435
-0.7748390393487812
-0.7818358244683417
-0.788720864626308
-0.7954935627656843
-0.8021533218294712
-0.8085941094425726
-0.8150450686967661
-0.821376653392087
-0.8275889366891533
-0.8337467527446973
-0.839613139069523
-0.8454395584358636
-0.8511458084165531
-0.8567246868689411
-0.862185141172521
-0.8676100416019921
-0.8728520802178474
-0.8779779152083185
-0.882922123938763
-0.8877973738671416
-0.8925524955665303
-0.8971885236479924
-0.9017064927225773
-0.9061074374013334
-0.9103923922953188
-0.9145623920155845
-0.9186184711731826
-0.9225616643791597
-0.9263107576959397
-0.9299955642934883
-0.9335894857581701
-0.9371316157185827
-0.940375658015796
-0.943624768016984
-0.9469089133085626
-0.9499409382718538
-0.9528660732137206
-0.9556638842424388
-0.9583838980672601
-0.9610012344151055
-0.9635105953352339
-0.9659176081657277
-0.9682233058035328
-0.9704287211455984
-0.9725348870888668
-0.9745153062300709
-0.9764505664074425
-0.9782638154618635
-0.9799819488876214
-0.9816058533439875
-0.9831364154902369
-0.9845745219856408
-0.9859210594894705
-0.9871769146610045
-0.9882846054419563
-0.9893598566857724
-0.9904018566189148
-0.9913044578902817
-0.9921199387943069
-0.9928490510146784
-0.993492546235081
-0.9940190057814746
-0.9944905683633527
-0.9948861728573188
-0.9951993371978434
-0.9954406316797328
-0.9955801868459302
-0.9956392647546872
-0.995618352957166
-0.9955187103183274
-0.9953386306389866
-0.9950799256215737
-0.9947430482720767
-0.9943293229997279
-0.9938272289240269
-0.9932561733451042
-0.9926020271448017
-0.9918797146004872
-0.9910815532249053
-0.9902077156758518
-0.9892583746111177
-0.9882337026885013
-0.9871521492555724
-0.9859798773385897
-0.9847262291283458
-0.9834069938834729
-0.9820252635825621
-0.9805747717961699
-0.9790329309734718
-0.9774189468267913
-0.9757371589271182
-0.9739773929286484
-0.9721452585574246
-0.9702407404308291
-0.9682638231662448
-0.9662144913810593
-0.9640927296926565
-0.961898522718422
-0.9596318550757355
-0.957281667287857
-0.9548595558927628
-0.9523745963034607
-0.949817110314835
-0.9471869878914241
-0.9444841189977797
-0.9417083935984323
-0.9388988352754906
-0.9359775710738409
-0.9329828676396987
-0.9299148650607361
-0.926773703424641
-0.9235595228190858
-0.9202728608282031
-0.9169297211003382
-0.9134779545628833
-0.9099607508040144
-0.9063775166233023
-0.9027276588203224
-0.8990138765850499
-0.8952263382380528
-0.8913708471440369
-0.8874647605730424
-0.8834776144568224
-0.879421320927678
-0.8752956073672751
-0.8710931456443394
-0.8667868832292975
-0.8625681263549736
-0.8581110651734152
-0.8535983804039367
-0.8490307410826361
-0.8444088162455947
-0.8397332749289084
-0.8351171140840306
-0.8303532067445554
-0.8255520206467755
-0.8206958388952548
-0.8157684624574322
-0.8108122073685866
-0.8058123894746392
-0.8007731921018064
-0.7956987985763035
-0.7906085155273495
-0.7854654655806232
-0.7802675622540343
-0.7751013796733695
-0.7698648876291516
-0.7646038536950925
-0.7593237876066365
-0.7540305167086712
-0.7487261476933869
-0.743412787252955
-0.7380925420795719
-0.732767518865411
-0.7274217295527978
-0.7220931233827694
-0.7168035294761599
-0.7114886517234078
-0.7061748630218374
-0.700864076414434
-0.6955582049441849
-0.6902591616540801
-0.6849501578450723
-0.6796708779160836
-0.6744046615062054
-0.6691990400483605
-0.6639419244814122
-0.6587047383573132
-0.6534887378758829
-0.6482951792369467
-0.6431253186403203
-0.6380906750788364
-0.6329596650159832
-0.6278746441971728
-0.6228385197194655
-0.6177885537538046
-0.6128004434543408
-0.6078246034637118
-0.6028600527581798
-0.597942352770843
-0.5930540269242206
-0.588195424547949
-0.583366894971669
-0.5785687875250165
-0.57380145153763
-0.5690652363391484
-0.5643604912592091
-0.5596975279749561
-0.5550628194698928
-0.5504543067274779
-0.5458796094959277
-0.5413371132304032
-0.5368514726076823
-0.5323588136583259
-0.5279148998716887
-0.5235045652948824
-0.5191304758530721
-0.5147867263164443
-0.5104768586752595
-0.5062009562695051
-0.5019591024391752
-0.49775138052426104
-0.49357787386475405
-0.48943866580064865
-0.4853265766475272
-0.48124792871540256
-0.4771848226794422
-0.47317069202344353
-0.4691892683022525
-0.46524040949182854
-0.46132397356813026
-0.45743981850711535
-0.4536126584750866
-0.4497931552783885
-0.44597471110214215
-0.4422156203947063
-0.43848798151779755
-0.4347971156964856
-0.4311382278090041
-0.42751076089047935
-0.42391455517786825
-0.4203491031440032
-0.41681505181733725
-0.41331124558760446
-0.4098374818700652
-0.40639355807998445
-0.40297927163262504
-0.39959377852364075
-0.39623988724506387
-0.39291515209583916
-0.38961909746045364
-0.38635124772339635
-0.3831111272691534
-0.3799038980474687
-0.3767195390398499
-0.37357852948270787
-0.3704471279469497
-0.36734320463384607
-0.36425500292279045
-0.36121025513936855
-0.3581925782849853
-0.35520171892004004
-0.35223742360493104
-0.3493204816960278
-0.3464084850657483
-0.34352232823025464
-0.34066177692909405
-0.3378265969018137
-0.33501655388796103
-0.33222313902428846
-0.3294573595704249
-0.3267225598795116
-0.3240117551487176
-0.3213246656294233
-0.3186610115730093
-0.3160264121543763
-0.3134122451021186
-0.31082120298355
-0.30826457980605926
-0.3057190680906898
-0.30319616811124095
-0.30069561366448716
-0.2982171385471988
-0.2957649529400532
-0.29332954821165
-0.29091918881706125
-0.2885304492535552
-0.28616316166901945
-0.2838170734445422
-0.2814919319612106
-0.2791874846001132
-0.2769034787423361
-0.27463560557831834
-0.2723923038490157
-0.27016867626642194
-0.2679645057475113
-0.26577775651380087
-0.2635876987185741
-0.26144118269965366
-0.2598532842411365
-0.25774704223525813
-0.25543611724338766
-0.2533650355570536
-0.25131197631644797
-0.24927681159816295
-0.24725941347880354
-0.24525965403496652
-0.24327740534325315
-0.24131253948026132
-0.23936492852259095
-0.23743444454684282
-0.23552095962961572
-0.23331188737718955
-0.23142755696455053
-0.22956629010466845
-0.22771988353870065
-0.2258858943348223
-0.22407450700191722
-0.22227897132739227
-0.22050059059716776
-0.21873541226723703
-0.21698586538780207
-0.21525227141499448
-0.21353398983555583
-0.21183091604938808
-0.21013785335924395
-0.20846484323002357
-0.20680672466357009
-0.20516507360549707
-0.20353486237134444
-0.20192305151929557
-0.20032116889695417
-0.1987333102612434
-0.19715933598380042
-0.19559910643625922
-0.1940495787780312
-0.19251623486155123
-0.1909961279853517
-0.18948911543739233
-0.1879950545056318
-0.1865191835671861
-0.18505133515526184
-0.18359932999018325
-0.18215701159128483
-0.18072019881397583
-0.17929944217144178
-0.17789408583645316
-0.17650020484772588
-0.17511808928066108
-0.17374760132528244
-0.1723886031716111
-0.17104095700966926
-0.16970452502947542
-0.16837916942105424
-0.16706475237442564
-0.16576113607961163
-0.1644681827266331
-0.16318513831187165
-0.16191389080175256
-0.16065887146517832
-0.1594201688935486
-0.1581737273833127
-0.1569467925004825
-0.15573000502322498
-0.15452325374844866
-0.15332642747306446
-0.15213941499398165
-0.15096210510810948
-0.14979117161454514
-0.14863572639895484
-0.1474886987428159
-0.14635125502668778
-0.14522330460792388
-0.14410475684387558
-0.14299552109189706
-0.1418939402808974
-0.14080804680839776
-0.13972582332267636
-0.13865250736739598
-0.13758802603959652
-0.13653230643631642
-0.1354844167304824
-0.13444737951276242
-0.13341878856523148
-0.13239856011740037
-0.13138661039878086
-0.13038285563888485
-0.12938721206722403
-0.12839959591330974
-0.12741992340665287
-0.12644811077676643
-0.12548712167860376
-0.12453169769548911
-0.12358434689096887
-0.12264463256746605
-0.12171084793976994
-0.12079725153274601
-0.11986350475697105
-0.11895413358708762
-0.11804285221677724
-0.11714651067468373
-0.11625737476307241
-0.11537537012496035
-0.11450042240336489
-0.113632457241302
-0.11277140028178934
-0.1119171771678441
-0.11106971354248296
-0.11023241149361918
-0.10940697718817871
-0.1085785628751621
-0.10774967592291473
-0.10693445859288175
-0.1061257415562929
-0.10532240725320757
-0.10452547406078316
-0.1037338896584975
-0.10295303732457384
-0.10217769366394586
-0.1014032312586195
-0.10063901140443104
-0.09988063840784372
-0.09912807568409221
-0.0983812866484115
-0.09764023471603611
-0.09690048414582209
-0.0961721180271371
-0.0954476586813458
-0.09472850498297547
-0.09401461839692449
-0.09330273470153883
-0.09259971004165801
-0.09191560440354818
-0.0912064469945344
-0.09052086999109232
-0.0898362519090502
-0.08915719442781711
-0.08848363255999786
-0.08781550131819754
-0.0871527357150203
-0.08649527076307095
-0.08584304147495248
-0.08519598286327207
-0.0845540299406326
-0.083917117719639
-0.08328282696208406
-0.08265386926240548
-0.08203149959659323
-0.08141186943385975
-0.08081205909436417
-0.08018582622997733
-0.079579324114532
-0.0789772610694815
-0.07837959112680165
-0.07778773432477426
-0.0771985454155813
-0.07661353818528932
-0.07603267626254756
-0.07545592327600492
-0.07488324285430986
-0.07431459862611123
-0.07374995422005787
-0.0731892732647984
-0.07263251938898185
-0.07208111540260159
-0.0715336309360281
-0.0709900229949944
-0.07045026487223138
-0.06991411252250057
-0.06938095385200721
-0.06884882329882908
-0.06832300936178809
-0.06780071510014651
-0.06728190901890974
-0.06676655962308337
-0.06625463541767285
-0.06574610490768379
-0.0652409365981218
-0.0647390989939925
-0.0642413673226111
-0.06374690419729173
-0.0632557550428019
-0.0627678921765984
-0.06228328791613935
-0.061801914578881234
-0.06132374448228217
-0.06084874994379974
-0.06037690328089068
-0.0599086430711136
-0.05944345856118466
-0.05898138866050412
-0.058521532163161305
-0.05806462606357721
-0.0576114319413078
-0.05716150560322025
-0.05671390076133764
-0.056269128146631375
-0.05582708124494351
-0.05538764697492399
-0.05495143828850979
-0.05451800012626734
-0.054087300756781476
-0.053659308448638476
-0.0532339914704229
-0.052811318090720705
-0.05239125657811686
-0.0519737752011972
-0.05155931435405742
-0.051147121592265865
-0.05073812777363701
-0.05033100330497836
-0.04992682510268592
-0.049525093450239865
-0.049126680957818886
-0.048729514515576666
-0.04833461419845575
-0.047942077861457655
-0.04755188574102906
-0.04716401807361806
-0.0467784550956718
-0.046395177043637686
-0.04601328853962805
-0.04563456304673752
-0.045258036833549786
-0.044883683948145126
-0.04451147843860376
-0.0441413943530059
-0.04377340573943164
-0.04341036759085237
-0.04304681115668113
-0.0426848913331179
-0.04233115692587183
-0.0419662273696883
-0.04161075666706138
-0.041259183527356386
-0.04090747261592298
-0.0405576538935154
-0.040209708488347984
-0.03986361752863693
-0.03951936214259694
-0.03917692345844334
-0.03883628260439115
-0.038497420708655555
-0.03816031889945165
-0.03782495830499452
-0.037489055566154283
-0.03715679478831971
-0.03682880403935729
-0.036501802969664626
-0.036175314474214765
-0.03585157762787594
-0.0355287741612782
-0.03520760438527726
-0.03488805105606116
-0.03457009692981866
-0.03425372476273797
-0.03393891731100723
-0.03362565733081485
-0.03331392757834953
-0.03300371080979922
-0.032694989781352324
-0.03238865878997005
-0.032081105565043205
-0.03177699710357826
-0.031474248052139775
-0.03117328941536518
-0.030873290510631396
-0.030574927998612
-0.030277659065657214
-0.029981744136578253
-0.02968642774975816
-0.02939318710097702
-0.02910125845992928
-0.028810631993419294
-0.02852129786825161
-0.028233285449913437
-0.027946550690723104
-0.027660999046107776
-0.027376812199132516
-0.027093846205045624
-0.026812127993698753
-0.026531566975495302
-0.026252179392947245
-0.025973951035563242
-0.025696867692851955
-0.02542091515432228
-0.025146079209483058
-0.02487234564784302
-0.02459970025891081
-0.024328417431545818
-0.024057948431646117
-0.023788303534701336
-0.023520508971100057
-0.023254166941026222
-0.022986617166522172
-0.022721276972242105
-0.022457096346592056
-0.022193649078130553
-0.02193116898540587
-0.021669638686706738
-0.02140904080032162
-0.021149357944539204
-0.020890572737648133
-0.020631156613492033
-0.02037490370759827
-0.0201191971018439
-0.01986443863187877
-0.01961013684998375
-0.01935702065471033
-0.019104680342307834
-0.018853106333751507
-0.0186015626900424
-0.018351399506237473
-0.018101879370405694
-0.01785333527500052
-0.01760555487523731
-0.017358526942803626
-0.017112240249387067
-0.016866683566675228
-0.01662184566635555
-0.016377715320115505
-0.01613428129964288
-0.01589106200966972
-0.01564892316429345
-0.01540784617467772
-0.01516737071665658
-0.014927487793183994
-0.01468830069085239
-0.014449572963551607
-0.014211410818296633
-0.013973805338059059
-0.013736747605810687
-0.013500228704523012
-0.013264239717167753
-0.01302876070626506
-0.012793794780511666
-0.012559811585036704
-0.012326110298702814
-0.01209296259662529
-0.011860319198217409
-0.01162802482082833
-0.011396359953942281
-0.011165158413851947
-0.010934467310879319
-0.010704201049311884
-0.010474430803296422
-0.010245106023909573
-0.010016216375235754
-0.009787824475061421
-0.009559762777984523
-0.009332104910044187
-0.009104841355725077
-0.008877962599512068
-0.00865142366575139
-0.008425294504319128
-0.00819944913647886
-0.007973993290674317
-0.007748854051529169
-0.007524041079926609
-0.007299556262740883
-0.007075375911398243
-0.006851490746569544
-0.006627891488925633
-0.006404572566908018
-0.006181515617068072
-0.005958716478530357
-0.0057361659186977165
-0.0055138547049725685
-0.0052917736047576915
-0.005069913385455951
-0.004848295376217466
-0.004626840352676187
-0.004405574744018776
-0.004184489544844221
-0.003963575749751112
-0.0037428243533382984
-0.0035222263502045006
-0.003301772734948416
-0.0030814994653452464
-0.0028613228088211224
-0.002641265353053623
-0.002421330636694672
-0.002201505675155778
-0.0019817921705617258
-0.0017621250228296095
-0.001542530710268929
-0.0013230003041450264
-0.0011035248757232437
-8.84095496268931E-4
-6.647030359942024E-4
-4.4523061460521787E-4
-2.2586824545477256E-4
-6.512273099932054E-6
