1501
6.591747733847975E-6
2.2522608830922997E-4
4.438718328920524E-4
6.625375156119741E-4
8.81231670598644E-4
0.0010999628319816228
0.0013187395338904624
0.0015375703104548218
0.001756441776884889
0.001975439385003528
0.0021944918778339633
0.0024136263799990516
0.00263286118817542
0.0028522049694546126
0.003071666390928202
0.003291225004941261
0.0035110269584143518
0.003730891413378623
0.0039509699004861565
0.004171155814896691
0.004391514374739242
0.0046120548110498046
0.004832786354864411
0.005053718237219153
0.005274859689150133
0.005496168371029439
0.0057177679890579175
0.00593961781754709
0.006161729667219798
0.006384115348798826
0.006606441337800348
0.006829157474599383
0.007052190205600516
0.007275840145383107
0.0074995566560497814
0.007723592298469979
0.007947955564991192
0.00817265494796092
0.008397698939726528
0.008623171165568488
0.008848952172324245
0.009075101111500776
0.009301623791897862
0.00952852602231552
0.009755790483334081
0.009983487059309425
0.010211602831928325
0.010440151500121259
0.010669201212327187
0.010898670899561105
0.011128615895070318
0.011359049678547825
0.011589704956415585
0.011821047591055414
0.012052889338329958
0.01228523932954792
0.012518174951638858
0.012751554712034138
0.012985481992200565
0.013219966200714417
0.01345505568218669
0.013690677906291027
0.013926893454753245
0.014163942984999456
0.014401317545580786
0.01463930117594553
0.014878324712260985
0.015117732879398285
0.015357434499166614
0.015598006452767516
0.01583923282657236
0.01608265039499268
0.016325118510468528
0.016568166018734592
0.016811804600249433
0.017054635768923312
0.017299358633841855
0.01754748240516893
0.01779462416489469
0.018042493033091606
0.018291113564746025
0.01853829413091243
0.01878831693674382
0.01903944558672567
0.019291192663948575
0.01954374508001891
0.019797520291220713
0.02005175973779158
0.020306093653495796
0.020561743635685317
0.020818185547852835
0.021076081431142715
0.02133443940476107
0.021593766928696953
0.021854080254849306
0.02211539563511722
0.02237772932139985
0.02264202453634337
0.022907930939823518
0.023172926809603867
0.023438982890429103
0.0237061133944073
0.023974742873322116
0.024244088814308645
0.024514542046369797
0.024786116185596063
0.02505896470751534
0.025332755904494048
0.025607651763960695
0.025883668197164186
0.02616027453189415
0.026438647136198423
0.02671819312541368
0.02699892823787428
0.02728223217368439
0.027566150206309148
0.02784940255912069
0.02813466397863193
0.028421731043062726
0.02870978696202195
0.028999123691082568
0.029289761239893325
0.029581719618103075
0.02987501883536084
0.030169678901315583
0.030465719825616078
0.030762818212288767
0.031061628401644975
0.031361865071902445
0.03166354854388695
0.031966879873823295
0.03227096434375146
0.03257688800240649
0.03288431966804051
0.03319327118390014
0.03350375439323222
0.03381578113928341
0.034129596395904876
0.034444268502827474
0.03476091641532039
0.03507905900546385
0.035398854507966204
0.03572031552713309
0.03604398225061278
0.03636881255929503
0.03669533816181214
0.037023318719318105
0.03735323696132939
0.037684584864091625
0.03801802557525183
0.03835318134157542
0.03869011514428275
0.039029863093670264
0.039370877013796546
0.039713729639566236
0.0400584049452789
0.04040578497268302
0.0407541106676238
0.041104306084597
0.04145595533508692
0.04180991384211691
0.04216633206381468
0.042524468219061556
0.04288461550668565
0.04324508081131356
0.04360928106694831
0.043975897383674384
0.044344202385028925
0.04471462962764161
0.04508741724714585
0.04546227480318854
0.045839305495238514
0.04621853205593093
0.046599977217902516
0.04698643791169349
0.0473731843836219
0.047761104539851496
0.048151350820476724
0.048543951091869625
0.04893893322040235
0.04933632507244723
0.049736248789507526
0.05013920555195808
0.05054457531777892
0.050951791642311506
0.05136191512463317
0.051774573659638085
0.052188988567439476
0.052606765223328994
0.053027181223687825
0.053450258479237234
0.05387665711435419
0.05430523076353422
0.0547365196117468
0.05517061712220267
0.05560699460219154
0.05604651876643363
0.05648883099827218
0.056933945661848506
0.05738208478781809
0.057833137860767436
0.05828713078879505
0.05874299130688365
0.05920281837452801
0.05966770220065215
0.06013357334617042
0.06060250245570181
0.06107451217940013
0.06154844392919451
0.06202702176002323
0.06250880571592787
0.06299286233115053
0.0634815276581519
0.0639735075017972
0.06446880216171219
0.06496741193752226
0.06547103969766366
0.065972457471896
0.06648196323334188
0.06699500125326718
0.0675115887890207
0.06802667671075546
0.06854941170362416
0.06907574037833347
0.06960572730584713
0.070139437057129
0.0706769342031432
0.07121828331485341
0.07176955812903407
0.07231945925752725
0.0728730808692431
0.07343048114266915
0.07399034346692168
0.07455575526105895
0.07512515184251806
0.07569857198615998
0.07627605446684571
0.07685763805943568
0.07744336153879039
0.07803323485137725
0.07862736582099811
0.07922569766378396
0.07982811840776821
0.08043520283275113
0.081046842291213
0.08166221635867138
0.08228259072369298
0.08290864626675226
0.08353828392833262
0.0841723760714258
0.08481099913468687
0.08545422955677134
0.08610214377633468
0.08675481823203224
0.08741443894710327
0.08807723507860621
0.0887472888578355
0.0894199604062979
0.09009781335213574
0.09079177035535912
0.09148066561348478
0.0921755894692286
0.09287564255536651
0.0935808942942738
0.09429141410832603
0.09500727141989967
0.09572839510253428
0.09645603911186962
0.09718706841974067
0.09792499700230384
0.09866802295359217
0.09941753664689201
0.10017301365870723
0.10093454113795808
0.1017021411350264
0.10247583570029367
0.1032556468841428
0.10404159673695501
0.10483444869484315
0.10563316825430807
0.10643739616718112
0.10724777892697801
0.10806434265545051
0.10888711347434976
0.1097173045426848
0.11054827065461992
0.11139083430888486
0.11224013031804514
0.11310179100749873
0.11396457254533476
0.11483189738685684
0.11570884946590321
0.11659292680547695
0.11743393398249868
0.11833141871187614
0.11925384499490499
0.12016613160334366
0.12108564327143934
0.12201250612300185
0.12294684628184094
0.1238887898717661
0.12481799774891655
0.12577561975007834
0.1267411479822408
0.1277129873419277
0.1286948689294295
0.12974944221751805
0.1307473871026178
0.1317533085703122
0.13277106931243554
0.13379353461167742
0.13482749642035452
0.13586680089169278
0.1369179978488232
0.13797511383855066
0.13903693829430852
0.14011410452585515
0.14119755795586708
0.14229013836168602
0.1433919878604295
0.14450324856921593
0.14561861822452915
0.14674965883369595
0.14788997446036423
0.1490403179955081
0.15020083621228708
0.15137562151132566
0.15255506074476188
0.15374421250560022
0.15494322288568196
0.15615606190987685
0.157371088814804
0.1585994378632053
0.15983820403023608
0.16108757160065046
0.16234772485920268
0.16361681292142816
0.16490745268176876
0.1662005685038921
0.16750497355854965
0.16882557288597144
0.17015432741613812
0.17149481590930082
0.17284664966757057
0.1742099047084954
0.17558465704962456
0.17697098270850486
0.17836895770268646
0.17977768417448947
0.18120112485477924
0.18263259640356688
0.18408044037195637
0.18554028803977096
0.1870130442531387
0.18849879023468352
0.18999760720702685
0.1915097186330077
0.19303529211508186
0.19457516916783302
0.19612790821320503
0.1976938704845672
0.19927083009810753
0.20086389681092198
0.20247069405917295
0.20409132297876198
0.20572600471932756
0.2073749604305073
0.20903841126194056
0.2107165783632654
0.21240866330630315
0.2141203819387092
0.21584436060164525
0.217580753373383
0.21933452391579333
0.22110374120188747
0.22288857964265607
0.22468921364909056
0.22649650015264577
0.22832990729305003
0.2301797534133987
0.23204633634462124
0.2339308765369179
0.23582987107226083
0.2377477074793548
0.23968616711007829
0.2416388378397616
0.24360906531303006
0.24559704738357468
0.24760298190509133
0.249627066731271
0.2516478184597928
0.25370995190999546
0.2557906432806103
0.2578900843037706
0.26002122754230883
0.26211802282277086
0.2642790127617767
0.26645926043385004
0.268657670005358
0.27086181591186853
0.2730930153761022
0.27534476869919344
0.277617281711255
0.279910760242402
0.28222541012274815
0.2845614371824068
0.28691904725149
0.2893105407301728
0.29171457008552526
0.2941397159584387
0.29658616811116767
0.2990443781983083
0.3015455690389537
0.30405696909236424
0.3065907178802487
0.30914704813066396
0.3117261925716659
0.31432838393131024
0.3169538549376514
0.3196028383187457
0.3222663889729831
0.3249652623758321
0.327686840354358
0.33042811830826135
0.33320020556920404
0.3360048669615072
0.3388286870477326
0.34167817439436976
0.3445534157741239
0.34745449795969896
0.3503825076986611
0.35333538549121624
0.3563097546066061
0.35931449233762325
0.36234684178142884
0.36540684764780895
0.3684945546465528
0.37161000748744755
0.3747532508802809
0.3779156447285188
0.381114866139171
0.3843455002348921
0.3875998054415992
0.39088197795918966
0.3941978515346303
0.39754319769266067
0.4009173625224891
0.404321275333303
0.40775521297630934
0.41121945230271195
0.414714270163717
0.4182399434105304
0.4217871766028851
0.42539274422599904
0.429011395418478
0.43266157590342824
0.4363435077325395
0.440055337017764
0.4438031318464577
0.4475827829805139
0.45139453126381124
0.4552386175402279
0.45911528265364066
0.46302930599599623
0.46698475810427187
0.47095465169121953
0.4749656764755783
0.47900995262901214
0.4830884401787805
0.48720165495820345
0.4913549392532697
0.49553660661470555
0.49975190403228664
0.5040009507643184
0.5082838660691049
0.5126266122421557
0.5169795341637764
0.5213645707298338
0.525782406623688
0.5302330768133019
0.5347166162666408
0.5392761025841963
0.5438395256591422
0.5484287488152462
0.553067279184035
0.5577367721778161
0.5624389963897434
0.5671752308909705
0.5719453193469248
0.576749105423032
0.5815864327847233
0.5864556239271619
0.5913620117483585
0.5962955202639568
0.6012611648748662
0.6062662044164173
0.6112893542040019
0.6163448202377113
0.6214319856539525
0.6265502335891346
0.6316989471796655
0.6368775095619523
0.6420831012528323
0.6472827254176217
0.6525748133929583
0.6578627208341179
0.6631756427724635
0.6685097756349627
0.6738640947947685
0.6792816485510951
0.684676965349726
0.6900908754065522
0.6955217986972877
0.7009681551976339
0.7064283648832941
0.7119008477299786
0.7173486262462312
0.7227994109500235
0.7282875097344448
0.7337861134190269
0.739289400490422
0.7447833617469577
0.7502749680133363
0.7557614170578328
0.7612399066487212
0.7667076345542743
0.7721617985427658
0.7775995963824691
0.7830182258416611
0.7884148846886125
0.7936236935114773
0.7990219296605416
0.8043134589630361
0.8095757175854086
0.8146945857665973
0.8198559797380582
0.8249658872989682
0.8300323037014721
0.8350336203901461
0.8399753584333984
0.8447929026313261
0.8495914679996113
0.8543189042866355
0.8589722350258198
0.8635247213129551
0.868029704514365
0.8724533229403653
0.8767257303738116
0.8809468831086931
0.88510007834366
0.8891856408796102
0.8932038955174386
0.8971551670580418
0.9010641654156277
0.90486370268101
0.9085920580337854
0.9122805296057033
0.9158444358407749
0.919332685599521
0.9227498795400866
0.9260898341375263
0.9293564549708178
0.9325501040047115
0.9356512440874338
0.9387005726186262
0.9416780992645695
0.9445842276090426
0.9474193612358226
0.9501839037286839
0.9528795331296269
0.9554929760281468
0.9580348136032111
0.9605052937930179
0.9629088385873192
0.9652364620955094
0.9674932618243908
0.9696794344370705
0.9717813779714737
0.973827875271617
0.9757956713896787
0.9776896262828219
0.9795176434219588
0.9812751919666542
0.9829621967672235
0.9845785826739712
0.9861242745372083
0.987597108403028
0.9890008257334646
0.9903325353582293
0.9915618819220331
0.9927488617250271
0.9938510714262714
0.9948802790264164
0.995829048225584
0.9967114114514164
0.9975205182449871
0.998256079374019
0.9989178056062231
0.9995054077093108
1.0000012372001565
1.0004366784857606
1.0007962988079289
1.001071895211453
1.0012954938068743
1.0014193001502232
1.0014648192311686
1.001431955904752
1.0013231084756296
1.0011340517169156
1.0008642051477263
1.0005129882871833
1.0000798206544115
0.9995528923178227
0.9991321895239649
0.9984447649227626
0.9976704444367526
0.9968087649592041
0.995692886050703
0.9946598555495951
0.9935390032692393
0.9923293964871966
0.9910301024810222
0.989640188528278
0.9881731906862861
0.9866260669436757
0.9849536693087098
0.9831857808342637
0.9813215901966927
0.9793283341230516
0.9772712977050961
0.9751169622050666
0.9728639664789274
0.97051094938264
0.9680565497721627
0.965499406503457
0.9628381584324837
0.9598868895347978
0.9570148945344448
0.9540361473305525
0.9510962259299554
0.9478910661167399
0.944633316175997
0.9412099653061139
0.9377144256027243
0.9340614822787394
0.9302934351910874
0.9264056273303671
0.9224005942030153
0.9182951650363531
0.9140448098085292
0.9096736145420072
0.9051808841521973
0.9005839066161085
0.895854458664366
0.8909993448015578
0.8859682883509796
0.8808316870790485
0.8755759081172316
0.8702013011364071
0.8648167814043539
0.8591993324242786
0.8534566734534517
0.8476161423351298
0.8416402258595879
0.8354983464760473
0.8292553823787561
0.822890726033263
0.8164054501345799
0.8098006273777116
0.8031257299412005
0.7962788836721693
0.7893148788519788
0.7823989560234113
0.7752306738286494
0.767943899531689
0.7605414078147019
0.7529076509805215
0.7451356630539188
0.7373936350950672
0.7295448430894291
0.7215908578070032
0.7135332500177629
0.7053735904916998
0.6972448183796605
0.6888742938947612
0.6802999179345948
0.6717443553998734
0.6630942335398924
0.6543509256269919
0.6455158049335408
0.6365913174624769
0.6276173207234494
0.6185221119354933
0.6093445917056517
0.6000877293228868
0.5907431929687004
0.5813257925893716
0.5718330201498736
0.5623074935544929
0.5526739904436564
0.5429781669394869
0.533207649652029
0.5233710708385839
0.513469762899482
0.5035050582350467
0.4934782892455898
0.4833362368339644
0.4731806119089743
0.4629658490793167
0.452679708090133
0.4423240842181446
0.4319316175425181
0.4214869623116906
0.41099206365806484
0.4003946530978526
0.3898005433052951
0.37916070103544364
0.3684769060025408
0.357750937920831
0.3469845765045738
0.33617960146801007
0.3253424382994474
0.3144587363809359
0.3035609732387403
0.29260853866348047
0.2815957250760439
0.2705706833967323
0.2595178914630889
0.2484383762454465
0.23733316471411037
0.22620328383943278
0.21504976059172698
0.20387362194132752
0.19267314858088636
0.18144920610731674
0.17022448231588605
0.15895987213583762
0.14767818135821464
0.13638071033035004
0.12505379609237455
0.11372602975892487
0.10238856439899635
0.09104107678377815
0.0797028538119191
0.06833228474337716
0.05695471719403411
0.04554593504691962
0.03415782860386507
0.022766754112194754
0.011374044186896803
-1.1344930756607141E-5
-0.011406645680135163
-0.02280070456582539
-0.034168916009644335
-0.04556192550258764
-0.056945736921201195
-0.06832357361973074
-0.07969268718031941
-0.09105434834176052
-0.1024062457359296
-0.11375117010089042
-0.12507956851988578
-0.13639360229553787
-0.14769192110831408
-0.15897317463867378
-0.170236012567071
-0.18146316242103744
-0.19267918190115818
-0.20387725239580679
-0.21505270879354654
-0.22620434053521343
-0.23733030310078362
-0.24844915495669007
-0.25952116219140464
-0.27056368985003054
-0.2815753939619814
-0.2925549305566575
-0.3035152827313823
-0.3144295480346546
-0.32530667310608585
-0.33614495644799813
-0.3469235759301643
-0.3576934117911925
-0.36841155055423425
-0.37908652006988497
-0.38973119659918787
-0.40032974573316427
-0.41086590572400183
-0.4213532960096549
-0.43179032591796584
-0.44217540477678874
-0.4525069419139802
-0.46278334665739074
-0.4730030283348752
-0.48317040984385784
-0.4932699249235668
-0.5032892721417701
-0.5132640324759237
-0.5231869785468346
-0.5330305853398549
-0.5428084542132359
-0.5525176204373539
-0.5621623406341891
-0.5717333411784677
-0.5812299619948496
-0.5906497241566893
-0.5999883872556211
-0.6092433745527286
-0.6184146792227834
-0.627575727860183
-0.6365848500358444
-0.6455072965643582
-0.6544412467908094
-0.6631739087665975
-0.6716647697550036
-0.680222423828071
-0.6886831032887564
-0.6970452817382675
-0.7053074327778148
-0.7134680300086078
-0.7216086020866141
-0.7295416374205237
-0.7373732423991832
-0.7451023360333249
-0.752699187041145
-0.7601660448047074
-0.7675905250200117
-0.7749027747213502
-0.7821018473994084
-0.7891867965448665
-0.7961566756484029
-0.8031160833868309
-0.8098085430164996
-0.8163832619890918
-0.8227787514800831
-0.829114685833372
-0.8353195584869892
-0.8414021687298039
-0.8473631133447608
-0.8532432101133445
-0.8589500706348749
-0.8645114395118831
-0.8699882358718103
-0.8753884668978804
-0.8806185818729819
-0.8857640701087446
-0.8907511311700906
-0.8956147336465774
-0.9003476203100043
-0.9049667492004776
-0.9094654689151653
-0.9138449275831846
-0.9181062733336534
-0.9221767632823026
-0.9261806791003666
-0.9300600088112159
-0.9338379820135598
-0.937500748282388
-0.9410497762929895
-0.9445250883414449
-0.9478431266713443
-0.9510300427042013
-0.9541306073916873
-0.9571216802416282
-0.9599548957395827
-0.9627289584340302
-0.9653975786924702
-0.9679615167787397
-0.9704215329566601
-0.9727361529797252
-0.9749928638171399
-0.9771339920201925
-0.979199427935594
-0.9811577024862483
-0.9830164483456327
-0.9847872985233241
-0.9864571022345396
-0.9880338923003258
-0.9895186695538589
-0.990912434828302
-0.9922161889568377
-0.9934309327726316
-0.9945908718114174
-0.9956260198247682
-0.996574945490492
-0.9974388592996126
-0.9982189717431451
-0.9988584591427063
-0.9994642624611334
-0.999987308095565
-1.0004216748158523
-1.000791290899131
-1.00106062126041
-1.0012500357913972
-1.0013599974754497
-1.0013909692959206
-1.001343414236164
-1.001217795279537
-1.001014575409389
-1.0007342176090779
-1.000374616342878
-0.9999461067471911
-0.9994426474536446
-0.9988523253622166
-0.998187837187908
-0.997449442234756
-0.9966373998067981
-0.9957358535252991
-0.9947752986290981
-0.9937412945976503
-0.9926341061742905
-0.9914539981023536
-0.9902036437389228
-0.9888920948693611
-0.9874980249169294
-0.986031532886372
-0.9844928104648192
-0.982888865636907
-0.9812019190925119
-0.9794448867859611
-0.9776169042550666
-0.975717992354391
-0.9737481719384968
-0.9717250941268913
-0.9696126667934539
-0.9674200832641375
-0.965162048048092
-0.9628328503897361
-0.9604332899692638
-0.9579612725924287
-0.9554177389339795
-0.9528025563192797
-0.9501155920736899
-0.9473567135225665
-0.9445257879912745
-0.941607939619848
-0.938628900654825
-0.9355798457870721
-0.9324863981140608
-0.9292821863465903
-0.9260068204716818
-0.9225980980934478
-0.919180103891458
-0.915691906999113
-0.9121380211562453
-0.9085052464132932
-0.9047990084667328
-0.9010188157093637
-0.8971641765339786
-0.8932283859593477
-0.8891840524126984
-0.8850796693908753
-0.8808587726956372
-0.8766208426354778
-0.8723014224739947
-0.8679007487749644
-0.8633968707000412
-0.85883512877612
-0.8541951530548397
-0.8494779590801205
-0.8446845623958925
-0.8398835162632494
-0.8349865209811949
-0.8299830739336977
-0.8249194580439134
-0.8198259183997871
-0.8146888956232337
-0.8094949655587036
-0.8042585006239302
-0.7989789852784996
-0.7936380096374984
-0.7883055417559222
-0.7829454417099679
-0.7775606681928444
-0.7721225475206697
-0.7666705984051321
-0.761203780089692
-0.7557245803592605
-0.7502354869987347
-0.7447389877930233
-0.7392375705270293
-0.7337161650083073
-0.7281843351354489
-0.7227168464632392
-0.7172698501611521
-0.7117754391608049
-0.706344493520239
-0.7008954030201
-0.6954604418170054
-0.6900410222495994
-0.6846385566565201
-0.6792544573764041
-0.6738901367478891
-0.6685470071096198
-0.6631220044026529
-0.6578129069803129
-0.6525286481808688
-0.6472643827324402
-0.6420361493284399
-0.636841350328659
-0.6316693286124986
-0.6265177567496574
-0.6213973018289645
-0.6162964121683316
-0.611235672909392
-0.60620883708701
-0.60120760657753
-0.5962372600526176
-0.5912982645527869
-0.5863910871185469
-0.5814990895926209
-0.5766527988545289
-0.5719010926534462
-0.5671366484317648
-0.5623995948515597
-0.5576907278847689
-0.5530283147322481
-0.5483997110633916
-0.5438049138801433
-0.5392439201844388
-0.5347167269782358
-0.5302154191003643
-0.5257557605594272
-0.5213161114171099
-0.5169265120767621
-0.5125709815815056
-0.508249557526093
-0.5039622775052854
-0.49970917911382884
-0.4954988266657798
-0.4913178512778682
-0.4871710691401603
-0.48305831518100106
-0.478981546259035
-0.4749469678385081
-0.4709337291987916
-0.4669539676377461
-0.46300751456834366
-0.4590844611156313
-0.45520626199761693
-0.4513635353636749
-0.44754931869077463
-0.44376717535985755
-0.44001702337847637
-0.4363398765195905
-0.43265810407778393
-0.4290082365935177
-0.4253900909959478
-0.4218034842142462
-0.4182437298509032
-0.41471876009426234
-0.41122342269478573
-0.4077603973214865
-0.40432793937501477
-0.4009258137607865
-0.3975537853842164
-0.39421161915072167
-0.3908990799657155
-0.38762128549988395
-0.38436600509196417
-0.3811386704718167
-0.37793910648187845
-0.37476455890463023
-0.37162077094231516
-0.3685054914967356
-0.3654182677917963
-0.36235887332913475
-0.35932708161039706
-0.35632266613721963
-0.35334540041124685
-0.3503951251091133
-0.3474605247955047
-0.34456202290306037
-0.3416893974660207
-0.3388480615160392
-0.3360260682193985
-0.33322681177140234
-0.3304548854539193
-0.3277079061747177
-0.3249855878581176
-0.32228358734819085
-0.3196105917102223
-0.3169616696850901
-0.31433574773540474
-0.3117340028149749
-0.30915575294610664
-0.30660077294879673
-0.3040688376430398
-0.30155418359827113
-0.29906090653569506
-0.29659549441443334
-0.29415242353885573
-0.2917314362863168
-0.28930781178873466
-0.2869408252456498
-0.28458655574214076
-0.2822534051134269
-0.27994117380960915
-0.277649662280794
-0.2753786709770878
-0.2731280003485932
-0.2708974508454174
-0.26863958846910707
-0.2664539087600337
-0.26428509790312993
-0.26213584043402594
-0.2600059717116725
-0.2577409289159982
-0.2556434629673987
-0.2535642632661843
-0.25150320394800096
-0.24946028401025444
-0.2475759366008734
-0.24557064942924556
-0.24358286278123775
-0.24161245489628946
-0.23965930401384838
-0.23772328837335466
-0.2356241993151491
-0.2337196239815189
-0.23183189594511955
-0.23022904639046549
-0.22837849729616666
-0.22654281502780282
-0.22472336974432983
-0.2229178151738027
-0.2211346010818842
-0.2193647930030942
-0.21761015118730676
-0.21587096216584034
-0.2141473236659177
-0.21243914411694742
-0.21074633194834047
-0.20907307126361696
-0.20740875378277202
-0.20575783014680027
-0.20412946305381618
-0.2025018313499658
-0.200894617489364
-0.1993013786840876
-0.19772198792373374
-0.19615871087078562
-0.1946073723034577
-0.19306939536683065
-0.19154143692664816
-0.1900294962549458
-0.18853048396697714
-0.18704424819013643
-0.1855700541003037
-0.1841104274340527
-0.18266346138592437
-0.18122942504831263
-0.17981071743263943
-0.17840066266394372
-0.17700275125889142
-0.1756168395786566
-0.1742416893271017
-0.17287983380290572
-0.17152927683141483
-0.17019007859772073
-0.16886213111270343
-0.1675453263872413
-0.16623948171125047
-0.16494499501132454
-0.16366142100352432
-0.16239014580612376
-0.16112575243840843
-0.15987180762521414
-0.158630535030995
-0.15740128212983162
-0.1561822857571591
-0.15497104360920289
-0.15377168741320224
-0.1525905316600773
-0.15141231986469894
-0.15024368062985272
-0.14908449686254077
-0.14793465146976648
-0.14679402735853297
-0.14566250743584297
-0.14454144545911973
-0.1434271040851265
-0.14232448383093865
-0.14122802648019772
-0.140143002440273
-0.13906630821271704
-0.1379942535424532
-0.13693604054670305
-0.13588656100443053
-0.1348457280530163
-0.1338134548298413
-0.1327987836460639
-0.1317842221980906
-0.13077483916411092
-0.12977682970001947
-0.12878714430737026
-0.1278057223795348
-0.1268325033098846
-0.12586742649179228
-0.12488775677315056
-0.12395238763232408
-0.12300905248875527
-0.12207336389517431
-0.12114526472661191
-0.1202089011128602
-0.11931267132465018
-0.11840679458444592
-0.11750820348984259
-0.11661852231821423
-0.11573543622600879
-0.11485830597431435
-0.11398810020058359
-0.11312475941505296
-0.1122682241279589
-0.11141917022694503
-0.11057014464799586
-0.10973239253560962
-0.10890093805690404
-0.10808528262425832
-0.10726986737856514
-0.10646030462055422
-0.105657021815104
-0.10485998030372878
-0.10406914142794388
-0.10328446652926315
-0.10250591694920341
-0.10173360394716635
-0.10096640846750721
-0.1002051759773338
-0.09944708833706628
-0.0986976310789826
-0.09795386704192632
-0.09721575329178156
-0.09648324689443061
-0.09575708013371204
-0.09503578956022896
-0.09432001279220503
-0.09360978541152642
-0.09290441832094154
-0.09220430431613524
-0.09150939699468663
-0.09081839584371432
-0.09013437235536126
-0.0894554873987572
-0.08878169311710715
-0.0881129416536166
-0.08744992591247358
-0.08679106847735801
-0.08613711522132556
-0.08548801969973707
-0.0848437354679552
-0.08420421608134165
-0.08357064205845866
-0.08293998179557172
-0.08231460438054061
-0.08169380839289903
-0.08107754833952358
-0.0804664015051812
-0.07985861708576703
-0.07925557416222645
-0.07865966045425687
-0.0780609495894351
-0.07746965365297226
-0.07688364671934644
-0.07630183634146742
-0.07572418147481524
-0.0751506410748719
-0.07458117409711768
-0.07401573949703355
-0.07345221142321612
-0.0728979681142416
-0.07234453622976317
-0.07179493808107501
-0.07124912793833577
-0.07070535440110315
-0.07016825942904581
-0.06963419257151149
-0.06910376012269104
-0.06857693091334244
-0.06805215196500414
-0.06753230346330202
-0.06701594202768368
-0.06650302679870868
-0.06599351691693545
-0.065487371522923
-0.06498324410809869
-0.06448421032126578
-0.06399034868797532
-0.06350067906511192
-0.06301140214850898
-0.06252600763984495
-0.06204388730909244
-0.06156527662252803
-0.06108973540403306
-0.060617401702936446
-0.06014824875720204
-0.05968224980479658
-0.05921937808368494
-0.058755872403648435
-0.05829867484685092
-0.05784443981838583
-0.057394364930356545
-0.056945928681938485
-0.056499512633772564
-0.056056983764755874
-0.05561728559479251
-0.055179903253488316
-0.0547461501937303
-0.054314770919800914
-0.05388611393544307
-0.053460148844185706
-0.05303684524955685
-0.052616172755085844
-0.05219788814052567
-0.05178252575926945
-0.05136974251932597
-0.05096005374842283
-0.050554180263825355
-0.050148336347113076
-0.04974506134565512
-0.04934432503890748
-0.04894609720632673
-0.048550347627369816
-0.0481570460814926
-0.04776612611700212
-0.04737764034150002
-0.0469915162191778
-0.04660772432103777
-0.046224808027622966
-0.045845703470934
-0.045468865561450605
-0.04509423664972792
-0.04472179243379501
-0.04435266401238783
-0.04398453968651081
-0.04361852901877311
-0.043248268786591826
-0.042885874022197484
-0.0425257382204807
-0.04216789791644007
-0.04181670946027702
-0.04146275841096525
-0.041110772902290316
-0.04076002431714376
-0.04041194841247381
-0.04006634278594537
-0.03972195203713874
-0.0393793908950929
-0.03903864228748927
-0.03869968914200947
-0.03836251438633462
-0.03802497742431224
-0.037691616668326544
-0.037359889304243554
-0.0370318820417401
-0.03670340226305316
-0.03637640589199931
-0.036051301634275446
-0.03572787770311972
-0.03540653466791427
-0.03508618638579411
-0.03476778774944919
-0.03445100477228308
-0.03413582318307637
-0.03382222871060908
-0.033510207083661675
-0.033199744031014555
-0.03289206607371975
-0.03258452926526073
-0.03227845447633587
-0.03197362021803701
-0.031670578421472834
-0.03136893787440104
-0.03106868505537344
-0.03076980644294272
-0.030472430164758063
-0.030176280751117474
-0.02988155778258289
-0.029588162364314607
-0.029296083713382742
-0.02900531104685783
-0.028715976718676733
-0.0284270531495866
-0.028140144582221388
-0.027854492424866595
-0.027569770975576613
-0.027286636049820928
-0.027004715573656773
-0.026723997012236878
-0.02644445381314678
-0.026166063685632443
-0.0258888249424976
-0.02561272375975264
-0.025337965111648236
-0.025064110131212278
-0.024791353181067288
-0.024519464856892673
-0.024248833623563712
-0.02397924582589668
-0.023709871901966606
-0.02344294842280166
-0.023176528820360018
-0.022911125647981284
-0.022646726125510913
-0.022383370612099288
-0.022120965356305408
-0.021859529405627257
-0.021599046404448458
-0.02133949999715279
-0.02108087382812393
-0.020823151541745216
-0.02056631678240098
-0.02030989491287001
-0.020055002632058283
-0.01980078314392293
-0.01954738574769649
-0.019294608605686575
-0.01904296113817361
-0.018792038005667908
-0.01854192561701204
-0.018292613531025376
-0.018044077703870703
-0.01779631855390991
-0.017549326452806963
-0.017303090954459463
-0.01705760161276494
-0.01681284798162007
-0.01656881961492286
-0.016325506066569906
-0.016082896890459192
-0.01584098164048736
-0.015600453818874205
-0.015359636426176201
-0.01512019487475287
-0.014880513408094709
-0.014641868759531246
-0.014403829850661173
-0.014166401616496377
-0.013929573220938976
-0.013693333827891396
-0.013457672601255924
-0.013222578704935012
-0.012987996979858925
-0.012754005979902006
-0.012520552917777636
-0.012287742882139976
-0.012055366730188574
-0.01182335040192356
-0.011591993791016351
-0.011361068339182066
-0.011130625036025223
-0.010900612312412794
-0.010671138638873291
-0.01044211666890045
-0.01021353532576625
-0.009985476787855718
-0.009757723983099514
-0.009530379983454247
-0.009303398176373871
-0.009076846452119536
-0.008850686588523053
-0.008624862744604729
-0.008399400591458987
-0.008174269647707892
-0.007949497782119508
-0.007725061339884515
-0.0075009006975092635
-0.007277171073256261
-0.007053684885011971
-0.0068304923294171885
-0.006607584105407675
-0.006384950911918732
-0.00616258344788586
-0.005940472412244643
-0.005718608503930557
-0.005496982421879036
-0.005275593896742682
-0.005054410343900782
-0.004833321049328123
-0.0046125163265989914
-0.004392045835217004
-0.004171649656236943
-0.003951425544571504
-0.003731364337159763
-0.0035114568709408538
-0.003291693982853776
-0.0030720665098378994
-0.0028525652888321505
-0.0026332400594760615
-0.002413941071870677
-0.002194786231078721
-0.0019757247280117463
-0.0017566647644016685
-0.0015377345668460178
-0.0013188603475699215
-0.0011000815520992562
-8.814515865768549E-4
-6.625991452388646E-4
-4.438965404482374E-4
-2.2520900842434464E-4
-6.5271011989314305E-6
