1501
6.535877412898153E-6
2.2584277925288073E-4
4.450169240404712E-4
6.642117195975851E-4
8.834360407008138E-4
0.0011026987621266474
0.0013220164589903992
0.0015413977986746567
0.0017608442941615503
0.0019803530313336377
0.0021999512603801813
0.0024196431576308138
0.002639438105718985
0.002859345487278035
0.0030792943578470972
0.0032994860703596356
0.003519802835979049
0.003740255197576533
0.003960853698023282
0.004181608880190552
0.004402531286949639
0.004623649092510701
0.004844939763891238
0.005066426304968424
0.005288119748229035
0.005510031126159734
0.005732171471247178
0.005954480715844441
0.006177114572258752
0.006400000216061498
0.006623164121604422
0.006846618292367351
0.007070444804670145
0.007294510008105826
0.007518787746405228
0.00774342520056083
0.007968386462069599
0.008193820259224695
0.008419462220424286
0.008645457596927239
0.00887166706293311
0.009098393081627722
0.009325511650223252
0.009553032579138095
0.009780965678790735
0.010009393533886086
0.010238114819687831
0.010467525110323367
0.010697113451039846
0.010927145710139675
0.011157632372064512
0.011388583921256232
0.011619914953895853
0.011851817057167029
0.012084214770600912
0.012317119840273047
0.012550544012258823
0.012784499032633699
0.013018996647472976
0.013254048602852092
0.013489666644846576
0.013726128072356403
0.013962905324041833
0.014200276788362262
0.014438485025523876
0.014677140842315306
0.014916562487211557
0.015156545374950495
0.015397139021838493
0.015637915312563797
0.01587953913964929
0.01612281605290901
0.01636601716255913
0.016609900317442527
0.016854477948563415
0.017099762486926046
0.017345766363534645
0.017592502009393426
0.017839576970236318
0.018087934461613095
0.018337096772665568
0.018586543157349963
0.01883742292333271
0.019089117672652464
0.019341646822489858
0.019595015116490255
0.019849227298298994
0.020104288111561452
0.020360202299923108
0.020617159204059682
0.02087486816738826
0.021133455967684497
0.02139293322304474
0.02165331055156515
0.021914598571341967
0.022176978456579788
0.02244023199532766
0.02270445395639263
0.0229696581215766
0.023235858272681542
0.023503068191509477
0.02377130165986227
0.024040572459541637
0.024310894372349692
0.02458156100797952
0.024853950289308147
0.025126399994647594
0.02540094832407011
0.025676618894576328
0.025953426334565016
0.026231385272435154
0.026510510336585663
0.026790816155415564
0.027072317357323683
0.027355028570708956
0.02763896442397032
0.02792432285979271
0.028210888892345715
0.028498636425535573
0.028787667478180734
0.02907799723508453
0.02936964088105029
0.029665145444757485
0.02995975618308075
0.03025291558163315
0.03055005350602452
0.03084854042492058
0.031148395864018685
0.031449639349016234
0.03175229040561067
0.03205636855949931
0.03236189333637948
0.032668884261948805
0.03297736086190439
0.03328749927100988
0.03359853120198003
0.03391261725584918
0.034229475707078766
0.03454523224440087
0.034862577100155
0.03518154405106341
0.03550216687384883
0.035824479345233695
0.036148515241940515
0.03647430834069196
0.03680102531259011
0.03713041885412954
0.03746528677205532
0.03779862267986131
0.038133737042136545
0.03847049811352024
0.038808925703285646
0.03914903962070643
0.03949085967505578
0.03983440567560695
0.0401796974316333
0.040526754752408356
0.04087559744720537
0.04122624532529742
0.041578718195958125
0.04193303586846092
0.04228921815207898
0.042647284856085654
0.04300958222344661
0.043375141147061425
0.04374060480048153
0.04410817150892518
0.04447785956191602
0.04484968724897809
0.04522367285963497
0.04559983468341022
0.04597819100982803
0.046358760128411836
0.04674156032868562
0.04712660990017281
0.047513927132397354
0.0479035303148832
0.048295274536898025
0.048689538261603715
0.049086160267576534
0.04948470364000945
0.049886195537442
0.05029014531342402
0.05069590065330018
0.05110502641710693
0.051516683078063896
0.051930897003852006
0.05234758561461325
0.05276686643382639
0.05318880437092266
0.053613426212419546
0.054040758744834494
0.05447082875468495
0.05490419155856907
0.055340215594183895
0.05578173724562624
0.05622379704883551
0.05666970399900717
0.05711580359330837
0.057565035512280815
0.05801696571349563
0.05847253934248858
0.05893104165029911
0.05939104861472844
0.05985566440173107
0.06032335203671457
0.06079413907760611
0.061268053082332796
0.06174512160882223
0.062225372215001185
0.06270883245879727
0.06319552989813726
0.06368815779749987
0.06418113380418233
0.06467814499464652
0.06517937222655795
0.06568325274089704
0.06619057060000161
0.06670136051865927
0.06721565721165751
0.06773349539378382
0.06825490977982579
0.06877993508457042
0.06930860602280559
0.06984095730931877
0.07037702365889725
0.07091683978632851
0.07146044040639987
0.07200872124905466
0.07255862318580647
0.07311403078886752
0.07367002240107356
0.0742337263140821
0.07480143293966635
0.0753731874199629
0.07595302609010818
0.07653332263117008
0.07711765805893545
0.07770608437558024
0.07829865358328036
0.07889312816575089
0.07949562307518349
0.08010106162795455
0.08071077830781187
0.08132488120556058
0.08194342590923431
0.08256519810382124
0.08319330254164442
0.0838260204166939
0.08446340127706647
0.08510549467085887
0.08575235014616789
0.0864040172510907
0.08706000248896784
0.0877223528921221
0.08838949674303875
0.08906149868580576
0.0897384371549314
0.09042026900021233
0.09110724536557241
0.09179942064993712
0.09249684925223095
0.09319958557137753
0.09390815008834774
0.09462133564027847
0.09533994167832299
0.09606403199746166
0.09679424879582194
0.09752942991499602
0.09827029768141243
0.09901692163419312
0.09976937131245917
0.10052771625533236
0.10129202600193415
0.10206237009138586
0.10283881806280898
0.10362450855570421
0.10441352967721879
0.10520885131071844
0.10601052637811698
0.10681938975534894
0.10763602292797891
0.10845754801294438
0.10929075325826143
0.11011784338594766
0.11095773989343483
0.11180422672517276
0.11265739483127257
0.11351733516184404
0.11438413866699781
0.11525789629684413
0.11613869900149343
0.11702656280840518
0.1179235417425426
0.11882627342089291
0.11973627094560246
0.12065359593232172
0.12157833078840685
0.1225105579212149
0.1234503597381027
0.12439781864642807
0.12535245155541863
0.12631551755014658
0.12728650612445735
0.12826547641448438
0.12925248755636098
0.13024759868622005
0.13125086894019533
0.1322623574544204
0.13328212336502832
0.134310225808152
0.13534672391992542
0.13639354277034976
0.13744061222257786
0.13850264896087672
0.1395735313488261
0.1406533485167153
0.1417523882602414
0.14285556303575786
0.1439635356367791
0.14508079626006543
0.14620744598598912
0.14734358589492313
0.14848931706723967
0.14964474058331234
0.15080995752351334
0.1519850689682153
0.1531626850815203
0.15435539516936236
0.15556034825179188
0.15677546162315514
0.1580008285726796
0.15923654238959228
0.16048269636312118
0.16175319157205237
0.16301415986844991
0.16429325197608802
0.16558327431396458
0.16688431042556662
0.16819644385438304
0.16952359688541652
0.17085744518268742
0.17219705170740807
0.17355414042087025
0.1749228702407929
0.17630336352507392
0.17769550494892716
0.17909993918103484
0.18051654233716963
0.18194544491069642
0.18338677739498144
0.1848406702833888
0.18630725406928483
0.18778665924603544
0.18927901630700494
0.1907844557455587
0.1923031080550639
0.19382833943406785
0.1953724630855479
0.19693067266789777
0.1985030306529756
0.20008959951263738
0.20169332332643108
0.20330905831788904
0.20493886241985548
0.2065850287633516
0.2082434811565309
0.20991643964279416
0.21160402039075688
0.2133033453744383
0.2150235697298296
0.21675516073402445
0.21850204557398456
0.220263876594739
0.22204304053200952
0.22383779167446005
0.2256482707817129
0.22747461861339158
0.22931697592911737
0.23118455473084754
0.23306234378467705
0.23495659011096715
0.23686744415291638
0.23879051859234224
0.2407280194854129
0.24269170711025945
0.24467308398844256
0.2466723316773849
0.24868963173450997
0.2507113164749861
0.25277058879628056
0.25484243475592283
0.25693254141525457
0.2590441523290128
0.26117352555658546
0.26332122999747987
0.26548741558239186
0.2676633912513682
0.26986656596878067
0.2720892456337338
0.2743315954112622
0.27662436996218487
0.2789042952075511
0.28120363421035877
0.2835225064781681
0.2858610315185366
0.2882193288390211
0.29059756064354514
0.29299432955698856
0.2954065082536883
0.2978671838961102
0.30033688080468246
0.30283840176140675
0.3053620425840311
0.30790802550288765
0.31047657274831075
0.3130679065506332
0.3156822491401876
0.3183198227473072
0.32098084960232476
0.32366555193557356
0.3263741519773873
0.32910687195809807
0.3318630098429134
0.3346594666569207
0.3374646179800236
0.34028884178870844
0.3431446365609394
0.34602956460165224
0.3489392434939258
0.3518748556773341
0.35483664120610925
0.357824840134483
0.3608396925166881
0.3638814384069542
0.36694857886402144
0.37004743838840093
0.37317384611763194
0.37632807455196104
0.37951401593552236
0.38273107170297593
0.38596592769566684
0.38922949972903353
0.3925219894760148
0.39584359860954876
0.39919452880256934
0.4025749817280142
0.4059851590588206
0.409425262467926
0.4128954936282663
0.41639605421277737
0.41995990514882475
0.42352399607195146
0.42711197686804336
0.43073656385604786
0.4343677239409103
0.43805541305008333
0.4417991653773874
0.44553254652495333
0.44931691416606023
0.4531336643295525
0.45698290534672337
0.46086474554887635
0.4647792932673074
0.4687266568333137
0.47270694457819573
0.4767202648332489
0.4807667259297719
0.48484643619906675
0.4889595039724255
0.49310603758115157
0.49728614535653826
0.5014999356298873
0.5057475167324972
0.5100289969956635
0.5143515942913761
0.5187045353694666
0.523034814048787
0.5274470481671969
0.5318918696268193
0.5363826229217037
0.5408926538856442
0.5454424789881229
0.5500182380508267
0.5546150621731747
0.5592567393653529
0.5639320931636047
0.5686408439297961
0.5733827120257882
0.5781574178134403
0.5829646816546155
0.5877797879906175
0.5926199019121268
0.5975198503795531
0.6024488543212678
0.6074063524046664
0.612385789307095
0.6173983644458256
0.622439204990271
0.6275072507299653
0.6325669789437054
0.637690769230983
0.6428371911578901
0.6480082231136413
0.653196573408982
0.658397417271118
0.6636469678626766
0.6688822140440482
0.6741363767421267
0.6794079767640957
0.6846955349171431
0.6899975720084557
0.6953052669894837
0.7006371020073852
0.7059788384491856
0.7113284860278188
0.7166840544562203
0.7220584554671712
0.7274356224930516
0.7327864918586848
0.7381296644267237
0.7434631476554054
0.748784949002975
0.7540930759276683
0.7593855358877235
0.7646603363413793
0.7699154847468779
0.7751426698409967
0.7803946585811095
0.7855857495442793
0.790747959256938
0.7959176211913803
0.8010119253221557
0.8060888887523334
0.8110945444425304
0.8160573440205372
0.8209751968500405
0.8258460122947273
0.8306676997182834
0.8354795413734712
0.8402084881036598
0.8448859381983529
0.8495179437208131
0.854018199509226
0.8584973372601832
0.8629072437193539
0.8673249736997302
0.8716067948909183
0.8758306370636593
0.8800068545894173
0.8841141117324804
0.8880110502318814
0.8919686062882164
0.8958542101080145
0.8997384225622405
0.90347195685177
0.9071312824685389
0.9107168379609556
0.9142290618774229
0.917668392766342
0.9210257754206665
0.9243034748098076
0.9275349877678494
0.9306947508911341
0.9337831681299571
0.936759866113106
0.939688804857667
0.9425444779615324
0.9453269242752755
0.9480361826494681
0.9506753513242163
0.9532373945081982
0.9557265347763133
0.958142852813233
0.9604831704476311
0.9627525572998881
0.9649862384307077
0.9671077840901541
0.969157591613194
0.9711380228330846
0.9730494299958723
0.9748880571694638
0.9766538059538616
0.9783352978133628
0.9799472592929481
0.9814861360697149
0.982951818709549
0.9843577135369692
0.9856891342734073
0.9869394328164454
0.988116972031218
0.989221361683815
0.9902522115403212
0.9912091313668245
0.9920917309294124
0.9928981827366412
0.9936223194885114
0.99427979855371
0.9948609804672817
0.995365355392865
0.9957924134940903
0.9961416449345961
0.9964125398780119
0.9966100818960628
0.9967144583242202
0.996739716332339
0.9966835978630568
0.9965487857075921
0.9963754343282165
0.9960784100749187
0.9956990264480421
0.9952366387829583
0.9946906024150444
0.9940602726796719
0.9933450049122117
0.9925441544480407
0.9916570766225297
0.9906831267710583
0.9896216602289929
0.9884483836008622
0.9871972243381659
0.9858601778393306
0.9843814757075924
0.9828699055207313
0.9812702577608992
0.9795858942220059
0.9778305849587996
0.9759405229027607
0.9739527295582127
0.9718663226375517
0.9696804198531606
0.9673941389174319
0.965006597542752
0.9625169134415099
0.959854316036596
0.9571505818511978
0.9543441919944486
0.9513849996429773
0.9483451557352272
0.9451963796974701
0.9419373423643389
0.9382200361160375
0.9352841984553679
0.9315687414671228
0.9279694472413906
0.9242986715141104
0.9204226844947794
0.9164103461052759
0.9122790157264777
0.9080276865121224
0.9036553516159467
0.8991610041916873
0.8945436373930846
0.8898022443738718
0.8849358182877847
0.8799433522885662
0.8748238395299506
0.8695942373571679
0.8641484470862428
0.8587312478846449
0.853150273790817
0.8474436229868658
0.8416118331401572
0.8356554419180595
0.8295749869879385
0.8233710060171582
0.8170601885954207
0.810743794302951
0.8041847846253898
0.7975115962549157
0.7907252929688484
0.7836984572405346
0.7767243561991588
0.7696286082724741
0.7624138969147287
0.7550614272980036
0.7475884717730237
0.7400074283107037
0.7323200289462415
0.7245280057148547
0.7166330906517437
0.7086803676399107
0.7006334970549544
0.6924360122152802
0.6841405265291298
0.6757484732967036
0.667261285818217
0.6586803973938693
0.6500072413238698
0.6410007025836224
0.6321647220001578
0.6231984476576402
0.6141781640240094
0.605066451719444
0.5958772118231437
0.5866123060646782
0.5773048133204659
0.5678857729391291
0.5585748354803597
0.5490095846318672
0.5393536650436932
0.5296471227253123
0.5198737530243536
0.5100350826384679
0.5001326382652955
0.4901679466024902
0.48014253434769394
0.47005792819855685
0.45991565485272545
0.44968582540923485
0.4394270997638845
0.4291750016205125
0.41879683937666634
0.40836948670792683
0.39789432332160324
0.38737272892500396
0.3768060832254436
0.3661957659302324
0.35555409406335414
0.34486169185504956
0.3341286609502063
0.32332875747562984
0.31252717610552594
0.30168914690422
0.29081597550089633
0.2798613201355842
0.26891505344601896
0.2579384745152602
0.24693290031090775
0.23595741164312933
0.224901821402403
0.21376801447323412
0.20265864693436253
0.1915268225437856
0.1803739385633687
0.1692013922549842
0.1580105808804957
0.1468029017017809
0.13554518941668814
0.12431596339282969
0.11307206079315435
0.10180273629933545
0.09052152455930607
0.07922974100482083
0.06792870106764504
0.056616845444037445
0.045300903564592154
0.03398018355007171
0.022655939040109985
0.011329423674339978
4.9087136417824695E-6
-0.0113329053020097
-0.0226474301391697
-0.033972674205562825
-0.045293750558718315
-0.05660949486219469
-0.06791874277955845
-0.07922032997436546
-0.09051475797540665
-0.10179868296181471
-0.11307151864858422
-0.12433211520916831
-0.13557932281702278
-0.14681199164561232
-0.15802897186839004
-0.16922911365882065
-0.18040630620665699
-0.19157164602076104
-0.2027197469738935
-0.21380641703874925
-0.22488336594206615
-0.2359362290179421
-0.24696341236185493
-0.2579633220692621
-0.2689343642356352
-0.27987494495643794
-0.2907834703271348
-0.3016583464431948
-0.3124979794000824
-0.32330077529326484
-0.33406514021820843
-0.3447894802703759
-0.35547431516650985
-0.3661349739122386
-0.3767195987460319
-0.3873027536125546
-0.39781806317581303
-0.4082848732705191
-0.41870197408900633
-0.42906815582359314
-0.4393822086666148
-0.4496429228103933
-0.4598490884472639
-0.46999949576954414
-0.4800929349695702
-0.49012819623966397
-0.5001040697721582
-0.5099819850170091
-0.5198322643784659
-0.5295768609713063
-0.5392790205361964
-0.5489123824153168
-0.5584755077647001
-0.5679667915630233
-0.5773805479207379
-0.5867190930894068
-0.5959695637366895
-0.6051265833496684
-0.6140772801570549
-0.623093983981323
-0.6319987113068279
-0.6407910062768893
-0.6495848726771962
-0.6582859227253284
-0.6668992192323344
-0.6754232236397035
-0.6838531450538312
-0.692158585876002
-0.700421150748646
-0.7085245848499024
-0.7165259244489928
-0.724411822643539
-0.732191150362179
-0.739830951378952
-0.7474364039692301
-0.7548956574822547
-0.7622447090289315
-0.7694829844700184
-0.7766152671658153
-0.7836171941887367
-0.7905026670306752
-0.7972713353628276
-0.8039228488563825
-0.8104568571825475
-0.8168730100125146
-0.8231709570174841
-0.8294304462683906
-0.8355172684647627
-0.8414816732039698
-0.8473238640423615
-0.8530440445362935
-0.858642418242118
-0.8640952772697448
-0.8694673160605824
-0.8747110034626067
-0.8798286340528829
-0.8848246966771853
-0.8896900696414027
-0.8944345062260171
-0.8989654673430341
-0.9034472075707933
-0.9078198661827033
-0.9120732374988814
-0.9162079992214416
-0.9202248290524908
-0.924124404694143
-0.9279074038485131
-0.9315745042177115
-0.9352910823536451
-0.9387936079760513
-0.9421445266304822
-0.9453847139371989
-0.9484739077347406
-0.9514910855409937
-0.954373290111171
-0.9571863242806131
-0.9598796340081623
-0.9624728188997294
-0.9649631528442137
-0.9673516526747479
-0.9696400094960103
-0.9718298192262731
-0.9739204552984262
-0.9759158659934206
-0.97780927286676
-0.9796060861012306
-0.9813075439925436
-0.98291361648488
-0.9844259622894169
-0.985845527247931
-0.9871687096565855
-0.9884037339448346
-0.9895495630672384
-0.990607069570153
-0.9915771259999318
-0.9924606049029352
-0.9932583788255194
-0.9939658042762431
-0.9945964766808855
-0.9951620446678984
-0.9956249317498038
-0.9960033192841049
-0.9962979096987148
-0.9965094054215449
-0.9966385088805119
-0.9966864646902049
-0.9966568968862735
-0.9965477851114901
-0.9963342016885868
-0.9960625558506404
-0.995713750209867
-0.9952995141941994
-0.9947966200992697
-0.9942173076203229
-0.9935669649090615
-0.9928375034606587
-0.9920217660256458
-0.9911416994164002
-0.9901752897373672
-0.9891452260573228
-0.988041110348929
-0.9868630426107368
-0.9856111228412878
-0.984304432842622
-0.9829080575427662
-0.981438577944977
-0.9798961088104283
-0.9782636107773852
-0.976572520978559
-0.9748080443197775
-0.9729702428394758
-0.9710504484749976
-0.9690663024438351
-0.9670172387054041
-0.9648901156549119
-0.9626900809278371
-0.9604170534021845
-0.9580752552124343
-0.9556543534624495
-0.9531598281015503
-0.9505947035262325
-0.947956865920462
-0.94524628890583
-0.9424629461039364
-0.9396327766697903
-0.9366996364591023
-0.9336986575092316
-0.9306161607825523
-0.9274607995990056
-0.9242327401963459
-0.920913318613855
-0.9175513421762673
-0.9141149046291641
-0.9106045739126865
-0.9070209179669799
-0.9033713186256778
-0.8996385193590397
-0.8958363853959801
-0.8919653465387825
-0.8880258325897179
-0.8840179799386121
-0.8798835231711002
-0.8757260584402351
-0.871499376512189
-0.8672047641836289
-0.8628435082512049
-0.858416895511577
-0.8539262127614022
-0.8493727467973384
-0.8448245065353501
-0.8401216523521415
-0.835406625227455
-0.830625208975635
-0.8257933633666825
-0.8209127678395918
-0.8159851018333413
-0.8110047377811611
-0.8059872933297898
-0.8009297373679809
-0.7958338710172304
-0.790678916339207
-0.7854805829119935
-0.7802999708885343
-0.7750858566857617
-0.7698274664620883
-0.7645921894156742
-0.75931048701174
-0.7540115701743355
-0.7486980321779431
-0.7433724662970489
-0.7380374658061362
-0.7326956239796911
-0.7273495340921952
-0.7220017894181359
-0.7166549832319951
-0.7113117088082594
-0.7059652990520138
-0.7005741782809523
-0.6952465138568313
-0.6899216735457911
-0.6846131777695819
-0.6794168107722203
-0.6741269307538191
-0.6688538426799062
-0.6635837367494131
-0.658352028326866
-0.653141296420658
-0.6479529172993326
-0.6427882672314285
-0.6376487224854834
-0.6325725158283193
-0.6274873876150067
-0.6224244742279899
-0.6173706590162618
-0.6123951469212927
-0.6074162661189546
-0.6024352788214307
-0.5975122999247935
-0.5926200451322678
-0.5877587030528528
-0.5829284622955524
-0.5781295114693648
-0.5733620391832881
-0.5686262340463255
-0.5638970410822539
-0.5592058513968938
-0.5545636168107788
-0.5499534404467465
-0.545375517905974
-0.5408300447896424
-0.5363172166989272
-0.5318372292350118
-0.5273902779990731
-0.5229765585922896
-0.5185962666158415
-0.5142495976709056
-0.5099367473586649
-0.505657911280295
-0.5014296497687085
-0.4972230749498645
-0.49304899952930326
-0.4889294305353187
-0.48481855211227654
-0.4807410156494538
-0.4766966990802186
-0.4726854803379341
-0.468707237355968
-0.4647618480676865
-0.4608491904064551
-0.4569691423056397
-0.4531215816986056
-0.449306386518721
-0.44552343469934996
-0.44177118438945784
-0.43803190549626714
-0.4343447691521445
-0.43069959495686905
-0.42706721783348445
-0.42347847734347277
-0.41992029984195867
-0.41639248784449356
-0.41290065797343933
-0.40943234069512613
-0.4059941915857421
-0.40258600155030333
-0.399214523956712
-0.3958658007061766
-0.3925461698281476
-0.3892554014146019
-0.38599326555752445
-0.38280460073597444
-0.37959872076603074
-0.376418617519624
-0.3732353904077881
-0.37010363675957203
-0.36699656507038125
-0.36391482750922566
-0.3608727509737224
-0.35785115583943816
-0.3548623722478492
-0.3519001714025256
-0.3489643365941386
-0.3460546511133553
-0.3431708982508468
-0.3403128612972839
-0.33748050807548124
-0.33466653313807915
-0.33188401261683165
-0.32912640284861094
-0.3263935071975048
-0.32368512902759705
-0.32100107170297276
-0.3183411385877195
-0.31570513304592107
-0.31309285844166257
-0.3105041181390302
-0.30793375277361545
-0.30539106322378173
-0.30287062148565425
-0.3003747183305938
-0.29789787996793815
-0.29545292194047823
-0.2930365657811198
-0.29062976798309226
-0.28824775530776225
-0.28586642186645816
-0.2835225286837668
-0.2811993872545031
-0.27889679663038813
-0.2766145558631248
-0.27435246400443214
-0.27211032010602554
-0.26988792321961763
-0.26768507239691575
-0.26550156668964164
-0.26343788803291157
-0.2612917185106891
-0.25916653606301554
-0.25701559727274237
-0.2549333980037649
-0.2528690946782619
-0.25082247230127797
-0.24879331587785813
-0.24678141041304946
-0.24478654091189966
-0.24280849237945024
-0.24084704982075333
-0.23890199824085112
-0.23691029643773098
-0.2349971456711133
-0.23316651425826795
-0.23128194558413595
-0.22941576423526833
-0.22756800527262944
-0.22569674892774438
-0.22388588209208882
-0.22209068276123545
-0.2203109251115335
-0.2185464830071373
-0.21679723031220177
-0.21505840854155245
-0.21334122702912717
-0.21163899096729377
-0.20995157369562678
-0.20827884855370626
-0.20662068888110607
-0.2049780087922014
-0.20334904559344358
-0.20173451529470876
-0.20013403067705193
-0.19854746884938002
-0.19697470692060015
-0.19541562199962015
-0.19387009119534748
-0.19234170272000906
-0.19082362869834457
-0.18931871155016944
-0.18782682948633134
-0.18634786071768117
-0.18488038563103515
-0.18343001531032554
-0.1819887003613908
-0.18056021708296444
-0.17914406771033775
-0.17774007745257014
-0.17634807151871912
-0.17496728641532577
-0.17360071945652478
-0.1722453656538836
-0.1709010881872487
-0.16956775023645632
-0.1682452149813487
-0.1669333456017673
-0.16565017595744846
-0.16435662238480242
-0.1630729833580431
-0.16179696179072545
-0.16053503629353894
-0.15928361951431258
-0.15804281855656543
-0.15681274052381244
-0.15559208698990112
-0.15438665272058005
-0.15319421395868993
-0.15200967609492444
-0.15083504736019915
-0.14967020778596762
-0.14851503740368377
-0.14736941624480104
-0.14623322434077135
-0.14510847924911496
-0.14399149836518732
-0.14288360377405152
-0.1417822479126738
-0.14069283748358663
-0.13961217582662777
-0.13854029041176064
-0.1374771066526207
-0.13642403884452703
-0.1353772516488675
-0.13433854285682512
-0.13330979856323522
-0.13229013392656996
-0.13127879710234214
-0.13027578733602685
-0.12928283278267172
-0.1282960599253804
-0.12731895934044135
-0.12634717166342968
-0.12538333446348016
-0.1244273782519042
-0.12347923354001411
-0.12253883083912209
-0.12160610066054112
-0.12068097351558171
-0.11976336448002867
-0.11885353013107491
-0.11795036864553643
-0.11705431302327707
-0.1161653005046821
-0.11528326833013791
-0.11440815374002944
-0.11354344968294316
-0.11268325059056838
-0.11182975383761062
-0.11098268960201019
-0.11014312356893663
-0.10931010236705796
-0.10848355731022086
-0.10766341971227111
-0.10684962088705485
-0.10604212520244949
-0.10523661574968962
-0.10444285025301708
-0.10365406276916456
-0.10287136937315944
-0.10209405735120908
-0.10132392419710146
-0.10055968127557874
-0.09980128599185545
-0.09904990028258132
-0.09830320229392692
-0.0975620856140097
-0.09682650947897897
-0.09609530760253732
-0.09537165573638023
-0.09465415660328197
-0.09393594530073474
-0.09322535636151136
-0.09252089060941682
-0.09182242105075844
-0.09112982069184433
-0.09044296253898398
-0.08976171959848495
-0.08908599939821193
-0.0884156302695146
-0.08775050737007595
-0.08709050621256242
-0.08643550230964231
-0.08578537117398222
-0.08513998831824904
-0.08449922925511077
-0.08386296949723354
-0.08323265273828023
-0.08260428728262925
-0.0819995668162754
-0.08138023989638998
-0.08075329903336559
-0.08014262590191079
-0.0795346791952119
-0.07893241276820184
-0.07833438479004018
-0.07774057147422231
-0.07715094903424485
-0.07656549368360366
-0.07598418163579629
-0.07540698910431859
-0.07483389230266563
-0.07426486744433558
-0.07369684169290075
-0.07313660710828501
-0.07258034191611823
-0.07203196442015908
-0.07148269240353833
-0.07093943703866534
-0.07039969044926203
-0.06986375907269371
-0.06933158778563264
-0.06880312146474948
-0.068278304986715
-0.06775708322819957
-0.0672394010658749
-0.0667252033764123
-0.06621443503648128
-0.06570704092275442
-0.06520296591190178
-0.06470215488059472
-0.06420496583237345
-0.06371054896226841
-0.06321674113561537
-0.06272952417099942
-0.062241220528744146
-0.06176045318277601
-0.06128289092829331
-0.06081126789187308
-0.06033998221094938
-0.059871820246529484
-0.05940674883102748
-0.058944734796857134
-0.05848429207929079
-0.05802884667944014
-0.0575782262859853
-0.057131030914512326
-0.05668811520357031
-0.0562428279078529
-0.05579871340186798
-0.05535815182038506
-0.054920000629953114
-0.054482977339605054
-0.05405115007765943
-0.05362357360249537
-0.05319871827842265
-0.05277655438910872
-0.052357052218221456
-0.05194018204942841
-0.05152591416639729
-0.05111421885279541
-0.05070487388462591
-0.05029731586292269
-0.0498932384967013
-0.04949162417079933
-0.049092445636274684
-0.04869567564418528
-0.04830128694558902
-0.047909252291543525
-0.04751954443310688
-0.04713213612133679
-0.04674594786772257
-0.04636334745062792
-0.045982980970068976
-0.045604822114616306
-0.045228844572839405
-0.0448553348471519
-0.044483353781329144
-0.04411531984987119
-0.04374774455001543
-0.04338219715167144
-0.04301864982117401
-0.042657074724856636
-0.042297444029054304
-0.04193972990010075
-0.041589461317483034
-0.041236557574689914
-0.040885416955738135
-0.04053614897016905
-0.04018872934302914
-0.039843133799365105
-0.03949933806422368
-0.039157317862650226
-0.03881704891969251
-0.03847850696039637
-0.03814166770980909
-0.037806506892976044
-0.0374767909817659
-0.03714742940652588
-0.0368108293857598
-0.03648303865708877
-0.03615492520269048
-0.03583000975997508
-0.035507162950798254
-0.03518530452633584
-0.034865877933801886
-0.03454806010204006
-0.03423184106506383
-0.03391721085688662
-0.03360420900262412
-0.03329268083828699
-0.03298271807904227
-0.03267424616708853
-0.03236924631645763
-0.03206363847845481
-0.031757856778120874
-0.03145527584318719
-0.031154096562496736
-0.030854305836927526
-0.03055589056735758
-0.030258837654664916
-0.029963133999727776
-0.029668766503424204
-0.029375853175336225
-0.0290838534135395
-0.02879338786060645
-0.028504620457452196
-0.028216843921015755
-0.027930329376750163
-0.02764496026491131
-0.027360834654805183
-0.02707797593859529
-0.026796317702953293
-0.02651584709666252
-0.026236551268506464
-0.025958417367268338
-0.02568143254173129
-0.025405581789158832
-0.025130888752188732
-0.02485730463541476
-0.024584929580575746
-0.024313619013614812
-0.024043379430986
-0.023774201713906984
-0.023505526861928583
-0.023238788441844654
-0.022972598512953996
-0.022707423897806153
-0.022443249234291585
-0.022180059160300705
-0.02191783831372407
-0.0216565713324518
-0.0213962428543744
-0.021136837517382212
-0.02087837684735898
-0.020620743494811744
-0.02036388811249676
-0.020107888710049093
-0.019852099402258072
-0.019598856397534004
-0.019346225815118023
-0.019093383702274036
-0.018841755124928722
-0.018590926784838493
-0.018340887529972635
-0.018091646132760875
-0.017843149911469458
-0.017595427704065678
-0.017348468629204528
-0.017102261805541197
-0.016856796351730707
-0.01661245798252943
-0.01636848845581526
-0.01612522609814962
-0.015882663101627018
-0.01564079165834209
-0.015399603960389224
-0.015159092199862959
-0.014919289875060138
-0.014680090490793551
-0.014441413953698884
-0.014203322060950652
-0.013965804909892701
-0.013728896272564045
-0.013492580787750952
-0.01325682553785959
-0.013021641074807438
-0.012787034122050088
-0.01255295993337105
-0.012319408279549818
-0.01208636893136572
-0.011853831659598274
-0.011621994733823547
-0.01139051613855329
-0.01115951830263108
-0.01092908702563987
-0.0106989950165952
-0.010469334183447254
-0.01024002323557456
-0.010011243168426873
-0.009782859205413476
-0.009554890226730728
-0.009327326611298974
-0.009100158457243344
-0.008873333345247446
-0.008646920855317916
-0.008420872453315124
-0.008195178052527494
-0.007969833761039866
-0.007744750966916562
-0.007520038147032025
-0.007295658732201206
-0.0070715876455840765
-0.006847815164731305
-0.0066243315671937406
-0.006401149793236964
-0.006178217978931921
-0.0059555462909578125
-0.005733125317676266
-0.0055110038542331916
-0.005289035875814762
-0.005067261802722378
-0.004845722782323425
-0.004624385045707384
-0.004403239516989326
-0.0041822771202844125
-0.003961488779707836
-0.0037408654193746005
-0.003520397963399712
-0.0033000003801754406
-0.003079813577048625
-0.0028597544318060865
-0.002639830450706815
-0.0024200212895976476
-0.002200286299578866
-0.0019806413453533206
-0.0017610841506119149
-0.0015416054767592273
-0.001322244064647704
-0.0011028868141102453
-8.836223353116835E-4
-6.643444728140651E-4
-4.4509390622364227E-4
-2.2586151442127484E-4
-6.638176287463786E-6
