1501
6.559485637441979E-6
2.247310399971585E-4
4.4291411249948107E-4
6.611064066664799E-4
8.793338350894919E-4
0.0010975929673620712
0.0013158975391361879
0.0015342554121716909
0.001752679034016505
0.001971166484798472
0.0021897610675628044
0.002408445141840545
0.0026272318203020943
0.0028460948619377525
0.0030652172520126003
0.00328474541677385
0.0035040536733437107
0.003723505166388013
0.003943106722997639
0.004162865170263579
0.004382787335276816
0.004602880045128245
0.004822612871324097
0.005043079642923595
0.005263750822685105
0.005484768724959531
0.005705878504582658
0.005927288681367545
0.006148949989355945
0.006370870654392364
0.0065930456437258145
0.006816047092364441
0.007038735627381644
0.007261706346600574
0.0074842189881580146
0.0077078409757723385
0.007932934184281405
0.00815713656051209
0.008380613087420496
0.008605523087143074
0.008830798065903152
0.009056445533720106
0.009282473000613307
0.009508887976602244
0.009735697971706384
0.009962910495945082
0.01019053305933773
0.010418573171903839
0.010647038343662832
0.010875936084634087
0.011105622346169429
0.011335476250657034
0.011565793992347508
0.011796589393941598
0.01202781947459209
0.012259592479656287
0.012491885781559221
0.012724868191620692
0.012958305505380692
0.01319228980418867
0.013426989908156703
0.013662112932700199
0.013897812245921667
0.014134096327000398
0.014370973655115776
0.01460845270944705
0.014846552438043073
0.015085396288310918
0.015324814000170009
0.015564826154722919
0.01580545333307229
0.01604671611632083
0.01628863508557124
0.016530719636059343
0.016775305790859868
0.017019404680240158
0.01726420954900318
0.017509418560918713
0.017756503180629102
0.018003578826032804
0.018251426944087823
0.018500027165702676
0.018749413744754667
0.018999599639131823
0.019250597806722433
0.019502421205414316
0.019755082793095666
0.020008595527654507
0.02026297236697895
0.020520146574270315
0.02077642517433062
0.021033550036523158
0.02128951297414941
0.021548420659373832
0.021808226000783137
0.02206894846176534
0.022330607505708172
0.02259263340386912
0.0228563155498189
0.02312099478473094
0.023386685308956698
0.0236534013228476
0.023921157026755
0.02419043837216496
0.02446036410728858
0.02473138880597589
0.02500509050218093
0.025278505830674564
0.02555299542697144
0.025827427445202167
0.026103874101413335
0.026381202055889202
0.026660154916381323
0.0269402614007081
0.027221534771240175
0.02750398829034778
0.027787635220401424
0.028072488823771335
0.0283585623628278
0.028645869099941323
0.028939924199811812
0.029228471943124223
0.02951831991097517
0.0298007418211291
0.030094510696212773
0.030399089260262607
0.03069567295990852
0.030993597578807347
0.03129289300424051
0.03159358912348961
0.03189571582383621
0.03219930299256188
0.0325080767998448
0.0328087807862682
0.033125894018494834
0.03343666197781592
0.033748592697336544
0.034053996253920804
0.03436835297178614
0.034684300559591846
0.0350018934413997
0.03532118604127138
0.035643998678313166
0.03596687947274474
0.03629211598009155
0.0366180592151267
0.03694565786621956
0.03727493219917122
0.03760590247978293
0.03793858897385566
0.03827096237618641
0.03860718175243366
0.038945199006016035
0.03928503294828778
0.03962670239060331
0.039970226144317
0.04031562302078345
0.04065962024168243
0.04100950595611194
0.041360800821783145
0.041714079397930176
0.04206740184471708
0.04242424920243287
0.042783142936288626
0.04314524129279074
0.04351051831163791
0.04387647560262703
0.04424426047080321
0.044614334579428594
0.04498611664263952
0.04535773531511558
0.04573381223759154
0.04611202846955201
0.04649240346635289
0.046872818163888635
0.047257838504074695
0.047645177717841714
0.04803486295110859
0.048426921349794066
0.04882138005981701
0.0492197600925047
0.04961952821073454
0.050017657868634324
0.0504210454201669
0.05082735040762354
0.051236184803923585
0.05164757574685741
0.05206155037421531
0.05247813582378802
0.05289735923336597
0.05332030762568274
0.05374485613097757
0.05417208674815077
0.05460202509474543
0.05503168479656162
0.055469023315217636
0.055907598475423925
0.05634897738459227
0.05679317634608444
0.05724021166326321
0.05769023317422545
0.05814288469480039
0.05859843867507286
0.059056912837188835
0.05951832490329373
0.05998269259553313
0.060450033636052114
0.06092484246529778
0.0613981137810507
0.06188174685909825
0.06236258437595488
0.0628337544916221
0.06332037713262906
0.06381032376938145
0.06430362826963304
0.06480032450113798
0.06530275648254014
0.06580611620197446
0.06631290871149165
0.06682316777206015
0.06733692714464828
0.067854220590224
0.06837508186975533
0.06889954474421078
0.06942764297455845
0.06995898106002346
0.07049475466187488
0.07103423045218488
0.07157744164734908
0.07212836982076465
0.07268013817256164
0.07323505613767822
0.07379585653121296
0.07436023863125407
0.07492359750735833
0.07549504023644571
0.07607048610714673
0.07664998665557182
0.07723359341783093
0.07782891259008673
0.07842010882703038
0.0790154155836123
0.07961492988460034
0.08021874875476248
0.08082696921886656
0.08143968830168069
0.08205700302797231
0.08268128840440037
0.08330884141480871
0.08394292595678615
0.08457978284770129
0.0852208688235922
0.08586488164418804
0.08651730663873913
0.08717453889389143
0.08783661662395437
0.08850357804323822
0.08917546136605253
0.0898523048067072
0.09053414657951175
0.09122102489877598
0.09191297797880993
0.09261004403392298
0.09331738642201587
0.09402429295810805
0.09473374313082861
0.09545119588510281
0.09617577986452303
0.09690541209089054
0.09763881547898123
0.0983795245654413
0.09912594898763588
0.09987819504083484
0.10063704850180905
0.10140105019180606
0.1021712100541769
0.10294975444775212
0.10373402624253963
0.10452419389208639
0.10532658672371809
0.10612759841271491
0.10693543723397592
0.10774323444247358
0.10856490136163732
0.10939253598897214
0.11022680270225005
0.11106765156197962
0.11191503262867097
0.11276889596283302
0.11362919162497509
0.11449586967560632
0.11536888017523594
0.11624817318437364
0.1171336987635283
0.11802540697320962
0.1189232478739265
0.11983127215940637
0.12076850599081057
0.12167009090374281
0.1226024246092906
0.12354218505013626
0.12448947750062722
0.12544440723511152
0.12640707952793706
0.12737759965345208
0.12835607288600337
0.1293426044999395
0.13033729976960817
0.13134026396935783
0.13235160237353494
0.13337142025648852
0.134420833568336
0.13546065192859735
0.13648769331203603
0.13754298571191448
0.1386065028553044
0.13967835222159086
0.14076260484712955
0.14183894259760232
0.1429358039395321
0.14404181323068277
0.14515705590444672
0.1462816173942154
0.14741558313338143
0.14855903855533736
0.14971206909347534
0.1508747601811875
0.1520593586244321
0.1532483427808815
0.15444313399992982
0.15565811928502316
0.156873717308318
0.15809403950192036
0.1593306334316108
0.16057767040681648
0.1618352502987601
0.1631034729786658
0.16438243831775523
0.16567224618725185
0.1669450122689553
0.16827392579159473
0.1695959790700664
0.1709292403437146
0.17227381217309057
0.17361905612599504
0.17498677120244355
0.17636636749326473
0.177757967055583
0.17916169194652398
0.18057766422321175
0.1820060059427705
0.1834468391623254
0.18490028593900154
0.18636646832992332
0.18784550839221503
0.18933559840016678
0.19084133727806896
0.19235823434857768
0.19388888220019096
0.1954333502884814
0.19699170806902389
0.19856402499739156
0.20015249804959445
0.2017531693625063
0.203367999772887
0.2049970468810316
0.20664051115009952
0.20829866340040648
0.20997255324683517
0.2116616073090355
0.2133696431051899
0.2150882329658086
0.2168213650475106
0.21856463045201013
0.22032678430156705
0.22210438357777607
0.2238975469768627
0.22570649645911445
0.22753148223084896
0.22937275449838568
0.23123056346804227
0.23311090005373414
0.2350024027264923
0.23691073991665212
0.23885983725205207
0.2408087997307926
0.2427724568684697
0.24472816464580482
0.2467178474697176
0.24873388038544797
0.25074431155957444
0.2527964088336234
0.2548667712326056
0.25695557278214176
0.25906298750785317
0.2611891894353606
0.2633343525902845
0.26552652040846336
0.26771026137721887
0.2699132522833907
0.2721356215383255
0.2743774975533666
0.276639008739862
0.278920283509156
0.2812125796548637
0.28353419696882676
0.285876178885657
0.28823867319540497
0.2906218276881194
0.2930412116275032
0.2954767051012597
0.2979340262145651
0.30041337739026774
0.30290934974888417
0.30543202898610744
0.30797746615851884
0.31054585617680086
0.31313739395163287
0.31575227439369713
0.3183906924136739
0.3210528429222468
0.3237389208300956
0.32646156154120765
0.32919744216979296
0.3319577452329241
0.33474017170666004
0.3375505369135414
0.3403861559424981
0.3432395133667938
0.3461268425551307
0.34904028255424313
0.351980037013798
0.35494630958345996
0.3579393039128902
0.3609584873460676
0.36399757704003344
0.3670947929933279
0.370197273974777
0.3733397172445636
0.3764826395444223
0.3796710823662226
0.38288802580803205
0.3861337055075236
0.3894083571023743
0.39271221623025854
0.3960455185288494
0.39940849963582226
0.40280139518885205
0.4062244408256128
0.4096778721837797
0.4131911363061249
0.41670869415374057
0.42026114960433203
0.42382109078092123
0.4274396369589948
0.4310738177752955
0.4347444795110802
0.4384476237274533
0.4421834575725234
0.44595218819438953
0.44975402274115917
0.4536120657539664
0.4574768417938473
0.46137583433441254
0.4653091567492402
0.4692769224119
0.4732792446959695
0.47731623697502057
0.48138801262263176
0.48549468501237447
0.48963636751782547
0.4938131735125575
0.4980252163701455
0.502272609464165
0.5065798870295195
0.5108956143586059
0.5152453588181429
0.5196316933801959
0.5240534714963445
0.5285097032533841
0.5329902914251918
0.5375174681718184
0.5420958862309231
0.546694876936884
0.5513295642514464
0.5559997810142665
0.5607053600650067
0.5654461342433268
0.5702219363888905
0.5750325993413572
0.5798825762694295
0.5847940837754999
0.5896822521977247
0.5946244949082331
0.5996111826465933
0.6046324487893857
0.6096876433547713
0.6147761163609049
0.6198992112673869
0.625052320581132
0.6302203157323887
0.63543208888359
0.64067530465217
0.6459471197663351
0.6512510728978191
0.6565788813315874
0.6619346916300639
0.6673160484908216
0.6727147622118252
0.6781374192110343
0.6835907157150745
0.6890554516689598
0.6945482097302742
0.7000584718013529
0.7055913381080683
0.7111346273734758
0.7166892343587374
0.7222533360528076
0.7278085857577468
0.7333979127510988
0.7389753023277099
0.7445520615540278
0.7501259213288725
0.755705615597003
0.7612722401520147
0.7668285685934997
0.7723712615684217
0.7778910846908804
0.7833894418671008
0.7888634739827669
0.7943100929503824
0.7997165617725592
0.8050829262507104
0.810403473802868
0.8157017943609342
0.8209377348443017
0.8261234159786435
0.8312637498895414
0.8363285256699928
0.8413251061330951
0.8462841994319801
0.8511431589769147
0.8559344262362538
0.8606488162969566
0.8652852243927516
0.8698425457573666
0.8743127405384237
0.8787269710656589
0.8830545740884252
0.8872984365613332
0.8914660423087746
0.8955499536246361
0.899551328234069
0.9034713238622212
0.9073110982342474
0.9110734783688548
0.9147601637984897
0.9183570821022666
0.9218725654938922
0.9253736908466497
0.9287458839947185
0.9320441034877831
0.9352453517811607
0.9383981067247031
0.9414772528206976
0.9444832265122525
0.9474164642424716
0.9502830968119262
0.9530658635815952
0.955770946368002
0.9584032604881578
0.960962894546447
0.9634499371472556
0.9658645240617885
0.9682068685595038
0.9704517248622855
0.972671591803727
0.9747993312999128
0.9768565371495672
0.9788431065497729
0.9807589366976073
0.9826039247901512
0.984377968024484
0.9860809635976873
0.9877092235936686
0.9892518261485534
0.9907380187286785
0.9921596088596818
0.9935022932007334
0.9947735168952399
0.995972975711406
0.9971003654174417
0.9983331265504889
0.9993473401334896
1.000285551061399
1.0011472869356117
1.0019320753575167
1.0026394439284978
1.0032689202499485
1.0032633495120384
1.0037283131031733
1.004123822496167
1.0045546994855084
1.0048035545183511
1.0049848893046134
1.0050487346779695
1.0050470884166423
1.004832269675938
1.0046701546888874
1.0044308207604438
1.004113298998992
1.0037166205129004
1.0032398164105478
1.0026819178003121
1.0020419557905642
1.0013189614896794
1.0005119660060364
0.9996200004480098
0.9986420959239757
0.9975772835423076
0.9964889539591297
0.9952425586969929
0.993690496213433
0.9921905534672435
0.9906010322626218
0.9889837208188172
0.9873097430531672
0.9857982006773662
0.9837153438143709
0.9817744442095995
0.9797397223672037
0.977609368962006
0.9753815746688437
0.9730545301625382
0.9706264261179278
0.9680954532098385
0.9654598021130987
0.9625832294170111
0.9597034883000708
0.9567000931403866
0.9535872011891131
0.9503631707276208
0.9470096008997064
0.9435436349318502
0.9399653330701083
0.9362716944280249
0.9323275705091971
0.9283470538885226
0.9242552223720333
0.920050310372547
0.9157305523028709
0.9112941825758227
0.9067394356042131
0.9020645458008492
0.8972677475785567
0.8925056810849084
0.8875198910089566
0.8882790910782319
0.8764055665409565
0.870976797014035
0.8653243105429498
0.8596008740080272
0.8537383245405428
0.847738560587139
0.8416034805944825
0.8353349830092238
0.8289349662780179
0.8224053288475162
0.8156589615830434
0.8089042731219687
0.8020228368206155
0.7948685357935092
0.7879785511920545
0.780717077451583
0.7733321551461376
0.7658274522599227
0.7582066367771398
0.7504733766819811
0.742631339958657
0.7346841945913614
0.7266918184101323
0.7185309674647504
0.7102718794572738
0.7022703789241849
0.6937932414383567
0.6852664698975319
0.6765908232417921
0.6678214989015148
0.6589598357821673
0.6500123127771333
0.6409775268165188
0.6318573512239682
0.6226536593231282
0.6133683244376433
0.6040032198911662
0.5945602190073433
0.5850411951098247
0.5754480215222433
0.5657736614088433
0.5561691590681512
0.5463653849383352
0.5364939158108264
0.5265563840005498
0.5165544218224571
0.506489661591468
0.4963637356225208
0.4861782762305431
0.47593491573047864
0.4656172882662002
0.4552826974405466
0.44486796054113587
0.4344003621513295
0.4239236551443719
0.4133558050418147
0.4027389979259999
0.3920746876543735
0.3813210488689931
0.37056024677336996
0.35975701889722966
0.3489129886521942
0.33802977944986345
0.32710901470185316
0.31615231781977204
0.30516645864334446
0.29414326786291056
0.2831235777839103
0.2720290400936616
0.2609010362084856
0.24966121563741783
0.2384953988607963
0.2273010877306021
0.21608022419806971
0.20483475021444164
0.19356660773096035
0.18227773869886654
0.17097008506939115
0.15964558879378643
0.14829160817905773
0.136876251722998
0.12552645258563633
0.11438155286045149
0.10297638676924326
0.09156422572979128
0.08014605707403089
0.06871816057497604
0.057283546111358774
0.04583402672508896
0.03438588519263597
0.022934238017265685
0.011475474688571907
2.1920411201747925E-5
-0.011430979845700406
-0.022880127918045723
-0.034356565988966636
-0.045783033336142864
-0.05722454352076589
-0.06866735172833938
-0.08008577049959342
-0.09150524898596846
-0.10291480237222306
-0.11431325992634189
-0.12569945091633716
-0.13707220461020153
-0.14843035027593032
-0.15975968472757884
-0.17108537725639916
-0.18239292043128508
-0.19360863215217172
-0.20485636378730465
-0.21612759817316363
-0.2273495412075457
-0.23854614573891375
-0.24968202170116527
-0.2609138065413825
-0.27202801340091387
-0.2831128062860966
-0.294166961013703
-0.3051892534005223
-0.31617845926333654
-0.3271333544189323
-0.33797371694537315
-0.3488214781199268
-0.35966589277355343
-0.370461425556738
-0.38121694195692335
-0.39193131839750617
-0.40263191523942155
-0.41325063894425185
-0.4238219523986073
-0.4343444572399138
-0.44482694546025403
-0.45524458600009776
-0.4656081946248962
-0.4759163664280166
-0.4861761206375368
-0.49636552872973727
-0.5064945397365426
-0.5165087712242142
-0.5265369492531713
-0.5364593951064958
-0.5463283828846741
-0.5561303816305276
-0.5658638427639016
-0.5755272177046562
-0.585088500485945
-0.5946008115703165
-0.6040375137961194
-0.6133969200992331
-0.6227050802792204
-0.6319508147938775
-0.6412379302499378
-0.6502095393723168
-0.6590981095579114
-0.6679020069870685
-0.676619597840129
-0.6850789934058437
-0.6936757378454921
-0.7021708016321169
-0.7105629811484597
-0.7188510727772748
-0.7270543517809092
-0.7350606980448866
-0.7430632904838141
-0.7509206727123399
-0.7586645251416009
-0.7662899193170345
-0.7737985264655292
-0.7805856494234327
-0.7878533643481527
-0.7950008474127923
-0.8020262689368112
-0.8089277992396511
-0.8157036086407627
-0.8223518674595987
-0.8288707460155971
-0.8352584146282229
-0.8416065272098052
-0.8477174455790237
-0.8540191095891592
-0.8597661651993196
-0.8654270705193987
-0.8711441364556798
-0.8766040265544683
-0.8817167478461405
-0.8871459730654916
-0.8922384838061781
-0.8972014358297464
-0.902037227778119
-0.906794822839843
-0.9113392825246587
-0.915758284501579
-0.9200530375273974
-0.924224750358901
-0.9282746317528838
-0.9321669805639061
-0.9359916913706243
-0.9397233318514413
-0.9433327197841495
-0.9468539488805972
-0.9502108386016577
-0.95340533724882
-0.9564851888496113
-0.9595329651241071
-0.9624030174064906
-0.9651661006199053
-0.9678231990333162
-0.9703783850067085
-0.9728710319931686
-0.9753648956832963
-0.9776690243190425
-0.9798685291943743
-0.981969571767876
-0.9839759470187825
-0.985932179224176
-0.9877586897699446
-0.9894605267311389
-0.9910667238252477
-0.9925760436624911
-0.9939961747974388
-0.995230507553357
-0.9964583517306318
-0.9975881461915703
-0.9986450638584632
-0.9996185403324036
-1.0005089365294477
-1.001316613365641
-1.002041931757038
-1.0027801403408247
-1.0033400319765517
-1.003775531376391
-1.004181449157537
-1.004578143285201
-1.0048174238991487
-1.0049773713258254
-1.00505921137536
-1.0050609222197764
-1.0049837361847924
-1.0048318886910295
-1.004603354364237
-1.0042881582251386
-1.003899156605696
-1.0034355826270458
-1.0028922029137908
-1.0022746811264494
-1.001583401479233
-1.000808150106824
-0.9999679562476205
-0.9990551838287987
-0.9980733433325524
-0.9970214265619335
-0.9959102694512652
-0.9947128021414944
-0.9934434686869302
-0.992102484723433
-0.9906900658868603
-0.9892064278130714
-0.9876517861379277
-0.9860263564972875
-0.9843270928355929
-0.9825523092367554
-0.9807098298615955
-0.9787961644062539
-0.976808985702565
-0.9747529256614387
-0.9726253636277455
-0.9704261160807386
-0.9681491946289631
-0.9658047108659282
-0.9633853289195846
-0.9608952564843811
-0.9583328742852766
-0.9556980099932186
-0.9529943114347459
-0.9502120474478275
-0.9473565954808025
-0.9444277510344552
-0.9414253096095697
-0.9383490667069294
-0.9352060743946282
-0.9319769620287159
-0.9286588952479615
-0.9253103168989574
-0.9218591337927631
-0.9183283502262247
-0.9147179534393972
-0.911027930672331
-0.9072582691650712
-0.9034089561576817
-0.8994799788902057
-0.8954754101930362
-0.8913851826151618
-0.8872121716443724
-0.882970752348724
-0.8786506741432643
-0.8742488803499819
-0.8697661810720492
-0.8652036177132292
-0.8605602528425931
-0.8558533038942526
-0.8510591618740304
-0.8461815529082504
-0.8412374904407156
-0.8362373428559233
-0.8311710034565838
-0.8260349020896252
-0.8208362282380595
-0.8155783135579213
-0.8102556903149587
-0.8049006484237227
-0.7994983535807538
-0.7941896704756677
-0.7887489111728625
-0.7832780190878559
-0.7777797726292746
-0.7722564327767047
-0.766709585119973
-0.7611432966714973
-0.7555608810404988
-0.750039378792744
-0.7444892498095323
-0.7388675725392977
-0.7332505347463432
-0.7276929860530839
-0.7221379153583949
-0.7165876603961654
-0.7110445589002943
-0.7055109486046693
-0.6999771588736738
-0.6944585952328524
-0.6889578486000771
-0.6834707303008747
-0.6780124893320894
-0.6725761802881767
-0.6672361665962199
-0.6618616583965626
-0.6564736516859311
-0.6511516821577015
-0.6458566598506734
-0.6405892519811234
-0.6353538481129073
-0.6301441704052686
-0.6250106349094859
-0.6198500637972004
-0.6147222858415233
-0.6096276956226072
-0.6045666877206219
-0.599539656715725
-0.5945469971880799
-0.5895891037178438
-0.5846663708851843
-0.5798351253778535
-0.5749838503323028
-0.5701540446087425
-0.565373841324941
-0.5606324460173662
-0.5559224127944753
-0.5512536024421291
-0.5466206716301385
-0.5420237025003733
-0.5374627771947309
-0.5329379778550778
-0.5284493866233007
-0.5239970856412843
-0.5195811570509039
-0.5152016829940487
-0.5108587456125906
-0.5065863126318471
-0.5023090874988352
-0.49806882313491707
-0.49378614598208337
-0.4896173352155131
-0.48547725196468416
-0.48137190272563535
-0.47730115272266405
-0.47324894002932094
-0.4692471600607173
-0.46527962597670447
-0.46134620675822546
-0.4574467713862296
-0.45358118884164744
-0.44975302860227906
-0.44595272809714825
-0.4421856895027112
-0.43840989345641423
-0.4348652638605661
-0.43119314618259663
-0.4275530855844405
-0.42394481003208995
-0.4202210063408476
-0.41667069291632797
-0.41315839603371174
-0.40967666872334796
-0.4062252931551127
-0.40280405149888754
-0.39942471162838267
-0.3960453512988438
-0.39265568147464913
-0.38937357743963585
-0.38610567187927236
-0.3828628683104478
-0.3796450437597185
-0.3764520752536309
-0.37334566052063023
-0.37021653708258917
-0.367113614148985
-0.3640368556840756
-0.36098622565211946
-0.35796168801737416
-0.35496320674409443
-0.3519907457965421
-0.34904426913897213
-0.34623361630677696
-0.343321511888079
-0.34041281031883086
-0.33758153198094565
-0.334774504159407
-0.3320058064477589
-0.32924805836390414
-0.32651369186953816
-0.32380267904948346
-0.3211149919885461
-0.31845060277154524
-0.31580948348329496
-0.31319160620861264
-0.3105969430323068
-0.3080254660392001
-0.30551164771895234
-0.3029872951629351
-0.300486253905639
-0.2980085820473861
-0.2955543376885008
-0.29309051322448787
-0.2906808746667
-0.2882917357146879
-0.2859228488567156
-0.28357396658104794
-0.2812418641760903
-0.2789355543363148
-0.2766494449938435
-0.274383350665258
-0.27213708586713836
-0.26991046511606154
-0.2677033029286131
-0.2654821067535098
-0.26330791067804116
-0.26115460294347104
-0.25902181964774273
-0.2569091968887951
-0.2548163707645643
-0.2527682880099369
-0.25077709280029503
-0.24874767622826677
-0.24673654613349516
-0.24474349983450772
-0.2427683346498346
-0.24080539983353932
-0.23886276532333683
-0.236935945041024
-0.2350249292463984
-0.23313928583103127
-0.23126562912806015
-0.2294083228456718
-0.22756737351606127
-0.22574278767142575
-0.22393457184395582
-0.2221427325658496
-0.22036727636929954
-0.21859699596870408
-0.21685234090874328
-0.21512230564052637
-0.2134026302266766
-0.21169092217342667
-0.2100040056532677
-0.2083316064519044
-0.2066737193122885
-0.2050303389773731
-0.2034014601901104
-0.2017870776934524
-0.20018478089744596
-0.19860433417248358
-0.1970327932835374
-0.19547468050897177
-0.19392994629398297
-0.1923985410837663
-0.19088041532351696
-0.18936565853475262
-0.18787629347454815
-0.18641267872779754
-0.18494608719281025
-0.18349293919050824
-0.1820369241721922
-0.18060993250480228
-0.17919526551400544
-0.17779303602715335
-0.17640301177235407
-0.17502506531718964
-0.17365906922923569
-0.17230489607606658
-0.1709624184252626
-0.16964014997524224
-0.16831399682696668
-0.1670031588806079
-0.16570282676834014
-0.16441293635892662
-0.1631334235211307
-0.16188242429855026
-0.16060943126563376
-0.15936221046241594
-0.15812532115510503
-0.15689874767861522
-0.15568247436786153
-0.15447648555775717
-0.1532807655832149
-0.15209529877915173
-0.15092006948047987
-0.14975506202211342
-0.14858367210345658
-0.1474402683899496
-0.14630632246567876
-0.14518114190528975
-0.14406503084286537
-0.14296485236318812
-0.1418683304531163
-0.1407805161333643
-0.13970138287183487
-0.13863090413642987
-0.137565042733923
-0.13651037614470396
-0.13546591099498606
-0.1344299639164751
-0.13340876974464533
-0.13237229091067504
-0.13136164783277304
-0.13035929108046385
-0.12936514348428385
-0.1283791278747698
-0.1274011670824574
-0.12643118393788333
-0.12546910127158217
-0.12451484191409168
-0.12356832869594692
-0.12262948444768484
-0.12169823199984053
-0.12077449418295194
-0.11987069523308613
-0.11895049054884732
-0.11804777158486301
-0.11715115753883754
-0.11626522154294938
-0.11538496280158195
-0.11451163544225373
-0.11364515467976244
-0.11278543572891042
-0.11193225471041712
-0.11108629819520932
-0.11024688554350559
-0.1094139282676474
-0.10858733787997854
-0.10776702589283993
-0.10695290381857647
-0.10614488316952908
-0.10534719491884043
-0.1045555417302611
-0.10376780912030414
-0.10298609977544348
-0.10221040831634098
-0.1014334275197577
-0.10066900961158698
-0.09991052673574852
-0.0991579655831612
-0.09841131284474569
-0.0976705552114212
-0.09693567937410635
-0.09622334554519774
-0.09549148795791995
-0.09476589747213604
-0.09404836410272938
-0.09334601492018091
-0.09264261050900124
-0.09194517093511917
-0.09125352594635217
-0.09056750529051699
-0.08988693871543058
-0.08921165596890968
-0.08854148679877238
-0.08787626095283424
-0.08721580817891333
-0.08655995822482632
-0.0859090035622117
-0.0852619739278449
-0.08461905715381313
-0.0839800844727896
-0.08334488711744548
-0.08271329632045382
-0.08208514331448735
-0.08146717946493148
-0.08085321642129917
-0.08024362265177898
-0.07963841521258525
-0.0790375484740164
-0.0784409768063728
-0.07784865457995271
-0.07726534064336954
-0.0766816051864031
-0.07610212807822364
-0.07552664897994188
-0.07495507702213083
-0.07438732133536141
-0.07382329105020635
-0.07326289529723806
-0.07270604320702795
-0.07215208006881069
-0.07159952014940196
-0.07105659720076657
-0.07051739480833452
-0.0699818814847063
-0.06945002574248166
-0.06892179609426041
-0.0684117914452278
-0.0678894107562264
-0.06737035724013563
-0.06685464001919234
-0.0663422682156325
-0.06583325095169135
-0.06532759734960647
-0.06482531653161278
-0.06433028002158753
-0.0638338473591678
-0.06334083383276018
-0.0628500420188498
-0.06236413582559386
-0.06188158310363501
-0.06140233269279943
-0.06092633343291248
-0.060460010381842344
-0.05999217765261339
-0.0595273482849179
-0.059065510885359884
-0.05860665406054233
-0.058156806842955544
-0.057704403852093855
-0.0572548971461076
-0.05682973818023407
-0.05638616812785535
-0.05591838653418063
-0.055480383237711595
-0.05504497337041103
-0.05461213493808498
-0.0541771149963311
-0.053749479842994385
-0.05332446384892897
-0.05290203631488832
-0.05248216654162757
-0.052064823829901546
-0.05164997748046399
-0.051237596794070306
-0.0508276510714743
-0.05042433567653265
-0.05002015090264547
-0.049618572169082165
-0.049219337972200045
-0.04882248977999426
-0.04842806906045985
-0.048035760663730886
-0.047646717906649316
-0.047260131493312346
-0.046875696248192544
-0.04649389061821518
-0.04611448472381835
-0.04573750866134246
-0.045361522911235685
-0.04498792920921135
-0.04461654471532406
-0.04424732884901003
-0.04387975586652798
-0.043514390433136596
-0.043151098578324165
-0.04278985583585321
-0.042430637739485744
-0.04207341982298324
-0.04171725953135891
-0.04136380837305206
-0.04101237006614675
-0.040663776260185636
-0.040316775214747164
-0.03997161922208456
-0.03962989916926263
-0.039288347985041217
-0.0389472892076512
-0.03861002122483004
-0.038274389492270716
-0.037940391880996016
-0.03760802626202803
-0.03727729050638948
-0.03694818248510329
-0.0366219811313899
-0.036296324956313714
-0.03597233897877922
-0.03565001299699261
-0.035329336809159256
-0.035008967843785294
-0.03468975785854023
-0.03437317509005178
-0.03405883456474812
-0.03374605815484519
-0.033434835909304156
-0.0331251578770857
-0.03281849182506316
-0.03251110183153985
-0.03220492169726724
-0.031901508336568046
-0.0315987748518437
-0.03129798122313501
-0.030998583392707474
-0.030700565881035535
-0.030403913208593536
-0.030108609895856675
-0.02981464046329943
-0.029521989431395723
-0.029230641320621448
-0.02894190887105308
-0.02865322300084802
-0.0283677557958123
-0.02808162329081132
-0.02779441437858779
-0.02751062457535486
-0.027226598362608906
-0.02694543162330132
-0.02666543097330054
-0.02638658450923906
-0.026108880327748912
-0.025832306525461243
-0.02555685119900855
-0.025282502445022517
-0.02500924836013553
-0.02473707704097905
-0.024465976584184854
-0.024195935086385387
-0.023926551050111933
-0.02365860905713625
-0.02339191558711859
-0.023125977265343434
-0.022861143710375925
-0.02259736639407736
-0.02233442427377519
-0.022072457369887888
-0.021811452618203025
-0.021551396954507723
-0.021292277314588964
-0.02103408063423394
-0.020776793849229952
-0.02052115052050557
-0.020265847527869266
-0.020012258120526094
-0.01975908944266906
-0.019506623521566763
-0.0192540266862639
-0.01900081669195365
-0.01875117474758889
-0.01850147699182203
-0.018253268401427797
-0.01800569377744264
-0.01775860982655933
-0.01751252851000118
-0.017267200032883637
-0.01702261091213758
-0.016778747664694726
-0.016535596807485217
-0.016293144857440406
-0.016051378331491242
-0.015810283746568468
-0.015569847619603325
-0.015330377239653331
-0.01509078026357838
-0.014851763882597346
-0.01461332013369629
-0.014375441053860682
-0.014137539096391122
-0.013901181588468883
-0.013665402809788688
-0.01343017944766213
-0.013195588626895752
-0.012961565511466981
-0.012728082126824337
-0.012495134245003203
-0.01226271307281486
-0.012030789133649182
-0.011799393536336307
-0.011568335298748442
-0.011337928618095502
-0.011108005158892265
-0.010878556173244291
-0.010650276592442429
-0.010420894092174643
-0.01019282646079462
-0.009964985527367132
-0.00973764805047276
-0.009510724562935655
-0.009284174513618251
-0.009058063022692929
-0.008832339270603257
-0.008606991961864943
-0.00838200980099367
-0.008157381492505021
-0.0079331087753719
-0.00770914806612074
-0.0074855097427193595
-0.007262182538768341
-0.007039130819717486
-0.006816391295397677
-0.00659395426993855
-0.006371787575181309
-0.006149888852886667
-0.005928245674259418
-0.005706849238808907
-0.005485690746044401
-0.00526459659768248
-0.005043881443168835
-0.004823374473441392
-0.0046030671429919436
-0.00438294267004995
-0.004163010175321339
-0.003943383843982583
-0.0037237508813400544
-0.0035042711994154076
-0.003284938070313912
-0.0030657336886911937
-0.0028466942651083817
-0.0026277711687850824
-0.0024089393260892204
-0.0021902652612422052
-0.001971600264921155
-0.0017530320101853247
-0.0015345592157397538
-0.0013161531616406163
-0.001097803623285789
-8.795003760729688E-4
-6.612331954001984E-4
-4.4299185666540246E-4
-2.2477069532750912E-4
-6.554697331900338E-6
