1501
6.499368182074367E-6
2.25839678859849E-4
4.451349107478272E-4
6.646168037215167E-4
8.840183445711714E-4
0.001103458734237595
0.0013228742575269103
0.0015424002216498367
0.001761988109404873
0.0019816472068319435
0.0022013867999709866
0.0024212161748620453
0.0026411351874596877
0.002861177554530532
0.0030813312774513914
0.003301605717648804
0.0035220102365492965
0.0037426497152306254
0.003963351954795573
0.004184159739296402
0.004405180964786485
0.004626374014326702
0.004847751086106293
0.005069324378314602
0.005291106089140955
0.005513108416774604
0.005735343559404783
0.005957767970064611
0.00618051385877412
0.0064035826185924564
0.006626879028423266
0.006850503826436517
0.007074354430713109
0.007298500720483117
0.007522953952775836
0.007747725384620617
0.007972884581949953
0.008198320949756865
0.008424100252867786
0.008650232372145183
0.008876727188451589
0.009104081852481252
0.009331404114413536
0.009558545513456404
0.009786611569537432
0.010015084746099044
0.010243974946985139
0.01047331588678712
0.010703054105271101
0.01093320167878558
0.011163790558698136
0.011394933100145346
0.011626433614156412
0.011858426525985274
0.012090924210319334
0.012323978862562798
0.012557558406394081
0.012791673290050876
0.01302633396177097
0.013261550869792166
0.013497314012387171
0.013733686633334435
0.01397064178872845
0.014208230007985004
0.014446436463386142
0.014685256532059848
0.014924656894502814
0.015163829854840535
0.015405395375685443
0.01564676756140801
0.015888798328426823
0.016131499074175354
0.01637494415254237
0.01661901003115393
0.01686369754032234
0.017109169194644794
0.017355327641733212
0.01760222969324869
0.01784950057542123
0.018098006421044546
0.018347279968541047
0.018597392179856162
0.018848357755783945
0.01910019139711855
0.019352907804654054
0.019606209548313075
0.01986010000835721
0.020115463703860234
0.020372118351172086
0.02062916563641537
0.020887075133312866
0.021145859978300804
0.0214055333078155
0.02166610825829321
0.021927597966170165
0.022190015567882623
0.022453374199866913
0.022717686998559236
0.02298296710039585
0.02324948409513658
0.023516785116085515
0.02378510477810776
0.02405711967665372
0.024327568231140795
0.024596282585864784
0.024868647159891816
0.025142124584593736
0.025416726247457416
0.02569246353596967
0.025969347837617257
0.02624739053988699
0.026526603030265716
0.026807536712818325
0.02708916549786275
0.027372019286803884
0.02765611276327587
0.02794146061091285
0.02822807751334888
0.028515978154217886
0.02880517721715406
0.029096877523280384
0.02938871479771657
0.029681231647619516
0.029975821177198853
0.030271762465795715
0.03056907128337194
0.030867763399889447
0.031167854585310295
0.03146936060959629
0.031772197892475845
0.032076564713430095
0.032382265904905755
0.03268940073702273
0.03299798856852612
0.033307648316460436
0.0336197150376156
0.03393304764063809
0.034247937879790635
0.03456440607185249
0.03488247253360291
0.035202157581821214
0.03552348153328655
0.03584646470477795
0.03617112741307493
0.03649748997495669
0.03682460844363061
0.03715642790786894
0.03748795443642572
0.037821184394341706
0.038156136473659785
0.03849212843252242
0.03883058958496344
0.03917083697220872
0.03951289403859895
0.03985678422847502
0.04020253098617804
0.0405501577560487
0.04089968798242796
0.04125114510965658
0.041603921917955144
0.041959415124894206
0.042317312574563754
0.04267696455850184
0.04303867090139904
0.043402992301937976
0.04376864012632295
0.04413618304108191
0.0445060555230129
0.044878038984405955
0.04525215419708778
0.04562585649929496
0.04600469672050908
0.046385717375248436
0.04677076121341689
0.04715626997927111
0.047544042963096556
0.04793409892999634
0.048326456645073596
0.04872113487343127
0.04911815238017239
0.04951752793040032
0.04991928028921794
0.050323428221728334
0.05072982041785573
0.051139731630000795
0.05155120777144481
0.05196523144498327
0.0523825384603962
0.05280247152859982
0.0532250547853127
0.05365099927031042
0.05407879898206114
0.05450930563085893
0.054942547885117154
0.05537855441324924
0.055817353883668985
0.05625991373607486
0.05670448786887117
0.057154454738723104
0.05760213386227081
0.05805533564085852
0.058508282393701316
0.058967558954138743
0.059429841371439696
0.05989516059189076
0.06036354756177842
0.06083503322738926
0.0613096485350097
0.061787424430926885
0.06226839186142702
0.06275258177279641
0.0632400251113221
0.06373004094667895
0.06422414019353301
0.06472198262171414
0.06522305127014116
0.06572746057871703
0.06623841984220663
0.06674819072236404
0.06726326699837398
0.06778046186372622
0.06830234700895282
0.06882782057936443
0.06935523867618099
0.06988795562871436
0.07042431463112953
0.07096435628637165
0.07150812119738587
0.07205564996711722
0.07260698319851089
0.07316544216114229
0.07372521462048309
0.07428954789773068
0.07485787066421551
0.07543022287137457
0.07600664447064526
0.07658717541346521
0.07717152833196422
0.07776037857783963
0.07835345478411032
0.07895079770178254
0.079554383211634
0.08016444661286415
0.08077500354007838
0.0813859973066911
0.08200533208922556
0.0826274178777231
0.08325642056427363
0.0838900278541464
0.08452829414481472
0.08517127383375184
0.08581902131843161
0.08646965359320224
0.08712703768494884
0.08778931229672682
0.08845652687825895
0.08913885273425226
0.08981649533580316
0.09049916462308288
0.09118247679646474
0.0918751531128027
0.09257309319153978
0.093276349240068
0.09398541276818584
0.09469945273825142
0.09541896305873099
0.0961439966306793
0.09687460635515177
0.0976085033228532
0.0983502698214826
0.09909779484461018
0.0998506056518087
0.10060988834748241
0.10137509691267887
0.10214629408672843
0.1029266405630535
0.10370972566001618
0.10449891229224734
0.10529260699026666
0.10609749178550443
0.10690645174614133
0.10772179453330588
0.10854357140907689
0.10937183363553393
0.1102066324747566
0.11104776376968561
0.11189546972255882
0.11274981801406248
0.11361086221136396
0.11447346661192215
0.11534869002241444
0.11623080073778924
0.11711988509933247
0.11801726929368772
0.11892086229907772
0.11983170587517944
0.1207498903835128
0.12167550618559908
0.12260864364295909
0.12354939311711322
0.12449784496958294
0.12545408956188864
0.12642065978340822
0.12739191411575734
0.12837108894473837
0.12936268149925834
0.1303567263753045
0.13136034968068933
0.1323609805024477
0.1333822751696968
0.134411967846797
0.13545015479084188
0.1364969322589238
0.1375523965081351
0.13861664379556826
0.13968977037831587
0.14077187251347045
0.14186304645812509
0.14296338846937118
0.1440729314920811
0.14519169042355262
0.1463199229193085
0.14747098018475369
0.14861800594944674
0.14977479383543235
0.15092978746126884
0.1521061204303723
0.15329245250947543
0.15448734518002316
0.1556936678643679
0.1569101181575664
0.15813680919678363
0.1593738541191857
0.16062136606193778
0.16187945816220517
0.16314824355715352
0.16443022741374347
0.16572197488876828
0.1670298238391058
0.16834353972342142
0.169675834783507
0.17099602507856304
0.17234284865705973
0.1736994124480169
0.17506947197250788
0.17645131076335574
0.17784504548919833
0.17925172499155062
0.18067050282786445
0.18210151898569116
0.18354489042409827
0.185000734102153
0.1864691669789229
0.18795030601347562
0.18944426816487714
0.19096755492255335
0.192486239378846
0.19403285870456188
0.19556248625075023
0.19712221618610704
0.1986952981221688
0.20027258441145268
0.20187410664354433
0.20348956296855458
0.20511908282039082
0.20676279563296196
0.20842038562447784
0.2100987911112251
0.2117867461681966
0.21348952686762446
0.21520733134055092
0.21694024163787717
0.21868845267940895
0.22045212261997504
0.22223140961440646
0.22402960050527487
0.2258415624746224
0.22766958806308346
0.22952363677773224
0.23136872798562869
0.23324807276851067
0.2351438588217778
0.237056255873052
0.23897183518610432
0.24092012143053387
0.24288539853288427
0.244867855782261
0.24686768246777158
0.24888506787852083
0.25092020130361514
0.25297327203215914
0.2550444693532603
0.2571359471532304
0.25927419932406703
0.2614089706499261
0.26362658369888026
0.265791289765114
0.2679881175719716
0.2700877187510564
0.27231016193472124
0.27455259451068503
0.27681949162950925
0.2791033834118106
0.2814076626196369
0.28373257797098694
0.28607837818385984
0.2884292877677286
0.29081753312840175
0.2932273151478373
0.2956515509759279
0.2981066864248816
0.3005840275974849
0.3030837644606599
0.3055999909340563
0.3081377517695798
0.3107069930005466
0.3132989892113258
0.31591393787112443
0.3185520364491481
0.3212171770475376
0.3239026735080126
0.32661194306756736
0.32934521721380494
0.332102727434332
0.3348847052167536
0.337691382048674
0.34052022378497937
0.34337167766281107
0.34624851157752756
0.34914977582733053
0.3520992075249114
0.3550575009008483
0.35804775892549356
0.3610644729056527
0.36410790578114516
0.36718791389844485
0.3702870176661919
0.3734134242582978
0.37656734978643036
0.3797526597089207
0.3829931858349034
0.3862318536192184
0.3894991493281903
0.3927734895148953
0.3960958027338144
0.39944700493760865
0.4028273457897005
0.4062370749535156
0.409676442092479
0.4131300714236774
0.4166320909109249
0.4201637206777602
0.4237251544693681
0.42730257561518625
0.4309249265676214
0.4345777872128529
0.43826127773815093
0.4419843431979962
0.44572827655612435
0.44950351163660685
0.4533091154430773
0.4571527527813877
0.46102738802624454
0.46493370041040594
0.4688750850978374
0.4728482632474229
0.47685340612127414
0.4808972114456198
0.4849127124847086
0.4890210116113729
0.4931612751430614
0.4973405473185597
0.5015434985908089
0.5057795481044658
0.5100488022932188
0.5143513675907561
0.5186873504307661
0.5230568572469365
0.5274599944729546
0.5318725461963543
0.5363394769904781
0.5408456844672531
0.5453748093892843
0.5499368259392146
0.5545316865562335
0.559159343679533
0.5638197497483026
0.5685120788775841
0.5732263089156455
0.5780041544095718
0.5827940825685869
0.5876132780480212
0.5924855775660731
0.5973517354997497
0.6022475439146247
0.607172652678651
0.6121267116597799
0.617109370725966
0.622120279745157
0.6271590885853091
0.6322254471143731
0.637319005200303
0.6424641063746388
0.6475890228907133
0.6527795081417458
0.6579540470469354
0.663152418229326
0.6683858367321407
0.6736331016127144
0.6788984559143576
0.684180121701929
0.6894763210402868
0.6947852759942896
0.7001052086287958
0.705434341008663
0.7107708951987473
0.7161130932639104
0.721459157269007
0.7268073092788976
0.7320561222686188
0.7373817048605171
0.7426982695715658
0.7480039920867325
0.7532970480909902
0.7585819678105694
0.763843462201542
0.7690620088796125
0.7743051095964493
0.7795202402809398
0.7847031252125931
0.7897437234690066
0.7948896861822385
0.8000096897175872
0.8050958807087745
0.8101404057895225
0.815135411593555
0.8200730447545932
0.8249454519063524
0.8297261451616471
0.8344423610917726
0.8393235337038698
0.8439902066739666
0.8485845965542702
0.8531096058380405
0.857570818361514
0.8619589758197619
0.8664513336492496
0.8705359608417083
0.874699490062004
0.879037300413565
0.8831177119889739
0.8871249697403547
0.8910700304509396
0.8948853385940208
0.898684221425663
0.9024096243530275
0.9060043441664334
0.9095655551701656
0.9130534574248941
0.9166966764133972
0.920078914477763
0.9233597248886207
0.9265435828332826
0.9296987224090199
0.9327841040126348
0.9357957606772667
0.9387300921560762
0.9415909418629198
0.9443785817294286
0.9470904870231127
0.949730877290552
0.9522986783818981
0.9548059709153023
0.9572284621849354
0.9595787419364594
0.9618567721901456
0.9640611757676698
0.9661926587486347
0.9682517665506376
0.9702384245309901
0.9721525580470107
0.9740132795557042
0.9757773318762073
0.977473603452796
0.9790976393715143
0.9806493372575007
0.9821285947359089
0.9835079015644714
0.9848457716317576
0.9861124883483132
0.987317176040964
0.9884264959498719
0.9894503981208471
0.990414455877751
0.9913043230537308
0.9921197225461462
0.992860377252363
0.9935260100697416
0.9941180454370331
0.9946353224242515
0.9950763974609265
0.9954409560417483
0.9956840464656604
0.9958800383822073
0.995996618134618
0.9960333191883937
0.9960046309956825
0.9958786568729447
0.9956706041998187
0.9953816725879605
0.9950071463254435
0.9944792268854865
0.9939158189074346
0.9932824742320703
0.992597587749918
0.9918037691254691
0.9909277849321336
0.9899663610248366
0.9888819363317953
0.9877448973747152
0.9865197898746612
0.9852059011443979
0.983802518496681
0.9823089292442742
0.9807244206999348
0.9790482801764293
0.9772796515559765
0.9753998978260627
0.9734224609912774
0.9714340797286551
0.9692594467274622
0.9669850596295877
0.9646100376165272
0.9621334998697675
0.9595545655707971
0.9567532302319526
0.9539619572750766
0.9510665764455943
0.948066293482861
0.9449603141262273
0.9419106803823256
0.9386061053566612
0.9351411265600733
0.931533515865147
0.9278603787199184
0.9241092348091495
0.9202156334361309
0.9162081781696649
0.9120851255180327
0.9078447319895426
0.9034852540924732
0.8990049483351248
0.8944020712257821
0.8896748792727447
0.8848216289842981
0.8798405768687436
0.874817784497333
0.8695395567760205
0.8641643384398341
0.8587736520456497
0.8532032609730287
0.84752862942885
0.8417129788323914
0.835772249841809
0.8297074894532761
0.8235197446629599
0.8172100624670291
0.8108008540667058
0.8042555567250034
0.7975913512998511
0.7908083057388815
0.7839064879897242
0.7768299223461543
0.7697094450228903
0.7624799809901122
0.7548786489661001
0.7474166848218706
0.7398979376863561
0.7322098516302287
0.7244162627924515
0.7166707318597032
0.7086653334889554
0.7005579190271405
0.6923497959017961
0.6840422715404655
0.6756366533706863
0.6671342488200027
0.6585363653159497
0.649806926218373
0.6410191931397815
0.6321415154085788
0.623175606136285
0.6141274077622239
0.6051232628685614
0.595933899332719
0.5865658184800155
0.5772302561217231
0.5679063587378428
0.5584092573518893
0.5488396612796143
0.5391993177067844
0.5294899738191896
0.519713376802593
0.5098712738427773
0.4999654121255199
0.48995392566559204
0.47992278409847877
0.469771537865177
0.4596154219298594
0.44951267729017985
0.4392507796331966
0.428935669331465
0.4185656848341619
0.4081605298729567
0.39769170962253053
0.38717677552710406
0.3766169975035982
0.3660136454689429
0.35536798934006164
0.34468129903387634
0.3339548444673106
0.3231898955572934
0.31239114850132577
0.3015523914684106
0.29067915517880305
0.2797529185622736
0.26881353944486364
0.25784332058447834
0.2468434975839786
0.23581530604621292
0.2247599815740502
0.21367875977033357
0.20257287623792042
0.1914073175661004
0.18025576428803625
0.16908105204011292
0.15789255154232418
0.14668681217918333
0.13546283060055497
0.12422967690156472
0.11298199029433231
0.10172652160205242
0.09045647796112721
0.07917415430031127
0.0678806800794387
0.056572712849855655
0.04525654078079988
0.033942597039590794
0.022624984462158437
0.011304875072404741
-1.6559105771030147E-5
-0.011349708772081968
-0.02268511197579759
-0.03400111529863814
-0.04531219933219077
-0.05661699364647976
-0.06791412781153916
-0.07920223139738436
-0.09047993397405474
-0.10174586511155859
-0.11300765917713385
-0.1242589694918248
-0.13549579394427713
-0.1467181394516679
-0.157924715470533
-0.169114231457403
-0.18028264340444178
-0.19143258432958543
-0.20256147019203308
-0.2136680012623806
-0.22475087781122216
-0.23577385681356944
-0.24679792137985412
-0.25783154791190377
-0.2687945146507067
-0.279727954924355
-0.29063045790961883
-0.301500612783272
-0.3123417405325233
-0.3231424490228578
-0.33390670016119994
-0.344633054639492
-0.3553200731496542
-0.3659663163836271
-0.3765703450333371
-0.3871313344256926
-0.39765858759938855
-0.4081291554625741
-0.4185522620262834
-0.4289251897695987
-0.43924620806224546
-0.44951358627395877
-0.45972559377446753
-0.4698804999334989
-0.4799765741207933
-0.49001208570607435
-0.4999425523033887
-0.5098619360055423
-0.5197029474292378
-0.5294785620843845
-0.5391865962213407
-0.5488260701104695
-0.5583954899942656
-0.5678933621152034
-0.5773181927157829
-0.5866684880384909
-0.5959427543258098
-0.6051394978202334
-0.6142572247642502
-0.6232063292744972
-0.6321172238171675
-0.6409746494675224
-0.6497513763993306
-0.6584289457797778
-0.6670170979339769
-0.6755123975115556
-0.6839133669822193
-0.6922185288156752
-0.7004264054816289
-0.7085355194497875
-0.7165443931898539
-0.724451549171536
-0.7322555098645394
-0.7398685818893052
-0.7474304897338442
-0.7549072786662316
-0.762245743879828
-0.769474292051326
-0.7766191480569482
-0.7836344594085496
-0.7905366214275773
-0.7973248898960881
-0.8036828521569861
-0.8103102811592882
-0.8168074703710557
-0.8231748120318931
-0.8294126983814145
-0.8355215216592198
-0.8415016741049124
-0.8474187044402957
-0.8531132501352774
-0.8586933765881861
-0.8640611476518671
-0.86949453237263
-0.874707675297655
-0.8797745606852763
-0.8847984234138329
-0.8896435859745706
-0.8943650214427192
-0.898963878849635
-0.9034413072266627
-0.9077984556051559
-0.9120151099449743
-0.916137938889773
-0.9201426037516978
-0.9240301536207562
-0.9278016375869536
-0.9314817897443852
-0.9350293581409046
-0.9384655985618107
-0.9417881249057656
-0.9450003449644315
-0.9481190234775001
-0.9511574205425095
-0.954047507016889
-0.9568323211147804
-0.9595128688985186
-0.9620901564304409
-0.9645651897728884
-0.9669389749881949
-0.9692125181386979
-0.971346999948353
-0.973427439005671
-0.9754094940422604
-0.9772941515795068
-0.9790823981387993
-0.9807752202415196
-0.9824093268325491
-0.9838766881983192
-0.9852867054509389
-0.9866060838226032
-0.9878348344414078
-0.9889739250798568
-0.9900243235104309
-0.9909869975056296
-0.9918629148379443
-0.9926530432798684
-0.9933583506038888
-0.9939798045825023
-0.994518372988205
-0.9949750235934838
-0.9953043170968519
-0.9955780434336887
-0.9957951231704589
-0.9959105253625387
-0.9959495682291966
-0.9959572866648871
-0.9958223412038487
-0.9956180661307084
-0.9953375120401722
-0.9949809048820173
-0.9945484706060155
-0.9940404351619376
-0.9934570244995653
-0.9928004246747468
-0.9920668801244279
-0.9912585549473674
-0.9903780803699709
-0.9894099335351507
-0.9883761153533417
-0.9872675703469227
-0.9860843954561362
-0.9848266876212204
-0.9834915693710586
-0.9820889926657781
-0.9806114422710985
-0.9790522665994503
-0.9774248738656048
-0.9757236952823858
-0.9739479017602406
-0.9720977760658807
-0.9701930813178015
-0.9682050727979945
-0.9661448674694517
-0.9640110028588547
-0.9618056432508153
-0.9595273100262496
-0.9571757552750704
-0.9547489166826111
-0.9522516112133594
-0.9496784418911428
-0.9470311520724577
-0.9443128891323234
-0.9415263229282065
-0.9386678113467779
-0.9357370236630356
-0.932733629151973
-0.9296532395135886
-0.9264994772299193
-0.9232735581978995
-0.9199751859997596
-0.9166040642177293
-0.913159896434034
-0.9096446920461378
-0.9060906378730493
-0.90243090526464
-0.898697066710807
-0.8948814199444675
-0.8909976507442403
-0.8870497019407768
-0.8830299634502392
-0.8789491893518204
-0.8748008754232339
-0.8705838887487145
-0.8662970964124987
-0.8619378829891984
-0.8575007136901189
-0.8529915503085199
-0.848409572254285
-0.8438468406952757
-0.8391593764689462
-0.8344517737936843
-0.8296935012573385
-0.8248753458112104
-0.8200079245505454
-0.8151246817240976
-0.8101675285979382
-0.8051687084618715
-0.8001190654536248
-0.7949573534180239
-0.7899020208838703
-0.7846510395751363
-0.7794463316406333
-0.7743354247856904
-0.7690174485171015
-0.763760837712637
-0.7584873881008383
-0.7531963552507306
-0.7478979602055555
-0.7425904705164292
-0.7372762666907509
-0.7319577292359112
-0.7266372386593059
-0.7213171754683292
-0.7159999201703751
-0.7106878532728347
-0.7053189679199479
-0.6999737933635837
-0.6946618617515234
-0.6893379048527786
-0.6840558658233968
-0.6787987436677247
-0.6735339582633673
-0.6682773679534706
-0.6630545541014135
-0.6578529698835562
-0.6526728562950384
-0.6475144543310041
-0.6423780049865937
-0.6372637492569484
-0.632171928137208
-0.6270839953982881
-0.6220461402474879
-0.6170373872036277
-0.6120523399291837
-0.6070953187375578
-0.6022013902293257
-0.5972934085664265
-0.5924154139008024
-0.5875676845509608
-0.582750498835404
-0.577964135072643
-0.5732088715811812
-0.5684915755016546
-0.5638009081572384
-0.5591243779582125
-0.5544995874711409
-0.549903438986501
-0.5453395961750274
-0.540893944160632
-0.5363989284267987
-0.531835449735365
-0.5273750485691888
-0.5229801488798
-0.5186177511887555
-0.5142877832070334
-0.5099901726456153
-0.5057248472154803
-0.5014826375308847
-0.4972791180218801
-0.4931177712125816
-0.48898842688961786
-0.4848963771577752
-0.48082950924588275
-0.47682817338786077
-0.4728240659907619
-0.46885357185228704
-0.46491660736186935
-0.4610130889089352
-0.4571092799607124
-0.45326807103294886
-0.449458130376879
-0.44568009912675555
-0.44193348118217823
-0.43821809871362527
-0.43453377389157577
-0.43088032888651173
-0.4272575858689138
-0.4236801542035833
-0.42011499667894103
-0.41658980766036224
-0.41309467935083743
-0.409629400784306
-0.4061937609947126
-0.4027875490159978
-0.39941055388210556
-0.3960625646269773
-0.3927433702845542
-0.3894560397288873
-0.3861949612599227
-0.3829595519785791
-0.37975494355001294
-0.37658390294926525
-0.3734397102348672
-0.37031678200087903
-0.36722136594908616
-0.36414452848047585
-0.3611001932917399
-0.35808619882548953
-0.35509865677393027
-0.35213734901575067
-0.3492020574296406
-0.34628585594518135
-0.34340214013515347
-0.34054390751808006
-0.3377109557784004
-0.33487949703120856
-0.33209753307159096
-0.32934048988855547
-0.3266081475763407
-0.3239231667792468
-0.3212394727281269
-0.3185810798864499
-0.3159462515691469
-0.31333508693830625
-0.31074738660678025
-0.308171322377933
-0.3056297840627804
-0.3031109102635512
-0.30061524635127723
-0.2981397158129979
-0.29568558802763834
-0.29325263529751067
-0.2908437254094536
-0.28845643511365293
-0.28609006898129996
-0.28374510985901047
-0.28142124964278015
-0.2791181802286049
-0.2768355935124829
-0.2745731813904084
-0.27233063575837724
-0.2701076485123872
-0.26790638619402474
-0.2657184375276085
-0.26355346333708485
-0.26141278329437534
-0.2592771821943849
-0.25716965390055657
-0.2550677172683429
-0.2530012281873846
-0.2509523794140269
-0.24892105939135623
-0.24690715656246476
-0.2449105593704448
-0.2429311562583809
-0.2409688356693649
-0.2390234860464886
-0.23709499583284543
-0.23518131338027137
-0.23329178024842
-0.2314136495944643
-0.2295502222771817
-0.22770922874564747
-0.2258810917000107
-0.22406939203249343
-0.2222748839761799
-0.2204960414985213
-0.21873274047629265
-0.21698485678626822
-0.21525226630522198
-0.21353484490992747
-0.21183246847715786
-0.21014501288368737
-0.20847235400629083
-0.20680876293674544
-0.20516377500692895
-0.2035293477179948
-0.20190954524012172
-0.20030564636763915
-0.19871835373729807
-0.19714495392088094
-0.19558531006106183
-0.19403928530051606
-0.19250674278191604
-0.1909860812061126
-0.18948003320853202
-0.1879870938020448
-0.18650623491623652
-0.1850365380873107
-0.1835818373748932
-0.1821396470654646
-0.18072142785975442
-0.17930096087926373
-0.17787652406092658
-0.17648439060781484
-0.17510383839254595
-0.17373476421753697
-0.172377064885202
-0.1710306371979573
-0.16969537795821832
-0.16837118396840012
-0.16705795203091833
-0.16575557894819004
-0.1644875431105255
-0.16320569376372107
-0.1619193037381187
-0.16066086198641583
-0.1594106917297079
-0.15817092981161684
-0.156938340535559
-0.15572257826524327
-0.1545169517630539
-0.15332136982824685
-0.15213574126007678
-0.15095997485779933
-0.1497939794206702
-0.14863766374794363
-0.14749093663887658
-0.14635370689272265
-0.1452258833087382
-0.14411056546993628
-0.1430012085529211
-0.14190086868493423
-0.1408094446951773
-0.13972441765978272
-0.13865204655314545
-0.13758788389123866
-0.1365323533696332
-0.13548538262630339
-0.13444689929922338
-0.13341903538746047
-0.1323950966612074
-0.13138386106988553
-0.13038080449241352
-0.12938584758718596
-0.12839891101259604
-0.1274199154270379
-0.12644878148890604
-0.12548542985659383
-0.12452848908725045
-0.12361749814734024
-0.12267545282592418
-0.12174099241084779
-0.1207805990858476
-0.11986194932862915
-0.11894867804994413
-0.11804221799099235
-0.11714595396685912
-0.11625675307539896
-0.11537456632001364
-0.11449934470410439
-0.11363103923107243
-0.11276960090431942
-0.11191498072724726
-0.11106712970325727
-0.11022635444133921
-0.10939187341396128
-0.10856487285125649
-0.10774332111751889
-0.10692819609849619
-0.10611827422541209
-0.10531571378126353
-0.10451938091293861
-0.10372923434472442
-0.10294541370293875
-0.10216962046712341
-0.10139848399597234
-0.10063212002597965
-0.09987327963577486
-0.0991203414755451
-0.09837327694947012
-0.09763205746172832
-0.09689692046123222
-0.0961641700559403
-0.09543889157363039
-0.09471912610327021
-0.0940048173628325
-0.09329590907028867
-0.09259234494361046
-0.09190169731109504
-0.09120837975558271
-0.09052044061573017
-0.08983780878586267
-0.08915850392939634
-0.08848670927814228
-0.0878199308001078
-0.08715811191768058
-0.0865011960532468
-0.08584912662919403
-0.08520184706790918
-0.08455946928123315
-0.0839216623002415
-0.08328890767615688
-0.08266020278874969
-0.08203604577132656
-0.08141019425757445
-0.08079315591509895
-0.08018300029518521
-0.07957701036119386
-0.07897590428352091
-0.07837830137539908
-0.07778467665527722
-0.07719526366353696
-0.0766100547144195
-0.07602904212216688
-0.07545221820102055
-0.07487957526522221
-0.07431110562901339
-0.07375137598054188
-0.07319111803116285
-0.07263234461146478
-0.07208072473368538
-0.07153401253712294
-0.07098967958257496
-0.07044914189590207
-0.06991256657844086
-0.06937999808382272
-0.06885105132004099
-0.06832300085085313
-0.06780101016759077
-0.06728260073124437
-0.06676771526220077
-0.06625629648084619
-0.06574626265311301
-0.06524201796249762
-0.06474111122381082
-0.06424291207172661
-0.06374879715560477
-0.06325796616759422
-0.06277039351520175
-0.062286053605934255
-0.06180492084729777
-0.0613269696467989
-0.06085217441194429
-0.060380509550240935
-0.05991194946919476
-0.059446189749851885
-0.058984980074876625
-0.05852578594074298
-0.058069668084480774
-0.05761514819726221
-0.057166234171905694
-0.0567189827263776
-0.056272443449565945
-0.0558299119579157
-0.05539075829543011
-0.05495436201700599
-0.05452071238867551
-0.0540897986764709
-0.053661680718514404
-0.05323634553447887
-0.05281369693458479
-0.052393709150368034
-0.05197428066636742
-0.05156102644409413
-0.05114902595861953
-0.05074107852588369
-0.05033325700563568
-0.04992840606961127
-0.04952590770411036
-0.0491257374729224
-0.04872831044332615
-0.04833373663677068
-0.04794150496820826
-0.04755158915542218
-0.04716167588459205
-0.04677654478036891
-0.04639367390554555
-0.046013037141233504
-0.04563460836854338
-0.045258361468586916
-0.04488427032247444
-0.04451230881131776
-0.044142450816228
-0.04377467021831605
-0.04340894089869307
-0.04304523673847038
-0.042683531618759124
-0.04232576209939054
-0.04196816482622559
-0.04161250024072177
-0.041258588917214595
-0.04091656154451359
-0.04056656358984609
-0.04021843932436481
-0.039872167601332886
-0.03952772727401413
-0.039185097195671786
-0.03884425621956908
-0.03850518319896992
-0.038167856987137344
-0.03783225643733559
-0.037506262923856865
-0.03716247433359321
-0.03683269159772923
-0.03650318976604189
-0.03617588993307516
-0.03585104831146796
-0.03552753603197761
-0.035206566899975866
-0.03488714910006291
-0.034569281196723756
-0.03425296175444342
-0.03393804337462342
-0.0336250001047069
-0.03331320510769692
-0.03300289719861266
-0.03269418899011467
-0.0323869838884106
-0.03208126069956388
-0.03177706592760182
-0.031474225699657465
-0.03117345299579488
-0.030873061610201064
-0.030574384525177745
-0.03027708083421171
-0.029981536323753305
-0.029686949804878432
-0.02939369449742421
-0.029101756965002223
-0.028811123771224245
-0.028521781479702024
-0.02823371665404706
-0.027946915857871124
-0.027661365654785885
-0.027377052608403146
-0.027093497436746855
-0.026812416637986614
-0.026531797593352613
-0.026252393210891595
-0.025974614469287033
-0.02569749644851735
-0.025421488431520825
-0.025146582503783377
-0.02487277075079032
-0.024600045258027864
-0.02432839811098149
-0.024057821395136528
-0.023788264718338656
-0.02351981882019022
-0.023252426031855497
-0.022986098366189603
-0.02272077640990805
-0.022456696609321133
-0.02219348927270759
-0.021931219783299066
-0.021669874045356877
-0.021409437963142403
-0.0211498974409169
-0.020891238382941837
-0.020633446693478524
-0.020376422721446352
-0.020120278899808317
-0.019865360296280388
-0.019611040344196792
-0.019357555244770272
-0.01910489390189582
-0.018853045219468206
-0.01860199810138216
-0.01835225927864874
-0.018102814001696388
-0.017854078005142424
-0.01760623788812128
-0.017359154369205904
-0.017112816184853052
-0.016867212071519894
-0.01662233076566305
-0.01637816100373951
-0.016134691522206243
-0.015891755472400806
-0.015649724647484375
-0.015408395931851018
-0.015167561399613783
-0.014927584753039971
-0.014688136352844189
-0.014449190339649087
-0.014211056806684705
-0.01397340730948475
-0.01373646308238946
-0.013500110131971221
-0.013264272344152617
-0.013028986988380648
-0.012794243240835772
-0.012560030277698489
-0.012326337275149549
-0.012093153409369381
-0.01186065880065583
-0.011628496029946311
-0.011396815640637242
-0.011165608784308792
-0.010934881168617079
-0.010704732589956197
-0.010474937689266627
-0.010245580454760414
-0.010016652186806592
-0.009788144185773999
-0.00956004775203155
-0.009332349099107504
-0.009105058432397624
-0.008878152500976608
-0.008651592302739208
-0.008425390408882683
-0.008199588066017019
-0.007974127194669375
-0.007748998437420142
-0.0075241924368490976
-0.007299699835536452
-0.007075511276062145
-0.006851593881763318
-0.006627990857671087
-0.006404663128062281
-0.006181570742497613
-0.0059587721070359576
-0.0057362206113099855
-0.005513907259684266
-0.0052918420084627354
-0.005069974127893267
-0.0048483183343041095
-0.004626865230619243
-0.004405605419762704
-0.004184542344724505
-0.003963646582518632
-0.0037429144265827413
-0.0035223365460817987
-0.0033019036101810534
-0.0030816555001319315
-0.0028616003562654223
-0.0026415733429545497
-0.002421550516151977
-0.0022016725968478368
-0.001981701506771431
-0.001762120996780395
-0.0015425236214781238
-0.001322991528256168
-0.0011035151972494054
-8.840839003862611E-4
-6.646890266918688E-4
-4.453637245965341E-4
-2.2601726181628785E-4
-6.678038027343941E-6
